{
  "camera_data": {
    "location_worldframe": [
      -16.748968693346594, 
      4.398186407109045, 
      72.24702603380344
    ], 
    "quaternion_xyzw_worldframe": [
      -0.8532230521890943, 
      -0.03193258797244306, 
      -0.0549101958111084, 
      0.5176678211412031
    ]
  }, 
  "objects": [
    {
      "bounding_box": {
        "bottom_right": [
          519, 
          303
        ], 
        "top_left": [
          320, 
          125
        ]
      }, 
      "class": "003_cracker_box", 
      "cuboid": [
        [
          -20.710901496806525, 
          24.70185321470722, 
          56.441460379142846
        ], 
        [
          -36.987033207209855, 
          25.49344503412913, 
          54.56022817014154
        ], 
        [
          -38.91304502935259, 
          5.991826985041422, 
          63.01782351839855
        ], 
        [
          -22.63691331894926, 
          5.200235165619514, 
          64.89905572739984
        ], 
        [
          -21.32596864368891, 
          27.599175884476164, 
          62.98207283418187
        ], 
        [
          -37.60210035409224, 
          28.390767703898067, 
          61.100840625180574
        ], 
        [
          -39.52811217623498, 
          8.889149654810362, 
          69.55843597343757
        ], 
        [
          -23.251980465831647, 
          8.097557835388454, 
          71.43966818243888
        ]
      ], 
      "cuboid_centroid": [
        -30.11950683652075, 
        16.79550143475879, 
        62.99994817629021
      ], 
      "location": [
        -30.11950683652075, 
        16.79550143475879, 
        62.99994817629021
      ], 
      "pose_transform_permuted": [
        [
          0.0856639500818355, 
          -0.40352684387728605, 
          -0.9109488316732248, 
          0.0
        ], 
        [
          0.9922292071885142, 
          -0.04825719878513138, 
          0.1146841016334218, 
          0.0
        ], 
        [
          0.09023795242817462, 
          0.9136943301979327, 
          -0.3962572181118241, 
          0.0
        ], 
        [
          -30.11950683652075, 
          16.79550143475879, 
          62.99994817629021, 
          1.0
        ]
      ], 
      "projected_cuboid": [
        [
          284.26734859199627, 
          506.6961976806504
        ], 
        [
          117.04039013345347, 
          522.4818572678533
        ], 
        [
          149.53172198317924, 
          323.99534529470185
        ], 
        [
          294.02396312705594, 
          316.02039935793033
        ], 
        [
          299.5081338570526, 
          506.99083376300405
        ], 
        [
          150.65143302440512, 
          521.0957701102604
        ], 
        [
          176.00083014213934, 
          341.441572267424
        ], 
        [
          306.5671626668202, 
          333.737353044644
        ]
      ], 
      "projected_cuboid_centroid": [
        224.49865107983248, 
        415.4671283411429
      ], 
      "quaternion_xyzw": [
        0.9768408735638154, 
        -0.035444655051142866, 
        0.05127448521485545, 
        0.2046863730914669
      ], 
      "visibility": 0.2986587183308495
    }, 
    {
      "bounding_box": {
        "bottom_right": [
          498, 
          353
        ], 
        "top_left": [
          352, 
          276
        ]
      }, 
      "class": "006_mustard_bottle", 
      "cuboid": [
        [
          -16.740580053365235, 
          28.435728621241292, 
          68.3715191380696
        ], 
        [
          -25.74766368519462, 
          27.47135411794191, 
          65.18584902382003
        ], 
        [
          -26.923268036158042, 
          10.373607223045834, 
          73.68559849733151
        ], 
        [
          -17.916184404328654, 
          11.337981726345213, 
          76.87126861158107
        ], 
        [
          -18.727656511709224, 
          30.982110009533137, 
          73.21888186013116
        ], 
        [
          -27.734740143538613, 
          30.017735506233755, 
          70.0332117458816
        ], 
        [
          -28.910344494502034, 
          12.91998861133768, 
          78.53296121939306
        ], 
        [
          -19.903260862672646, 
          13.884363114637061, 
          81.71863133364263
        ]
      ], 
      "cuboid_centroid": [
        -22.825462273933635, 
        20.677858616289484, 
        73.45224017873133
      ], 
      "location": [
        -22.825462273933635, 
        20.677858616289484, 
        73.45224017873133
      ], 
      "pose_transform_permuted": [
        [
          0.34113485331451854, 
          -0.4371545129681073, 
          -0.8321795390454346, 
          0.0
        ], 
        [
          0.9380033944633906, 
          0.1004305716039007, 
          0.3317577034865116, 
          0.0
        ], 
        [
          0.06145312024428188, 
          0.8937614895498456, 
          -0.44431285577831675, 
          0.0
        ], 
        [
          -22.825462273933635, 
          20.677858616289484, 
          73.45224017873133, 
          1.0
        ]
      ], 
      "projected_cuboid": [
        [
          349.92701549487685, 
          495.0942603581065
        ], 
        [
          269.1864419419203, 
          498.04407887001014
        ], 
        [
          285.1086766959122, 
          348.3683449152059
        ], 
        [
          356.26182378554927, 
          351.94749671817596
        ], 
        [
          344.0497649881977, 
          498.9573700983623
        ], 
        [
          268.6303220219345, 
          501.8787414350732
        ], 
        [
          283.6299636879248, 
          361.02654973936455
        ], 
        [
          350.6201137306141, 
          363.8999345600266
        ]
      ], 
      "projected_cuboid_centroid": [
        314.48559270200855, 
        423.42364627489474
      ], 
      "quaternion_xyzw": [
        0.9570716304251567, 
        0.010181435255348653, 
        0.17576859855884389, 
        0.2302511485882339
      ], 
      "visibility": 0.26543878656554715
    }, 
    {
      "bounding_box": {
        "bottom_right": [
          401, 
          280
        ], 
        "top_left": [
          316, 
          162
        ]
      }, 
      "class": "008_pudding_box", 
      "cuboid": [
        [
          -22.780584872173577, 
          12.977355667872054, 
          58.438020497489454
        ], 
        [
          -33.986770095053295, 
          13.336969416975734, 
          56.576714159283355
        ], 
        [
          -34.845056454915074, 
          5.146617987398741, 
          60.16173838323384
        ], 
        [
          -23.638871232035356, 
          4.7870042382950615, 
          62.023044721439945
        ], 
        [
          -23.306522181570795, 
          14.551611961500525, 
          61.908650615745756
        ], 
        [
          -34.51270740445051, 
          14.911225710604203, 
          60.04734427753965
        ], 
        [
          -35.37099376431229, 
          6.7208742810272115, 
          63.63236850149014
        ], 
        [
          -24.164808541432574, 
          6.3612605319235325, 
          65.49367483969624
        ]
      ], 
      "cuboid_centroid": [
        -29.075789318242933, 
        9.849114974449632, 
        61.0351944994898
      ], 
      "location": [
        -29.075789318242933, 
        9.849114974449632, 
        61.0351944994898
      ], 
      "pose_transform_permuted": [
        [
          0.13671006907476513, 
          -0.4092059696049977, 
          -0.9021418992761209, 
          0.0
        ], 
        [
          0.9859912464983235, 
          -0.0316410983474317, 
          0.1637695362000675, 
          0.0
        ], 
        [
          0.09555945592224528, 
          0.911893236365078, 
          -0.399147627563309, 
          0.0
        ], 
        [
          -29.075789318242933, 
          9.849114974449632, 
          61.0351944994898, 
          1.0
        ]
      ], 
      "projected_cuboid": [
        [
          271.9633623969524, 
          391.72104100760396
        ], 
        [
          158.55140780402772, 
          399.0072885750909
        ], 
        [
          170.1297135278531, 
          318.91008932059583
        ], 
        [
          276.63882450428804, 
          314.4487078889618
        ], 
        [
          279.14702560488024, 
          398.64316502124143
        ], 
        [
          172.5127553231867, 
          405.7228476339316
        ], 
        [
          182.6729811021088, 
          329.6159494824258
        ], 
        [
          283.18150358166645, 
          325.08672820793095
        ]
      ], 
      "projected_cuboid_centroid": [
        225.4184263745109, 
        359.34714507628235
      ], 
      "quaternion_xyzw": [
        0.9746828179130279, 
        -0.032626140507441274, 
        0.07707112502460386, 
        0.20733760314435878
      ], 
      "visibility": 0.7544731610337972
    }, 
    {
      "bounding_box": {
        "bottom_right": [
          535, 
          280
        ], 
        "top_left": [
          338, 
          116
        ]
      }, 
      "class": "019_pitcher_base", 
      "cuboid": [
        [
          -45.58083746790928, 
          35.25126370723314, 
          69.7408091401274
        ], 
        [
          -27.279135202206295, 
          35.64136329180124, 
          74.28647635140138
        ], 
        [
          -29.356184600348044, 
          13.770093691514266, 
          84.52601010907645
        ], 
        [
          -47.65788686605103, 
          13.37999410694617, 
          79.98034289780247
        ], 
        [
          -42.57002077368032, 
          29.520348294735, 
          58.11051582220556
        ], 
        [
          -24.268318507977334, 
          29.910447879303092, 
          62.65618303347955
        ], 
        [
          -26.345367906119083, 
          8.039178279016118, 
          72.89571679115463
        ], 
        [
          -44.647070171822065, 
          7.649078694448022, 
          68.35004957988065
        ]
      ], 
      "cuboid_centroid": [
        -35.96310268701418, 
        21.64522099312463, 
        71.31826296564101
      ], 
      "location": [
        -35.96310268701418, 
        21.64522099312463, 
        71.31826296564101
      ], 
      "pose_transform_permuted": [
        [
          -0.2261969130408491, 
          0.43055273929164867, 
          0.8737617442191171, 
          0.0
        ], 
        [
          -0.9703052202348655, 
          -0.020681992189721454, 
          -0.24099860004908627, 
          0.0
        ], 
        [
          0.08569144895860908, 
          0.9023284589618916, 
          -0.4224456506141733, 
          0.0
        ], 
        [
          -35.96310268701418, 
          21.64522099312463, 
          71.31826296564101, 
          1.0
        ]
      ], 
      "projected_cuboid": [
        [
          130.12804263913728, 
          542.8588228229149
        ], 
        [
          284.1218613689167, 
          529.1640266984809
        ], 
        [
          294.8297088726703, 
          360.169387631018
        ], 
        [
          161.1596241725767, 
          362.50612146167776
        ], 
        [
          87.64728072211365, 
          544.21477919314
        ], 
        [
          273.3075143445812, 
          527.8795697166836
        ], 
        [
          287.2428392510082, 
          332.10276748757894
        ], 
        [
          130.32317847691698, 
          332.9705248408554
        ]
      ], 
      "projected_cuboid_centroid": [
        210.4230136694645, 
        435.1499900296437
      ], 
      "quaternion_xyzw": [
        -0.1206873803072785, 
        0.22034916474945468, 
        0.9677803758363612, 
        0.01679344260124775
      ], 
      "visibility": 0.13169949840047765
    }, 
    {
      "bounding_box": {
        "bottom_right": [
          509, 
          352
        ], 
        "top_left": [
          312, 
          146
        ]
      }, 
      "class": "035_power_drill", 
      "cuboid": [
        [
          -12.071531230123396, 
          21.053856106412024, 
          48.11762519752968
        ], 
        [
          -30.414897431339373, 
          20.978852649519958, 
          46.27240437593921
        ], 
        [
          -31.053378034283252, 
          3.6881947935008332, 
          53.32239969186588
        ], 
        [
          -12.71001183306728, 
          3.763198250392895, 
          55.16762051345635
        ], 
        [
          -12.610054378228575, 
          23.220623739817135, 
          53.383020681786164
        ], 
        [
          -30.953420579444547, 
          23.145620282925073, 
          51.5377998601957
        ], 
        [
          -31.591901182388433, 
          5.8549624269059475, 
          58.58779517612237
        ], 
        [
          -13.248534981172455, 
          5.929965883798009, 
          60.433015997712836
        ]
      ], 
      "cuboid_centroid": [
        -21.831716206255912, 
        13.454409266658985, 
        53.35271018682602
      ], 
      "location": [
        -21.831716206255912, 
        13.454409266658985, 
        53.35271018682602
      ], 
      "pose_transform_permuted": [
        [
          0.0941605706150415, 
          -0.3788585086258567, 
          -0.9206524270236616, 
          0.0
        ], 
        [
          0.9949699879661729, 
          0.0040682930157262525, 
          0.10008737319604351, 
          0.0
        ], 
        [
          0.034173318899239316, 
          0.9254457569532644, 
          -0.3773360334808484, 
          0.0
        ], 
        [
          -21.831716206255912, 
          13.454409266658985, 
          53.35271018682602, 
          1.0
        ]
      ], 
      "projected_cuboid": [
        [
          346.6852751617709, 
          506.6404019080653
        ], 
        [
          128.12424517095133, 
          515.0814717296507
        ], 
        [
          168.41931574420096, 
          310.1750974103146
        ], 
        [
          357.7021654206343, 
          309.6663438097541
        ], 
        [
          354.56728658456706, 
          505.27066356537006
        ], 
        [
          158.61789921533156, 
          512.8003044792729
        ], 
        [
          191.6222089820259, 
          326.58374965518686
        ], 
        [
          363.70479971893513, 
          325.61831194892943
        ]
      ], 
      "projected_cuboid_centroid": [
        261.5461779265226, 
        407.77829888321514
      ], 
      "quaternion_xyzw": [
        0.9799321624407348, 
        -0.007680385193330609, 
        0.04955647728901665, 
        0.19292012526235428
      ], 
      "visibility": 0.8999695028972248
    }, 
    {
      "bounding_box": {
        "bottom_right": [
          343, 
          201
        ], 
        "top_left": [
          281, 
          96
        ]
      }, 
      "class": "061_foam_brick", 
      "cuboid": [
        [
          -37.7491751461862, 
          0.5237445217334478, 
          54.201551513284905
        ], 
        [
          -30.066604259351827, 
          0.7043576927983602, 
          55.462138127035075
        ], 
        [
          -29.78968593109016, 
          5.24969287349943, 
          53.12323332262663
        ], 
        [
          -37.47225681792453, 
          5.069079702434517, 
          51.86264670887647
        ], 
        [
          -38.56029415289576, 
          2.9388025144488816, 
          58.798846075293845
        ], 
        [
          -30.877723266061384, 
          3.1194156855137942, 
          60.059432689044
        ], 
        [
          -30.60080493779972, 
          7.664750866214865, 
          57.720527884635565
        ], 
        [
          -38.28337582463409, 
          7.484137695149952, 
          56.459941270885395
        ]
      ], 
      "cuboid_centroid": [
        -34.174990041992956, 
        4.094247693974156, 
        55.961039698960235
      ], 
      "location": [
        -34.174990041992956, 
        4.094247693974156, 
        55.961039698960235
      ], 
      "pose_transform_permuted": [
        [
          0.15432248862898212, 
          -0.4594859157980665, 
          -0.8746755185133341, 
          0.0
        ], 
        [
          -0.9865386540941986, 
          -0.023193001056380003, 
          -0.1618751638763839, 
          0.0
        ], 
        [
          -0.054093007693832795, 
          -0.8878821869399177, 
          0.4568798185884597, 
          0.0
        ], 
        [
          -34.174990041992956, 
          4.094247693974156, 
          55.961039698960235, 
          1.0
        ]
      ], 
      "projected_cuboid": [
        [
          107.06631250959506, 
          278.4399552217257
        ], 
        [
          190.06957926422658, 
          280.0595864756386
        ], 
        [
          180.03746524439225, 
          325.9897309152651
        ], 
        [
          93.04706900144582, 
          325.4134471447693
        ], 
        [
          128.93132654361725, 
          299.94217897855935
        ], 
        [
          205.1221211758567, 
          300.9865244556537
        ], 
        [
          196.498986747946, 
          344.10643320572154
        ], 
        [
          116.95938906721783, 
          343.9815671672181
        ]
      ], 
      "projected_cuboid_centroid": [
        153.18858967725984, 
        312.30551413513047
      ], 
      "quaternion_xyzw": [
        0.007979308855062579, 
        0.9681291700423361, 
        -0.23663312777427564, 
        0.0816517212500525
      ], 
      "visibility": 1.0
    }
  ]
}