{
  "camera_data": {
    "location_worldframe": [
      -18.864563740928812, 
      6.027820087343875, 
      81.00480184851094
    ], 
    "quaternion_xyzw_worldframe": [
      0.9330208906604395, 
      0.02455186104412565, 
      -0.07354184206347612, 
      -0.35137439092219475
    ]
  }, 
  "objects": [
    {
      "bounding_box": {
        "bottom_right": [
          464, 
          305
        ], 
        "top_left": [
          299, 
          102
        ]
      }, 
      "class": "003_cracker_box", 
      "cuboid": [
        [
          -28.66113196777024, 
          18.678340055384652, 
          60.468367799040735
        ], 
        [
          -44.93528638118548, 
          17.84989198634651, 
          62.35083628812108
        ], 
        [
          -42.43763658855732, 
          2.8749335714311988, 
          77.35303323161364
        ], 
        [
          -26.16348217514208, 
          3.70338164046934, 
          75.47056474253328
        ], 
        [
          -28.337904069275982, 
          23.781660671721266, 
          65.5086098515072
        ], 
        [
          -44.612058482691225, 
          22.953212602683127, 
          67.39107834058755
        ], 
        [
          -42.114408690063065, 
          7.9782541877678135, 
          82.3932752840801
        ], 
        [
          -25.840254276647823, 
          8.806702256805956, 
          80.51080679499975
        ]
      ], 
      "cuboid_centroid": [
        -35.38777032891665, 
        13.328297121576233, 
        71.43082154156042
      ], 
      "location": [
        -35.38777032891665, 
        13.328297121576233, 
        71.43082154156042
      ], 
      "pose_transform_permuted": [
        [
          -0.04501781423705767, 
          -0.7107689050624211, 
          -0.7019835895501298, 
          0.0
        ], 
        [
          0.9921086667641819, 
          0.05050403777533699, 
          -0.1147594680180471, 
          0.0
        ], 
        [
          -0.11702046715303949, 
          0.7016102235320938, 
          -0.7028864093881246, 
          0.0
        ], 
        [
          -35.38777032891665, 
          13.328297121576233, 
          71.43082154156042, 
          1.0
        ]
      ], 
      "projected_cuboid": [
        [
          226.7047006839647, 
          438.0259694437258
        ], 
        [
          94.03883274597455, 
          425.9660771911115
        ], 
        [
          186.56747548510398, 
          293.10810553870834
        ], 
        [
          295.1696938348486, 
          299.4568198596319
        ], 
        [
          248.96955366857316, 
          466.8981164489058
        ], 
        [
          125.6039554069775, 
          454.9336948325971
        ], 
        [
          206.72495668924546, 
          324.928606866102
        ], 
        [
          308.9996313835321, 
          331.62388378236983
        ]
      ], 
      "projected_cuboid_centroid": [
        215.18168784766024, 
        372.7987893017485
      ], 
      "quaternion_xyzw": [
        0.9213715971103089, 
        0.04545519567072134, 
        -0.04335310605303363, 
        0.3835736088686103
      ], 
      "visibility": 0.37646375256994724
    }, 
    {
      "bounding_box": {
        "bottom_right": [
          483, 
          348
        ], 
        "top_left": [
          355, 
          256
        ]
      }, 
      "class": "006_mustard_bottle", 
      "cuboid": [
        [
          -22.9202520799895, 
          26.819223511584145, 
          69.000930522444
        ], 
        [
          -32.166032100116624, 
          24.258154558713848, 
          68.59776126733212
        ], 
        [
          -29.260517558928566, 
          11.56299503606737, 
          82.61031440835157
        ], 
        [
          -20.014737538801437, 
          14.12406398893767, 
          83.01348366346343
        ], 
        [
          -24.220519384782847, 
          30.89028504452578, 
          72.95886171389546
        ], 
        [
          -33.466299404909975, 
          28.32921609165548, 
          72.5556924587836
        ], 
        [
          -30.560784863721917, 
          15.634056569009, 
          86.56824559980303
        ], 
        [
          -21.315004843594785, 
          18.195125521879298, 
          86.97141485491491
        ]
      ], 
      "cuboid_centroid": [
        -26.740518471855708, 
        21.226640040296573, 
        77.78458806112351
      ], 
      "location": [
        -26.740518471855708, 
        21.226640040296573, 
        77.78458806112351
      ], 
      "pose_transform_permuted": [
        [
          0.22322568134092183, 
          -0.6989066641309906, 
          -0.679484813357403, 
          0.0
        ], 
        [
          0.962861387529894, 
          0.26671134292101845, 
          0.04198630159287169, 
          0.0
        ], 
        [
          -0.151881825143649, 
          0.6636222161190432, 
          -0.7324871776790932, 
          0.0
        ], 
        [
          -26.740518471855708, 
          21.226640040296573, 
          77.78458806112351, 
          1.0
        ]
      ], 
      "projected_cuboid": [
        [
          302.96633535939947, 
          480.5767440101701
        ], 
        [
          229.43527343446445, 
          461.883784287133
        ], 
        [
          291.12141725476766, 
          347.9354693771259
        ], 
        [
          351.94095542687, 
          364.02649475520633
        ], 
        [
          303.07284994274875, 
          499.0904164545927
        ], 
        [
          233.55351772604897, 
          481.5200370435472
        ], 
        [
          291.7527405905351, 
          369.6030160951716
        ], 
        [
          349.80155141800316, 
          384.8613212049021
        ]
      ], 
      "projected_cuboid_centroid": [
        296.7264024227816, 
        418.82414511665775
      ], 
      "quaternion_xyzw": [
        0.9091161115344867, 
        0.11510993006111422, 
        0.07293127345585848, 
        0.3936223942269736
      ], 
      "visibility": 0.841529277998863
    }, 
    {
      "bounding_box": {
        "bottom_right": [
          356, 
          281
        ], 
        "top_left": [
          283, 
          168
        ]
      }, 
      "class": "008_pudding_box", 
      "cuboid": [
        [
          -28.665108792689857, 
          8.468547338498107, 
          66.90995474696724
        ], 
        [
          -39.95847134268432, 
          7.5141553568213615, 
          67.759347967079
        ], 
        [
          -38.95078345888121, 
          1.2347185408822756, 
          74.10159907416043
        ], 
        [
          -27.657420908886742, 
          2.189110522559022, 
          73.25220585404867
        ], 
        [
          -28.69221379028194, 
          11.200140261339717, 
          69.61879800049442
        ], 
        [
          -39.98557634027641, 
          10.24574827966297, 
          70.46819122060619
        ], 
        [
          -38.977888456473295, 
          3.9663114637238857, 
          76.8104423276876
        ], 
        [
          -27.68452590647883, 
          4.920703445400632, 
          75.96104910757585
        ]
      ], 
      "cuboid_centroid": [
        -33.82149862458157, 
        6.217429401110996, 
        71.86019853732742
      ], 
      "location": [
        -33.82149862458157, 
        6.217429401110996, 
        71.86019853732742
      ], 
      "pose_transform_permuted": [
        [
          0.007045566129035401, 
          -0.7100394866335221, 
          -0.7041260273526645, 
          0.0
        ], 
        [
          0.9936616606239771, 
          0.08397345938385631, 
          -0.07473500243020217, 
          0.0
        ], 
        [
          -0.1121934478035647, 
          0.6991367842847807, 
          -0.7061303703027041, 
          0.0
        ], 
        [
          -33.82149862458157, 
          6.217429401110996, 
          71.86019853732742, 
          1.0
        ]
      ], 
      "projected_cuboid": [
        [
          251.21185760005608, 
          340.78683974838026
        ], 
        [
          164.47140687844436, 
          332.4288751351254
        ], 
        [
          198.9266534508061, 
          282.1729801876014
        ], 
        [
          278.5565515179376, 
          289.22456329814617
        ], 
        [
          259.9666961064317, 
          359.0859816258607
        ], 
        [
          176.4550778599201, 
          350.82873265307154
        ], 
        [
          208.70571126194108, 
          300.8259129994289
        ], 
        [
          285.6052804408995, 
          307.83460625117897
        ]
      ], 
      "projected_cuboid_centroid": [
        228.49472093517414, 
        319.42997933129635
      ], 
      "quaternion_xyzw": [
        0.9215373666137232, 
        0.0532172959812403, 
        -0.018363182751313184, 
        0.38418676991364914
      ], 
      "visibility": 0.5506099571381471
    }, 
    {
      "bounding_box": {
        "bottom_right": [
          510, 
          281
        ], 
        "top_left": [
          331, 
          107
        ]
      }, 
      "class": "019_pitcher_base", 
      "cuboid": [
        [
          -51.55064080200019, 
          32.125117288763434, 
          74.67854836687538
        ], 
        [
          -32.93720113809708, 
          35.153395841686574, 
          74.30845812367323
        ], 
        [
          -29.903886905421878, 
          18.646226567193466, 
          91.79636786195829
        ], 
        [
          -48.517326569324986, 
          15.617948014270326, 
          92.16645810516044
        ], 
        [
          -50.18666514482466, 
          22.615458912781374, 
          65.46561727676618
        ], 
        [
          -31.573225480921558, 
          25.64373746570452, 
          65.09552703356403
        ], 
        [
          -28.53991124824635, 
          9.13656819121141, 
          82.5834367718491
        ], 
        [
          -47.15335091214946, 
          6.108289638288267, 
          82.95352701505124
        ]
      ], 
      "cuboid_centroid": [
        -40.04527602512327, 
        20.630842739987422, 
        78.63099256936223
      ], 
      "location": [
        -40.04527602512327, 
        20.630842739987422, 
        78.63099256936223
      ], 
      "pose_transform_permuted": [
        [
          -0.10247288840511039, 
          0.7144424875958977, 
          0.6921499328189559, 
          0.0
        ], 
        [
          -0.9868326678145835, 
          -0.16055088458809785, 
          0.01962115270610551, 
          0.0
        ], 
        [
          -0.12514343278366785, 
          0.6810253307417058, 
          -0.7214870893642304, 
          0.0
        ], 
        [
          -40.04527602512327, 
          20.630842739987422, 
          78.63099256936223, 
          1.0
        ]
      ], 
      "projected_cuboid": [
        [
          110.37828772310236, 
          502.70923749077656
        ], 
        [
          243.2333341053035, 
          525.5861400823945
        ], 
        [
          306.4132928214729, 
          381.61759739202716
        ], 
        [
          198.5128212423591, 
          363.6595185233977
        ], 
        [
          69.34123446718624, 
          457.5247323544879
        ], 
        [
          220.7658666467253, 
          483.3825000144048
        ], 
        [
          295.75184466898196, 
          332.29002499800634
        ], 
        [
          175.91536570190783, 
          312.5575684126
        ]
      ], 
      "projected_cuboid_centroid": [
        207.7240347306107, 
        413.21650822635723
      ], 
      "quaternion_xyzw": [
        -0.02259963703475744, 
        0.3916814412273256, 
        0.9165162207205126, 
        -0.07792942200934785
      ], 
      "visibility": 0.1974911190053286
    }, 
    {
      "bounding_box": {
        "bottom_right": [
          412, 
          315
        ], 
        "top_left": [
          261, 
          118
        ]
      }, 
      "class": "035_power_drill", 
      "cuboid": [
        [
          -21.45701943680453, 
          12.632710385047297, 
          52.17467093559009
        ], 
        [
          -39.61071088932971, 
          10.90717816280632, 
          54.8867871180962
        ], 
        [
          -36.44942091933695, 
          -2.4822141325965608, 
          67.52828070921385
        ], 
        [
          -18.295729466811768, 
          -0.7566819103555833, 
          64.81616452670774
        ], 
        [
          -21.216260081844986, 
          16.58545606433033, 
          56.30106346318057
        ], 
        [
          -39.369951534370166, 
          14.859923842089351, 
          59.01317964568668
        ], 
        [
          -36.20866156437741, 
          1.470531546686471, 
          71.65467323680433
        ], 
        [
          -18.054970111852224, 
          3.1960637689274485, 
          68.94255705429822
        ]
      ], 
      "cuboid_centroid": [
        -28.83284050059097, 
        7.051620965866884, 
        61.91467208619721
      ], 
      "location": [
        -28.83284050059097, 
        7.051620965866884, 
        61.91467208619721
      ], 
      "pose_transform_permuted": [
        [
          -0.042096682981345404, 
          -0.6911361005873395, 
          -0.7214981869334198, 
          0.0
        ], 
        [
          0.9846817627651815, 
          0.09359529519094155, 
          -0.14710899710937936, 
          0.0
        ], 
        [
          -0.16920133482430053, 
          0.7166387994688002, 
          -0.6766091089691605, 
          0.0
        ], 
        [
          -28.83284050059097, 
          7.051620965866884, 
          61.91467208619721, 
          1.0
        ]
      ], 
      "projected_cuboid": [
        [
          260.4396995178941, 
          402.41570575697176
        ], 
        [
          93.50339199312232, 
          379.2685423360573
        ], 
        [
          191.33072682977306, 
          253.68270100180825
        ], 
        [
          329.8018331617609, 
          267.0604170134521
        ], 
        [
          278.9482990232388, 
          430.39455638887836
        ], 
        [
          122.83410383937482, 
          407.58007100236455
        ], 
        [
          209.8532393736306, 
          284.23157807570817
        ], 
        [
          340.7651405540866, 
          298.01035835975875
        ]
      ], 
      "projected_cuboid_centroid": [
        231.1675080509227, 
        334.02767457279634
      ], 
      "quaternion_xyzw": [
        0.9250430732089453, 
        0.07102280899839852, 
        -0.05113428919433345, 
        0.36964365475756567
      ], 
      "visibility": 0.7656558275484107
    }, 
    {
      "bounding_box": {
        "bottom_right": [
          293, 
          224
        ], 
        "top_left": [
          235, 
          139
        ]
      }, 
      "class": "061_foam_brick", 
      "cuboid": [
        [
          -42.33505572110647, 
          -5.432604950039212, 
          71.0318882872951
        ], 
        [
          -34.65419179388002, 
          -4.388813113598404, 
          70.28461116789808
        ], 
        [
          -35.477110861030134, 
          -1.045524981126416, 
          66.49614709630869
        ], 
        [
          -43.15797478825658, 
          -2.0893168175672243, 
          67.2434242157057
        ], 
        [
          -42.52701770455493, 
          -1.5151143243847094, 
          74.53073870363482
        ], 
        [
          -34.84615377732848, 
          -0.47132248794390114, 
          73.78346158423781
        ], 
        [
          -35.66907284447859, 
          2.8719656445280872, 
          69.99499751264841
        ], 
        [
          -43.349936771705046, 
          1.8281738080872787, 
          70.74227463204544
        ]
      ], 
      "cuboid_centroid": [
        -39.00206428279253, 
        -1.2803196527555627, 
        70.51344289997175
      ], 
      "location": [
        -39.00206428279253, 
        -1.2803196527555627, 
        70.51344289997175
      ], 
      "pose_transform_permuted": [
        [
          0.0365224470920702, 
          -0.7453368710766597, 
          -0.6656869079920841, 
          0.0
        ], 
        [
          -0.9863194590279896, 
          -0.13403598985874565, 
          0.09595977368314262, 
          0.0
        ], 
        [
          0.16074836111494462, 
          -0.6530752652154579, 
          0.7400355818219949, 
          0.0
        ], 
        [
          -39.00206428279253, 
          -1.2803196527555627, 
          70.51344289997175, 
          1.0
        ]
      ], 
      "projected_cuboid": [
        [
          161.08933364813205, 
          232.4976095529814
        ], 
        [
          216.44973308862743, 
          239.98422697100708
        ], 
        [
          194.68851107352046, 
          264.9011055695127
        ], 
        [
          136.45096456290372, 
          256.71579389376046
        ], 
        [
          174.75052088278136, 
          262.4448348936585
        ], 
        [
          227.62406134367498, 
          269.87973776615337
        ], 
        [
          207.55542888548032, 
          295.1691806680757
        ], 
        [
          152.06234191602303, 
          287.06897427380534
        ]
      ], 
      "projected_cuboid_centroid": [
        184.1515618332912, 
        263.60300083658126
      ], 
      "quaternion_xyzw": [
        -0.08107432353809131, 
        0.9089941738310993, 
        -0.4085208947595115, 
        -0.016347004277421393
      ], 
      "visibility": 0.9091883203857487
    }
  ]
}