{
  "camera_data": {
    "location_worldframe": [
      -22.038022120705172, 
      10.152217260178839, 
      81.09861627667708
    ], 
    "quaternion_xyzw_worldframe": [
      0.9459533392473289, 
      0.03967098928838707, 
      -0.11299195435525643, 
      -0.3013864578532761
    ]
  }, 
  "objects": [
    {
      "bounding_box": {
        "bottom_right": [
          481, 
          283
        ], 
        "top_left": [
          315, 
          64
        ]
      }, 
      "class": "003_cracker_box", 
      "cuboid": [
        [
          -33.762996008190946, 
          19.99948352652383, 
          60.04368911542528
        ], 
        [
          -49.81885911980962, 
          18.40352052634949, 
          63.00008515286575
        ], 
        [
          -45.519769214464475, 
          5.240230177171934, 
          79.2419803721868
        ], 
        [
          -29.463906102845794, 
          6.836193177346275, 
          76.28558433474633
        ], 
        [
          -33.49651089672942, 
          25.608063854479866, 
          64.5186427381097
        ], 
        [
          -49.552374008348096, 
          24.012100854305526, 
          67.47503877555017
        ], 
        [
          -45.25328410300295, 
          10.848810505127974, 
          83.71693399487124
        ], 
        [
          -29.19742099138427, 
          12.444773505302313, 
          80.76053795743077
        ]
      ], 
      "cuboid_centroid": [
        -39.50814005559695, 
        15.4241470158259, 
        71.88031155514825
      ], 
      "location": [
        -39.50814005559695, 
        15.4241470158259, 
        71.88031155514825
      ], 
      "pose_transform_permuted": [
        [
          -0.03711491891820645, 
          -0.7811393401180352, 
          -0.6232526085895317, 
          0.0
        ], 
        [
          0.9788011432585003, 
          0.09729345587397847, 
          -0.1802284811009391, 
          0.0
        ], 
        [
          -0.20142195696981077, 
          0.6167295312890888, 
          -0.7609690404256885, 
          0.0
        ], 
        [
          -39.50814005559695, 
          15.4241470158259, 
          71.88031155514825, 
          1.0
        ]
      ], 
      "projected_cuboid": [
        [
          179.20851411700042, 
          450.9257932493755
        ], 
        [
          56.34701143099576, 
          429.0793098829167
        ], 
        [
          172.68386591314342, 
          308.55467944740894
        ], 
        [
          273.89559227616775, 
          321.0789974298861
        ], 
        [
          202.40306379058904, 
          484.96616050740977
        ], 
        [
          86.67349108225704, 
          463.077071652415
        ], 
        [
          190.90811624309057, 
          342.398996123441
        ], 
        [
          287.1788195498307, 
          355.4682765677428
        ]
      ], 
      "projected_cuboid_centroid": [
        186.0216093705225, 
        387.7267717433542
      ], 
      "quaternion_xyzw": [
        0.8970483937805587, 
        0.08324952558715097, 
        -0.060571815725337944, 
        0.4297729061317966
      ], 
      "visibility": 0.4387487568935901
    }, 
    {
      "bounding_box": {
        "bottom_right": [
          506, 
          323
        ], 
        "top_left": [
          379, 
          218
        ]
      }, 
      "class": "006_mustard_bottle", 
      "cuboid": [
        [
          -28.1046532035725, 
          29.30838518532426, 
          67.34866591951854
        ], 
        [
          -37.170923005942186, 
          26.173559523793184, 
          67.77491438303652
        ], 
        [
          -32.669518220615245, 
          15.195372696426585, 
          82.78083003408764
        ], 
        [
          -23.60324841824556, 
          18.33019835795766, 
          82.35458157056966
        ], 
        [
          -29.44792137491158, 
          33.683251395184115, 
          70.95222425134416
        ], 
        [
          -38.51419117728126, 
          30.54842573365304, 
          71.37847271486214
        ], 
        [
          -34.01278639195432, 
          19.570238906286445, 
          86.38438836591327
        ], 
        [
          -24.94651658958464, 
          22.70506456781752, 
          85.95813990239529
        ]
      ], 
      "cuboid_centroid": [
        -31.058719797763413, 
        24.43931204580535, 
        76.8665271427159
      ], 
      "location": [
        -31.058719797763413, 
        24.43931204580535, 
        76.8665271427159
      ], 
      "pose_transform_permuted": [
        [
          0.23060793089648254, 
          -0.7510628675128855, 
          -0.6186472280800566, 
          0.0
        ], 
        [
          0.9441670797517009, 
          0.3264627299757697, 
          -0.04438978497454625, 
          0.0
        ], 
        [
          -0.23530481944387588, 
          0.5738698011907435, 
          -0.784413853286504, 
          0.0
        ], 
        [
          -31.058719797763413, 
          24.43931204580535, 
          76.8665271427159, 
          1.0
        ]
      ], 
      "projected_cuboid": [
        [
          257.1877059738308, 
          505.3733292645051
        ], 
        [
          186.66220884671614, 
          479.24580746047315
        ], 
        [
          269.3680859946003, 
          371.18347655104554
        ], 
        [
          327.47112418173367, 
          391.9909690073334
        ], 
        [
          258.40417159289666, 
          526.4701102157921
        ], 
        [
          191.43190580474146, 
          501.5356593080989
        ], 
        [
          269.8591264741565, 
          394.1091988058634
        ], 
        [
          325.5287897377375, 
          414.1580783024811
        ]
      ], 
      "projected_cuboid_centroid": [
        264.30792429471046, 
        442.8527223500703
      ], 
      "quaternion_xyzw": [
        0.8855343173788497, 
        0.15859564626542585, 
        0.05257225560527554, 
        0.4334887679294989
      ], 
      "visibility": 0.932322685435842
    }, 
    {
      "bounding_box": {
        "bottom_right": [
          373, 
          260
        ], 
        "top_left": [
          299, 
          143
        ]
      }, 
      "class": "008_pudding_box", 
      "cuboid": [
        [
          -32.7419099822876, 
          10.530655121854021, 
          67.46204777751962
        ], 
        [
          -43.884199401866425, 
          8.998983833168944, 
          69.09781675156151
        ], 
        [
          -42.11811789420832, 
          3.4821800125551063, 
          75.96198038706575
        ], 
        [
          -30.975828474629502, 
          5.013851301240183, 
          74.32621141302388
        ], 
        [
          -32.7980394370501, 
          13.521915620483776, 
          69.88059619813019
        ], 
        [
          -43.940328856628916, 
          11.9902443317987, 
          71.51636517217207
        ], 
        [
          -42.17424734897081, 
          6.473440511184861, 
          78.38052880767633
        ], 
        [
          -31.03195792939199, 
          8.005111799869939, 
          76.74475983363445
        ]
      ], 
      "cuboid_centroid": [
        -37.45807866562921, 
        8.502047816519442, 
        72.92128829259798
      ], 
      "location": [
        -37.45807866562921, 
        8.502047816519442, 
        72.92128829259798
      ], 
      "pose_transform_permuted": [
        [
          0.014590069007471262, 
          -0.7775364517436036, 
          -0.6286679338670327, 
          0.0
        ], 
        [
          0.980369288491237, 
          0.1347661539694062, 
          -0.14392532852356058, 
          0.0
        ], 
        [
          -0.19663109642488716, 
          0.6142271346506316, 
          -0.7642388054211662, 
          0.0
        ], 
        [
          -37.45807866562921, 
          8.502047816519442, 
          72.92128829259798, 
          1.0
        ]
      ], 
      "projected_cuboid": [
        [
          220.59963952904423, 
          356.53637674452364
        ], 
        [
          140.0617717591946, 
          342.7436428871569
        ], 
        [
          183.4267451174863, 
          297.73448922440997
        ], 
        [
          257.48116625275117, 
          309.26287843016917
        ], 
        [
          229.2007470278919, 
          376.48403191730927
        ], 
        [
          151.18978771696683, 
          362.70148648672233
        ], 
        [
          192.2421355666588, 
          317.33335225567373
        ], 
        [
          264.1506869195163, 
          328.916171817021
        ]
      ], 
      "projected_cuboid_centroid": [
        205.35939756212358, 
        335.4674004397794
      ], 
      "quaternion_xyzw": [
        0.8976725958010666, 
        0.09229346310236876, 
        -0.036019607850642045, 
        0.42938128677887216
      ], 
      "visibility": 0.435597592433362
    }, 
    {
      "bounding_box": {
        "bottom_right": [
          530, 
          260
        ], 
        "top_left": [
          351, 
          72
        ]
      }, 
      "class": "019_pitcher_base", 
      "cuboid": [
        [
          -56.663248284961554, 
          33.460823861037845, 
          74.22279980841684
        ], 
        [
          -38.337181140362816, 
          37.5369116623647, 
          72.40391411890714
        ], 
        [
          -33.266510138063765, 
          23.14202822772382, 
          91.23448092383553
        ], 
        [
          -51.59257728266249, 
          19.06594042639696, 
          93.05336661334523
        ], 
        [
          -55.19087233151642, 
          23.1452707331231, 
          65.94067423527811
        ], 
        [
          -36.864805186917685, 
          27.22135853444996, 
          64.12178854576841
        ], 
        [
          -31.794134184618628, 
          12.82647509980907, 
          82.9523553506968
        ], 
        [
          -50.12020132921736, 
          8.750387298482213, 
          84.7712410402065
        ]
      ], 
      "cuboid_centroid": [
        -44.22869123479009, 
        23.14364948042346, 
        78.58757757955682
      ], 
      "location": [
        -44.22869123479009, 
        23.14364948042346, 
        78.58757757955682
      ], 
      "pose_transform_permuted": [
        [
          -0.110616795815979, 
          0.7749878225119705, 
          0.622220290478498, 
          0.0
        ], 
        [
          -0.971596978172991, 
          -0.2161028091455071, 
          0.0964322473352156, 
          0.0
        ], 
        [
          -0.20919730930239294, 
          0.5938801552857793, 
          -0.7768802011496874, 
          0.0
        ], 
        [
          -44.22869123479009, 
          23.14364948042346, 
          78.58757757955682, 
          1.0
        ]
      ], 
      "projected_cuboid": [
        [
          71.05669417290444, 
          513.7155258422268
        ], 
        [
          196.85615677096754, 
          549.7794641570486
        ], 
        [
          285.5140534498441, 
          408.5654010074439
        ], 
        [
          183.43879004296946, 
          382.5597407793836
        ], 
        [
          31.500590754037418, 
          460.4824725533113
        ], 
        [
          172.42656397862282, 
          499.6945018919056
        ], 
        [
          275.481868752654, 
          355.7508673529796
        ], 
        [
          163.64913639620477, 
          328.33767147137917
        ]
      ], 
      "projected_cuboid_centroid": [
        178.94619940164702, 
        430.34649419987625
      ], 
      "quaternion_xyzw": [
        -0.003972345132199015, 
        0.43459651873782623, 
        0.8927061980205565, 
        -0.11910416870380756
      ], 
      "visibility": 0.21442615615007551
    }, 
    {
      "bounding_box": {
        "bottom_right": [
          425, 
          287
        ], 
        "top_left": [
          278, 
          80
        ]
      }, 
      "class": "035_power_drill", 
      "cuboid": [
        [
          -26.64802934196982, 
          13.56610638563981, 
          51.96767365746745
        ], 
        [
          -44.47186042804534, 
          11.053640734551166, 
          55.95366296478337
        ], 
        [
          -39.74598843216845, 
          -0.7407784097158767, 
          69.65164644618577
        ], 
        [
          -21.92215734609293, 
          1.7716872413727631, 
          65.66565713886985
        ], 
        [
          -26.43887628018623, 
          17.93268812283417, 
          55.65528774966758
        ], 
        [
          -44.26270736626176, 
          15.420222471745525, 
          59.6412770569835
        ], 
        [
          -39.536835370384864, 
          3.6258033274784816, 
          73.3392605383859
        ], 
        [
          -21.713004284309346, 
          6.1382689785671225, 
          69.35327123106998
        ]
      ], 
      "cuboid_centroid": [
        -33.09243235617734, 
        8.595954856559144, 
        62.65346709792667
      ], 
      "location": [
        -33.09243235617734, 
        8.595954856559144, 
        62.65346709792667
      ], 
      "pose_transform_permuted": [
        [
          -0.036570334465138306, 
          -0.7634951802130112, 
          -0.6447779419536049, 
          0.0
        ], 
        [
          0.9667896724456208, 
          0.1362796714194898, 
          -0.21620566746743083, 
          0.0
        ], 
        [
          -0.25294226644858564, 
          0.6312712473800172, 
          -0.7331554876188128, 
          0.0
        ], 
        [
          -33.09243235617734, 
          8.595954856559144, 
          62.65346709792667, 
          1.0
        ]
      ], 
      "projected_cuboid": [
        [
          205.8419637109779, 
          412.50905254949305
        ], 
        [
          54.18329353356551, 
          378.64377031821266
        ], 
        [
          174.7276191642846, 
          267.6144303881554
        ], 
        [
          302.06719111805774, 
          287.6757262154057
        ], 
        [
          226.1338973111806, 
          445.1274203397371
        ], 
        [
          82.49610198086991, 
          411.17605052792584
        ], 
        [
          191.69112670176827, 
          299.653205780864
        ], 
        [
          313.2348243840419, 
          320.4892004504437
        ]
      ], 
      "projected_cuboid_centroid": [
        197.55980495484258, 
        346.45712651235806
      ], 
      "quaternion_xyzw": [
        0.9003942000284157, 
        0.10806987035672595, 
        -0.07018481514113256, 
        0.41555428383051296
      ], 
      "visibility": 0.7937182307867385
    }, 
    {
      "bounding_box": {
        "bottom_right": [
          307, 
          208
        ], 
        "top_left": [
          249, 
          126
        ]
      }, 
      "class": "061_foam_brick", 
      "cuboid": [
        [
          -45.22295868312382, 
          -3.6570066414772144, 
          73.78923221849239
        ], 
        [
          -37.68007479025771, 
          -2.2410157845309806, 
          72.4688278746079
        ], 
        [
          -38.928487987012524, 
          0.6364818782712363, 
          68.42300249030531
        ], 
        [
          -46.47137187987863, 
          -0.7795089786749974, 
          69.7434068341898
        ], 
        [
          -45.477332638799524, 
          0.5837562769497162, 
          76.88386631664844
        ], 
        [
          -37.934448745933416, 
          1.9997471338959498, 
          75.56346197276395
        ], 
        [
          -39.18286194268823, 
          4.877244796698167, 
          71.51763658846136
        ], 
        [
          -46.725745835554335, 
          3.4612539397519333, 
          72.83804093234583
        ]
      ], 
      "cuboid_centroid": [
        -42.20291031290602, 
        0.6101190776104762, 
        72.65343440347687
      ], 
      "location": [
        -42.20291031290602, 
        0.6101190776104762, 
        72.65343440347687
      ], 
      "pose_transform_permuted": [
        [
          0.048396870937002734, 
          -0.8068422535331968, 
          -0.5887812164097797, 
          0.0
        ], 
        [
          -0.9686010885248296, 
          -0.18183102177623212, 
          0.16955651219675053, 
          0.0
        ], 
        [
          0.24386404858449834, 
          -0.5620881224801714, 
          0.7903083375333284, 
          0.0
        ], 
        [
          -42.20291031290602, 
          0.6101190776104762, 
          72.65343440347687, 
          1.0
        ]
      ], 
      "projected_cuboid": [
        [
          152.01944335899074, 
          246.85513059245912
        ], 
        [
          201.98735267844373, 
          256.7942386144023
        ], 
        [
          175.64235582862497, 
          278.2475633334534
        ], 
        [
          123.27457252476836, 
          267.32572501780305
        ], 
        [
          163.5059754561207, 
          277.3358745875595
        ], 
        [
          211.6282106167243, 
          287.4005592299785
        ], 
        [
          186.96857921087295, 
          309.65700946340775
        ], 
        [
          136.62039900754277, 
          298.6298130718865
        ]
      ], 
      "projected_cuboid_centroid": [
        169.2208297590813, 
        277.7651762567982
      ], 
      "quaternion_xyzw": [
        -0.12051141585424475, 
        0.883101130592468, 
        -0.4521426073803702, 
        -0.03429948084724521
      ], 
      "visibility": 0.9185946872322194
    }
  ]
}