{
  "camera_data": {
    "location_worldframe": [
      -14.671121005379776, 
      -0.3184748925275052, 
      69.44466920892911
    ], 
    "quaternion_xyzw_worldframe": [
      -0.8406905508541598, 
      -0.051120327809160475, 
      -0.10134202823625875, 
      0.5294871019417137
    ]
  }, 
  "objects": [
    {
      "bounding_box": {
        "bottom_right": [
          498, 
          318
        ], 
        "top_left": [
          284, 
          141
        ]
      }, 
      "class": "003_cracker_box", 
      "cuboid": [
        [
          -16.80166957206965, 
          20.556908299023892, 
          54.035854753924994
        ], 
        [
          -32.79857996809846, 
          21.65330063878326, 
          50.57537829743832
        ], 
        [
          -35.783621137916434, 
          1.9118235074743626, 
          58.119724328400515
        ], 
        [
          -19.78671074188762, 
          0.8154311677149945, 
          61.58020078488718
        ], 
        [
          -18.03301660947223, 
          23.243734082136008, 
          60.57933618353313
        ], 
        [
          -34.029927005501044, 
          24.340126421895377, 
          57.118859727046456
        ], 
        [
          -37.01496817531901, 
          4.59864929058648, 
          64.66320575800864
        ], 
        [
          -21.018057779290206, 
          3.502256950827112, 
          68.12368221449532
        ]
      ], 
      "cuboid_centroid": [
        -26.90831887369433, 
        12.577778794805186, 
        59.34953025596682
      ], 
      "location": [
        -26.90831887369433, 
        12.577778794805186, 
        59.34953025596682
      ], 
      "pose_transform_permuted": [
        [
          0.17149680596684694, 
          -0.37420972804310254, 
          -0.911348410313573, 
          0.0
        ], 
        [
          0.9752072545328425, 
          -0.06683851675589816, 
          0.21095834514042588, 
          0.0
        ], 
        [
          0.1398558409566265, 
          0.9249322635284049, 
          -0.3534694493651974, 
          0.0
        ], 
        [
          -26.90831887369433, 
          12.577778794805186, 
          59.34953025596682, 
          1.0
        ]
      ], 
      "projected_cuboid": [
        [
          314.3871049698731, 
          476.17778149464215
        ], 
        [
          132.85234910548843, 
          501.6215432687867
        ], 
        [
          150.502176648649, 
          290.82985787644697
        ], 
        [
          308.80482528819954, 
          280.3486359435655
        ], 
        [
          321.5176084089501, 
          477.916356546455
        ], 
        [
          161.21129178329048, 
          500.55063498355963
        ], 
        [
          173.76639827858196, 
          311.2145945022351
        ], 
        [
          315.68185678732635, 
          300.70464217745194
        ]
      ], 
      "projected_cuboid_centroid": [
        237.78173293576705, 
        386.31145519870284
      ], 
      "quaternion_xyzw": [
        0.9761516183942457, 
        -0.05293602802516829, 
        0.09794973032375995, 
        0.18636428083921044
      ], 
      "visibility": 0.39282492331749563
    }, 
    {
      "bounding_box": {
        "bottom_right": [
          470, 
          361
        ], 
        "top_left": [
          320, 
          285
        ]
      }, 
      "class": "006_mustard_bottle", 
      "cuboid": [
        [
          -13.99911583090371, 
          23.831982580532724, 
          66.42350902364676
        ], 
        [
          -22.653790422687674, 
          23.1085943949291, 
          62.32724425517004
        ], 
        [
          -24.868682171214612, 
          5.756759074321987, 
          70.07119680753176
        ], 
        [
          -16.21400757943065, 
          6.480147259925611, 
          74.16746157600849
        ], 
        [
          -16.430598996597784, 
          26.244902186034093, 
          71.13468350327598
        ], 
        [
          -25.085273588381746, 
          25.521514000430468, 
          67.03841873479924
        ], 
        [
          -27.300165336908687, 
          8.169678679823356, 
          74.78237128716097
        ], 
        [
          -18.64549074512472, 
          8.893066865426979, 
          78.87863605563771
        ]
      ], 
      "cuboid_centroid": [
        -20.649640583906198, 
        16.00083063017804, 
        70.60294015540387
      ], 
      "location": [
        -20.649640583906198, 
        16.00083063017804, 
        70.60294015540387
      ], 
      "pose_transform_permuted": [
        [
          0.4174291580893848, 
          -0.4142422261740368, 
          -0.808799182486814, 
          0.0
        ], 
        [
          0.901303293818821, 
          0.0753341038394574, 
          0.4265876075441284, 
          0.0
        ], 
        [
          0.1157804569528417, 
          0.9070436167936791, 
          -0.4048045985677939, 
          0.0
        ], 
        [
          -20.649640583906198, 
          16.00083063017804, 
          70.60294015540387, 
          1.0
        ]
      ], 
      "projected_cuboid": [
        [
          368.26037723317785, 
          464.6354023039588
        ], 
        [
          286.1385099702826, 
          471.0213500632698
        ], 
        [
          290.7414386604195, 
          317.1018642469073
        ], 
        [
          364.03460066218923, 
          319.88364892623133
        ], 
        [
          357.3850181531009, 
          470.05300413965716
        ], 
        [
          280.36980617064245, 
          476.3212077347758
        ], 
        [
          285.2801250643909, 
          331.5495958809328
        ], 
        [
          354.4793282450006, 
          333.41494474593907
        ]
      ], 
      "projected_cuboid_centroid": [
        324.31419019387283, 
        394.15340702818406
      ], 
      "quaternion_xyzw": [
        0.9509398105426171, 
        -0.01063325792678328, 
        0.22189016493901637, 
        0.21532562199559013
      ], 
      "visibility": 0.010812028381574502
    }, 
    {
      "bounding_box": {
        "bottom_right": [
          372, 
          295
        ], 
        "top_left": [
          279, 
          176
        ]
      }, 
      "class": "008_pudding_box", 
      "cuboid": [
        [
          -19.19521498161024, 
          8.80461355818394, 
          55.40994586808113
        ], 
        [
          -30.154790448369972, 
          9.39304101941553, 
          52.45802627331827
        ], 
        [
          -31.460890078812003, 
          1.101589193064649, 
          55.6544056419903
        ], 
        [
          -20.501314612052266, 
          0.5131617318330575, 
          58.606325236753165
        ], 
        [
          -20.046741628179962, 
          10.270123715846845, 
          58.863545250922336
        ], 
        [
          -31.0063170949397, 
          10.858551177078436, 
          55.91162565615947
        ], 
        [
          -32.31241672538172, 
          2.5670993507275544, 
          59.1080050248315
        ], 
        [
          -21.35284125862199, 
          1.978671889495963, 
          62.05992461959436
        ]
      ], 
      "cuboid_centroid": [
        -25.753815853495983, 
        5.685856454455747, 
        57.25897544645632
      ], 
      "location": [
        -25.753815853495983, 
        5.685856454455747, 
        57.25897544645632
      ], 
      "pose_transform_permuted": [
        [
          0.22134247673923668, 
          -0.38093892808914637, 
          -0.8977149971085214, 
          0.0
        ], 
        [
          0.9642929561346292, 
          -0.05177357989666419, 
          0.2597286072748952, 
          0.0
        ], 
        [
          0.14541786506473836, 
          0.9231495015943099, 
          -0.35587688174443183, 
          0.0
        ], 
        [
          -25.753815853495983, 
          5.685856454455747, 
          57.25897544645632, 
          1.0
        ]
      ], 
      "projected_cuboid": [
        [
          295.3038726393747, 
          358.030761410439
        ], 
        [
          172.47066041727163, 
          368.78179537224065
        ], 
        [
          177.60434007444846, 
          283.84273892355475
        ], 
        [
          293.47967269464164, 
          277.9563274591922
        ], 
        [
          298.45457783052825, 
          366.33662655328715
        ], 
        [
          183.37498266437981, 
          376.86209887132054
        ], 
        [
          187.61903622888698, 
          296.4489565931577
        ], 
        [
          296.5696173661914, 
          290.2904978445329
        ]
      ], 
      "projected_cuboid_centroid": [
        239.72275367924505, 
        326.24554695107577
      ], 
      "quaternion_xyzw": [
        0.9727740558368962, 
        -0.05067760693714095, 
        0.12363381844108114, 
        0.18935944205452757
      ], 
      "visibility": 0.7948517177253597
    }, 
    {
      "bounding_box": {
        "bottom_right": [
          514, 
          293
        ], 
        "top_left": [
          307, 
          117
        ]
      }, 
      "class": "019_pitcher_base", 
      "cuboid": [
        [
          -42.75153004152622, 
          31.027392510015723, 
          65.1555211987325
        ], 
        [
          -24.9916211272891, 
          30.99300483381328, 
          71.50784571419108
        ], 
        [
          -28.332118333216272, 
          8.826403296018782, 
          80.72725319987934
        ], 
        [
          -46.09202724745339, 
          8.860790972221222, 
          74.37492868442077
        ], 
        [
          -38.66120280157066, 
          25.64254952509347, 
          53.69058245532157
        ], 
        [
          -20.901293887333544, 
          25.60816184889103, 
          60.04290697078014
        ], 
        [
          -24.241791093260716, 
          3.4415603110965307, 
          69.26231445646842
        ], 
        [
          -42.00170000749783, 
          3.475947987298972, 
          62.90998994100983
        ]
      ], 
      "cuboid_centroid": [
        -33.49666056739346, 
        17.234476410556127, 
        67.20891782760046
      ], 
      "location": [
        -33.49666056739346, 
        17.234476410556127, 
        67.20891782760046
      ], 
      "pose_transform_permuted": [
        [
          -0.30729848043498464, 
          0.40455297817823843, 
          0.8613389705633043, 
          0.0
        ], 
        [
          -0.9415808475189439, 
          0.0018231387029775438, 
          -0.3367825324929475, 
          0.0
        ], 
        [
          0.13781667690435395, 
          0.9145127727636793, 
          -0.38035897783426664, 
          0.0
        ], 
        [
          -33.49666056739346, 
          17.234476410556127, 
          67.20891782760046, 
          1.0
        ]
      ], 
      "projected_cuboid": [
        [
          128.74539757936472, 
          527.2560517829917
        ], 
        [
          293.6513345434229, 
          504.4384661944019
        ], 
        [
          292.8628661589431, 
          331.5976230257632
        ], 
        [
          148.33108550583947, 
          336.82452627212575
        ], 
        [
          94.36707824822425, 
          527.9992492012932
        ], 
        [
          294.3982083917454, 
          500.746114675084
        ], 
        [
          293.37981012111845, 
          299.78654054380917
        ], 
        [
          122.56024564527671, 
          302.75389496955677
        ]
      ], 
      "projected_cuboid_centroid": [
        213.57759560011664, 
        410.04642152885475
      ], 
      "quaternion_xyzw": [
        -0.16702787271481037, 
        0.2035491990133528, 
        0.9640322337512797, 
        0.03621243427306357
      ], 
      "visibility": 0.16716430289458406
    }, 
    {
      "bounding_box": {
        "bottom_right": [
          478, 
          393
        ], 
        "top_left": [
          272, 
          176
        ]
      }, 
      "class": "035_power_drill", 
      "cuboid": [
        [
          -7.417279166341833, 
          17.05962157961407, 
          46.49037811008008
        ], 
        [
          -25.484536060082664, 
          17.319602090294314, 
          42.83029785678918
        ], 
        [
          -27.02259646050773, 
          -0.184730887207879, 
          49.17928500012259
        ], 
        [
          -8.955339566766895, 
          -0.44471139788812286, 
          52.8393652534135
        ], 
        [
          -8.4536289618007, 
          19.057685588532408, 
          51.7480390045809
        ], 
        [
          -26.520885855541533, 
          19.31766609921265, 
          48.08795875129
        ], 
        [
          -28.058946255966593, 
          1.8133331217104587, 
          54.43694589462342
        ], 
        [
          -9.991689362225761, 
          1.5533526110302147, 
          58.09702614791432
        ]
      ], 
      "cuboid_centroid": [
        -17.738112711154212, 
        9.436477350662265, 
        50.463662002351754
      ], 
      "location": [
        -17.738112711154212, 
        9.436477350662265, 
        50.463662002351754
      ], 
      "pose_transform_permuted": [
        [
          0.18120537332618014, 
          -0.349360743112167, 
          -0.9193000369037038, 
          0.0
        ], 
        [
          0.9799934307016901, 
          -0.01410170863654317, 
          0.19852790189243824, 
          0.0
        ], 
        [
          0.08232141792197396, 
          0.9368822642388527, 
          -0.33981605915030816, 
          0.0
        ], 
        [
          -17.738112711154212, 
          9.436477350662265, 
          50.463662002351754, 
          1.0
        ]
      ], 
      "projected_cuboid": [
        [
          395.7998351840806, 
          468.9878989889631
        ], 
        [
          161.62108970937376, 
          488.9488945303213
        ], 
        [
          186.1112757451551, 
          271.28324330636434
        ], 
        [
          390.45556194864656, 
          268.7979659439839
        ], 
        [
          393.7472188863479, 
          469.69662674601835
        ], 
        [
          185.01600172856894, 
          487.5291446421948
        ], 
        [
          204.41231108755372, 
          291.0517900308999
        ], 
        [
          389.11090634375984, 
          287.54601771665034
        ]
      ], 
      "projected_cuboid_centroid": [
        292.57157270024584, 
        373.0148963202457
      ], 
      "quaternion_xyzw": [
        0.9793078846619493, 
        -0.02461512055317562, 
        0.09693919582545277, 
        0.17593466086009676
      ], 
      "visibility": 0.9158921718222592
    }, 
    {
      "bounding_box": {
        "bottom_right": [
          309, 
          212
        ], 
        "top_left": [
          240, 
          106
        ]
      }, 
      "class": "061_foam_brick", 
      "cuboid": [
        [
          -33.80874882527727, 
          -3.2764806140515015, 
          49.27875199381783
        ], 
        [
          -26.288777558938907, 
          -3.252510535098397, 
          51.30188143810055
        ], 
        [
          -25.727463232904174, 
          1.3635337774424514, 
          49.16078534460581
        ], 
        [
          -33.24743449924254, 
          1.3395636984893464, 
          47.1376559003231
        ], 
        [
          -35.046764422569595, 
          -1.003981425844797, 
          53.853530814871576
        ], 
        [
          -27.52679315623123, 
          -0.9800113468916918, 
          55.876660259154285
        ], 
        [
          -26.9654788301965, 
          3.636032965649156, 
          53.735564165659554
        ], 
        [
          -34.48545009653486, 
          3.612062886696051, 
          51.71243472137683
        ]
      ], 
      "cuboid_centroid": [
        -30.387113827736883, 
        0.1797761757988273, 
        51.50715807973869
      ], 
      "location": [
        -30.387113827736883, 
        0.1797761757988273, 
        51.50715807973869
      ], 
      "pose_transform_permuted": [
        [
          0.23554330049629602, 
          -0.4323628557960497, 
          -0.8703917017752386, 
          0.0
        ], 
        [
          -0.9656588193197146, 
          -0.0030780593862729244, 
          -0.2597952467241642, 
          0.0
        ], 
        [
          -0.10964669744851563, 
          -0.9016944529486133, 
          0.41824002111267966, 
          0.0
        ], 
        [
          -30.387113827736883, 
          0.1797761757988273, 
          51.50715807973869, 
          1.0
        ]
      ], 
      "projected_cuboid": [
        [
          112.652486075751, 
          237.8268072728836
        ], 
        [
          206.02903440640955, 
          239.47437526511484
        ], 
        [
          200.1673909576719, 
          288.0788009757688
        ], 
        [
          102.29789484964262, 
          288.4424794397936
        ], 
        [
          131.63136466328024, 
          263.34395952016837
        ], 
        [
          216.6757438625559, 
          263.9327355064271
        ], 
        [
          211.7373502410283, 
          309.3737665375245
        ], 
        [
          122.97859946641813, 
          310.53838820856015
        ]
      ], 
      "projected_cuboid_centroid": [
        164.3383223235614, 
        275.1479910049685
      ], 
      "quaternion_xyzw": [
        0.027560975612769677, 
        0.9666624247951773, 
        -0.21998446797209503, 
        0.12810535883957005
      ], 
      "visibility": 0.9989690721649485
    }
  ]
}