{
  "camera_data": {
    "location_worldframe": [
      -15.884597604890265, 
      1.048414127358889, 
      69.9755885032201
    ], 
    "quaternion_xyzw_worldframe": [
      -0.8442356397825278, 
      -0.0447534481617285, 
      -0.08672244175812324, 
      0.5270153402824053
    ]
  }, 
  "objects": [
    {
      "bounding_box": {
        "bottom_right": [
          506, 
          306
        ], 
        "top_left": [
          295, 
          127
        ]
      }, 
      "class": "003_cracker_box", 
      "cuboid": [
        [
          -18.588043346071174, 
          21.788916446421542, 
          54.47473270684563
        ], 
        [
          -34.69112175672808, 
          22.796414180403882, 
          51.51602864874649
        ], 
        [
          -37.35511943294054, 
          3.106122268218904, 
          59.31019749093057
        ], 
        [
          -21.25204102228364, 
          2.098624534236562, 
          62.2689015490297
        ], 
        [
          -19.62173342155712, 
          24.524472478529702, 
          61.0322181668357
        ], 
        [
          -35.72481183221402, 
          25.531970212512046, 
          58.07351410873657
        ], 
        [
          -38.38880950842648, 
          5.8416783003270645, 
          65.86768295092064
        ], 
        [
          -22.28573109776958, 
          4.834180566344723, 
          68.82638700901977
        ]
      ], 
      "cuboid_centroid": [
        -28.488426427248832, 
        13.815297373374303, 
        60.171207828883134
      ], 
      "location": [
        -28.488426427248832, 
        13.815297373374303, 
        60.171207828883134
      ], 
      "pose_transform_permuted": [
        [
          0.143967980529204, 
          -0.3809966709624753, 
          -0.9132988324189701, 
          0.0
        ], 
        [
          0.9816794929527295, 
          -0.061419303776864775, 
          0.18036918317616613, 
          0.0
        ], 
        [
          0.12481423676173692, 
          0.9225341217749491, 
          -0.36517420563685576, 
          0.0
        ], 
        [
          -28.488426427248832, 
          13.815297373374303, 
          60.171207828883134, 
          1.0
        ]
      ], 
      "projected_cuboid": [
        [
          298.099502860902, 
          486.60480976611075
        ], 
        [
          119.46439877417417, 
          509.2863700217804
        ], 
        [
          142.89917290681072, 
          301.2169092066943
        ], 
        [
          298.0611035898119, 
          291.26080015708186
        ], 
        [
          308.70703628933194, 
          487.58943950777837
        ], 
        [
          150.78329552120005, 
          507.7600311091143
        ], 
        [
          168.17902376654519, 
          320.58562755881974
        ], 
        [
          307.47105702806095, 
          310.74547308838993
        ]
      ], 
      "projected_cuboid_centroid": [
        226.98940523617853, 
        395.7366084122412
      ], 
      "quaternion_xyzw": [
        0.9769227767775006, 
        -0.04765820415020823, 
        0.08299969337782152, 
        0.19094929874105995
      ], 
      "visibility": 0.35922300490958436
    }, 
    {
      "bounding_box": {
        "bottom_right": [
          479, 
          353
        ], 
        "top_left": [
          330, 
          277
        ]
      }, 
      "class": "006_mustard_bottle", 
      "cuboid": [
        [
          -15.406562968406783, 
          25.175734569373216, 
          66.74026105038573
        ], 
        [
          -24.18400989234705, 
          24.3861390295323, 
          62.92725276412664
        ], 
        [
          -26.081612126906766, 
          7.089936334751355, 
          70.87717186339032
        ], 
        [
          -17.3041652029665, 
          7.879531874592274, 
          74.69018014964942
        ], 
        [
          -17.696880775692108, 
          27.617871242464275, 
          71.50679744453522
        ], 
        [
          -26.474327699632372, 
          26.828275702623362, 
          67.69378915827612
        ], 
        [
          -28.371929934192092, 
          9.532073007842417, 
          75.64370825753981
        ], 
        [
          -19.594483010251825, 
          10.321668547683336, 
          79.4567165437989
        ]
      ], 
      "cuboid_centroid": [
        -21.88924645129944, 
        17.353903788607816, 
        71.19198465396278
      ], 
      "location": [
        -21.88924645129944, 
        17.353903788607816, 
        71.19198465396278
      ], 
      "pose_transform_permuted": [
        [
          0.3931943463730843, 
          -0.4192581177491382, 
          -0.8183035367404115, 
          0.0
        ], 
        [
          0.9140888822529997, 
          0.082228979645158, 
          0.3970890980726508, 
          0.0
        ], 
        [
          0.09919457868682628, 
          0.9041354968623442, 
          -0.41557121997634194, 
          0.0
        ], 
        [
          -21.88924645129944, 
          17.353903788607816, 
          71.19198465396278, 
          1.0
        ]
      ], 
      "projected_cuboid": [
        [
          357.4576804894999, 
          474.4651377539022
        ], 
        [
          274.9252416235598, 
          479.9633740278668
        ], 
        [
          283.7089175280374, 
          326.6351944155195
        ], 
        [
          357.00830273585245, 
          329.5497394695231
        ], 
        [
          348.50838314624525, 
          479.2690753832841
        ], 
        [
          271.2832277562881, 
          484.65075607047953
        ], 
        [
          279.89618232032143, 
          340.49161452251997
        ], 
        [
          348.9813712853693, 
          342.566369906617
        ]
      ], 
      "projected_cuboid_centroid": [
        316.2519227904802, 
        403.2896103767109
      ], 
      "quaternion_xyzw": [
        0.9534841262254653, 
        -0.004448317117986429, 
        0.20720938679236628, 
        0.21888915472308362
      ], 
      "visibility": 0.06711409395973154
    }, 
    {
      "bounding_box": {
        "bottom_right": [
          382, 
          284
        ], 
        "top_left": [
          291, 
          164
        ]
      }, 
      "class": "008_pudding_box", 
      "cuboid": [
        [
          -20.889166028000055, 
          10.039283032014326, 
          56.0188353500257
        ], 
        [
          -31.939280484230437, 
          10.562064905454656, 
          53.412297377985254
        ], 
        [
          -33.109634776326224, 
          2.2921358543736643, 
          56.71524379336502
        ], 
        [
          -22.059520320095842, 
          1.7693539809333338, 
          59.321781765405454
        ], 
        [
          -21.636462187054406, 
          11.529743670568173, 
          59.48585739852449
        ], 
        [
          -32.68657664328479, 
          12.052525544008505, 
          56.87931942648405
        ], 
        [
          -33.856930935380575, 
          3.782596492927512, 
          60.18226584186381
        ], 
        [
          -22.80681647915019, 
          3.2598146194871815, 
          62.78880381390426
        ]
      ], 
      "cuboid_centroid": [
        -27.373048481690315, 
        6.910939762470919, 
        58.10055059594475
      ], 
      "location": [
        -27.373048481690315, 
        6.910939762470919, 
        58.10055059594475
      ], 
      "pose_transform_permuted": [
        [
          0.1942492150646561, 
          -0.3874244576477144, 
          -0.9012040318593001, 
          0.0
        ], 
        [
          0.9722591506343057, 
          -0.04599766475283193, 
          0.22933974166785498, 
          0.0
        ], 
        [
          0.13030431872055895, 
          0.9207532096445478, 
          -0.3677417901000428, 
          0.0
        ], 
        [
          -27.373048481690315, 
          6.910939762470919, 
          58.10055059594475, 
          1.0
        ]
      ], 
      "projected_cuboid": [
        [
          281.0673404466186, 
          368.8641452008002
        ], 
        [
          160.0270067153611, 
          378.7483198055845
        ], 
        [
          167.6573055470054, 
          294.8405480969522
        ], 
        [
          281.62303046566194, 
          289.1935303122669
        ], 
        [
          285.9991346321202, 
          376.65628597484806
        ], 
        [
          172.56269663976533, 
          386.29506136220675
        ], 
        [
          179.06543529339342, 
          306.80692404023745
        ], 
        [
          286.26470857364546, 
          300.9749612110418
        ]
      ], 
      "projected_cuboid_centroid": [
        228.2390478629641, 
        336.7237941801594
      ], 
      "quaternion_xyzw": [
        0.9739374199785827, 
        -0.045254956801348646, 
        0.10873105089796886, 
        0.19384362697666024
      ], 
      "visibility": 0.7809904952476238
    }, 
    {
      "bounding_box": {
        "bottom_right": [
          521, 
          283
        ], 
        "top_left": [
          317, 
          110
        ]
      }, 
      "class": "019_pitcher_base", 
      "cuboid": [
        [
          -44.213702762294, 
          32.25164201813012, 
          66.32941110648389
        ], 
        [
          -26.26095577518684, 
          32.33643898505373, 
          72.1138090004124
        ], 
        [
          -29.217186546965934, 
          10.233454814892685, 
          81.61293580780486
        ], 
        [
          -47.169933534073095, 
          10.148657847969071, 
          75.82853791387633
        ], 
        [
          -40.46792661871083, 
          26.788782359715967, 
          54.783916022816484
        ], 
        [
          -22.515179631603665, 
          26.87357932663958, 
          60.568313916745
        ], 
        [
          -25.47141040338276, 
          4.7705951564785325, 
          70.06744072413746
        ], 
        [
          -43.42415739048992, 
          4.685798189554919, 
          64.28304283020894
        ]
      ], 
      "cuboid_centroid": [
        -34.84255658283838, 
        18.511118587304328, 
        68.19842591531066
      ], 
      "location": [
        -34.84255658283838, 
        18.511118587304328, 
        68.19842591531066
      ], 
      "pose_transform_permuted": [
        [
          -0.2814130140319123, 
          0.41041422198740485, 
          0.8673910146903377, 
          0.0
        ], 
        [
          -0.9518045844178049, 
          -0.004495698731819854, 
          -0.3066726466702698, 
          0.0
        ], 
        [
          0.12196325158006155, 
          0.9118881532354581, 
          -0.39189917230436233, 
          0.0
        ], 
        [
          -34.84255658283838, 
          18.511118587304328, 
          68.19842591531066, 
          1.0
        ]
      ], 
      "projected_cuboid": [
        [
          123.13559561123986, 
          532.6048703887731
        ], 
        [
          285.76499081556693, 
          512.431528376401
        ], 
        [
          289.0791615958416, 
          340.15953798148405
        ], 
        [
          147.07534843706765, 
          344.66438756324783
        ], 
        [
          84.36013549015628, 
          534.0744348487564
        ], 
        [
          281.6929826601613, 
          509.9153162647576
        ], 
        [
          286.1052992194715, 
          309.59800867362725
        ], 
        [
          118.32942772286769, 
          312.16192139908446
        ]
      ], 
      "projected_cuboid_centroid": [
        206.85358392360985, 
        418.0456276013677
      ], 
      "quaternion_xyzw": [
        -0.15222749314010153, 
        0.2076808956367543, 
        0.9658006720260138, 
        0.030406779641658215
      ], 
      "visibility": 0.15452006094464196
    }, 
    {
      "bounding_box": {
        "bottom_right": [
          489, 
          373
        ], 
        "top_left": [
          285, 
          157
        ]
      }, 
      "class": "035_power_drill", 
      "cuboid": [
        [
          -9.43397137989994, 
          18.265626019897173, 
          46.663017987307555
        ], 
        [
          -27.609290502090722, 
          18.427281769024756, 
          43.577375231545105
        ], 
        [
          -28.87408207036829, 
          0.9697422686290216, 
          50.11278320731648
        ], 
        [
          -10.698762948177507, 
          0.8080865195014428, 
          53.19842596307893
        ], 
        [
          -10.310835464202583, 
          20.302669215378195, 
          51.93472009964758
        ], 
        [
          -28.486154586393365, 
          20.464324964505774, 
          48.84907734388513
        ], 
        [
          -29.75094615467093, 
          3.0067854641100413, 
          55.384485319656505
        ], 
        [
          -11.57562703248015, 
          2.8451297149824626, 
          58.470128075418955
        ]
      ], 
      "cuboid_centroid": [
        -19.592458767285436, 
        10.63620574200361, 
        51.02375165348203
      ], 
      "location": [
        -19.592458767285436, 
        10.63620574200361, 
        51.02375165348203
      ], 
      "pose_transform_permuted": [
        [
          0.1533193565035892, 
          -0.35617623927378295, 
          -0.9217551385804297, 
          0.0
        ], 
        [
          0.9858548779933719, 
          -0.008768435247913629, 
          0.16736960391519415, 
          0.0
        ], 
        [
          0.06769528377922718, 
          0.9343777427104142, 
          -0.3497938384704486, 
          0.0
        ], 
        [
          -19.592458767285436, 
          10.63620574200361, 
          51.02375165348203, 
          1.0
        ]
      ], 
      "projected_cuboid": [
        [
          372.8760610747385, 
          482.0474899186047
        ], 
        [
          140.88625503415068, 
          498.8079279186481
        ], 
        [
          171.74713877001753, 
          283.6069095391092
        ], 
        [
          373.447069464488, 
          281.38768680200064
        ], 
        [
          374.8323403121425, 
          481.77540751672353
        ], 
        [
          168.00201723887236, 
          496.7099034447603
        ], 
        [
          192.72576793830976, 
          302.2400898858907
        ], 
        [
          375.1332061592761, 
          299.23762520506995
        ]
      ], 
      "projected_cuboid_centroid": [
        275.10266199868823, 
        384.4601900361014
      ], 
      "quaternion_xyzw": [
        0.9800494578443752, 
        -0.01950506640637382, 
        0.08180427983811671, 
        0.18008531918812978
      ], 
      "visibility": 0.9042463442069741
    }, 
    {
      "bounding_box": {
        "bottom_right": [
          320, 
          201
        ], 
        "top_left": [
          253, 
          93
        ]
      }, 
      "class": "061_foam_brick", 
      "cuboid": [
        [
          -35.641145482605026, 
          -2.1467635821376896, 
          50.45292759803106
        ], 
        [
          -28.060853218108118, 
          -2.0777862050338194, 
          52.23562400118546
        ], 
        [
          -27.58651518194217, 
          2.5226897945963245, 
          50.040662645305986
        ], 
        [
          -35.166807446439066, 
          2.4537124174924543, 
          48.2579662421516
        ], 
        [
          -36.7423724714209, 
          0.1583606765211092, 
          55.046318253347394
        ], 
        [
          -29.162080206923996, 
          0.22733805362497983, 
          56.829014656501776
        ], 
        [
          -28.68774217075804, 
          4.827814053255124, 
          54.63405330062232
        ], 
        [
          -36.26803443525495, 
          4.758836676151254, 
          52.85135689746793
        ]
      ], 
      "cuboid_centroid": [
        -32.164443826681534, 
        1.340525235558717, 
        52.54349044932669
      ], 
      "location": [
        -32.164443826681534, 
        1.340525235558717, 
        52.54349044932669
      ], 
      "pose_transform_permuted": [
        [
          0.2095180707808496, 
          -0.4385700609314435, 
          -0.8739327661043845, 
          0.0
        ], 
        [
          -0.9734047935793111, 
          -0.008857562106926453, 
          -0.22892062255362772, 
          0.0
        ], 
        [
          -0.09265681762876093, 
          -0.8986533509914219, 
          0.4287620189555025, 
          0.0
        ], 
        [
          -32.164443826681534, 
          1.340525235558717, 
          52.54349044932669, 
          1.0
        ]
      ], 
      "projected_cuboid": [
        [
          101.70780384767555, 
          250.59387943217507
        ], 
        [
          192.71151524808064, 
          252.07258497568114
        ], 
        [
          185.13746089278575, 
          300.17267015079847
        ], 
        [
          89.71475122478057, 
          300.4035714086731
        ], 
        [
          122.64979574863379, 
          274.82082497233324
        ], 
        [
          205.64089574032846, 
          275.4200227291661
        ], 
        [
          199.22308144444912, 
          320.4140641845935
        ], 
        [
          112.56881586552691, 
          321.3076474002199
        ]
      ], 
      "projected_cuboid_centroid": [
        152.40537673717685, 
        286.89294961767894
      ], 
      "quaternion_xyzw": [
        0.02164844990785324, 
        0.9677281269389556, 
        -0.2240639844349738, 
        0.11326494526962688
      ], 
      "visibility": 0.9998488512696493
    }
  ]
}