{
  "camera_data": {
    "location_worldframe": [
      -12.424952402063983, 
      -2.249397825913774, 
      70.57411830930124
    ], 
    "quaternion_xyzw_worldframe": [
      -0.8322665659406775, 
      -0.07635489194719651, 
      -0.14462628240543512, 
      0.529705763894085
    ]
  }, 
  "objects": [
    {
      "bounding_box": {
        "bottom_right": [
          483, 
          352
        ], 
        "top_left": [
          269, 
          182
        ]
      }, 
      "class": "003_cracker_box", 
      "cuboid": [
        [
          -12.944327722967907, 
          18.761812438859852, 
          55.21145023971855
        ], 
        [
          -28.50731519495733, 
          19.934289474967652, 
          50.16201123784353
        ], 
        [
          -32.28015817731681, 
          0.13850445917558823, 
          57.1938032274717
        ], 
        [
          -16.717170705327383, 
          -1.0339725769322072, 
          62.243242229346706
        ], 
        [
          -14.825144116324672, 
          21.396764965055127, 
          61.620190553861434
        ], 
        [
          -30.388131588314092, 
          22.56924200116292, 
          56.57075155198642
        ], 
        [
          -34.16097457067357, 
          2.7734569853708577, 
          63.60254354161457
        ], 
        [
          -18.59798709868415, 
          1.600979949263062, 
          68.6519825434896
        ]
      ], 
      "cuboid_centroid": [
        -23.55265114682074, 
        10.767634712115356, 
        59.40699689066656
      ], 
      "location": [
        -23.55265114682074, 
        10.767634712115356, 
        59.40699689066656
      ], 
      "pose_transform_permuted": [
        [
          0.26195215018437773, 
          -0.36698504027749673, 
          -0.892582237794538, 
          0.0
        ], 
        [
          0.9487543475054725, 
          -0.07147680915118054, 
          0.3078250377130338, 
          0.0
        ], 
        [
          0.17676611412611348, 
          0.9274767091232479, 
          -0.32945514858727587, 
          0.0
        ], 
        [
          -23.55265114682074, 
          10.767634712115356, 
          59.40699689066656, 
          1.0
        ]
      ], 
      "projected_cuboid": [
        [
          355.5182638175813, 
          454.5178214558494
        ], 
        [
          175.983159717381, 
          485.2267431537137
        ], 
        [
          178.0832865194496, 
          274.57806147290665
        ], 
        [
          337.16543985013055, 
          264.42713728203074
        ], 
        [
          352.21692611532836, 
          458.47443937878126
        ], 
        [
          192.72617223127534, 
          486.057597342167
        ], 
        [
          192.7636056051662, 
          296.54250922122225
        ], 
        [
          335.9155039811621, 
          285.7236727526773
        ]
      ], 
      "projected_cuboid_centroid": [
        268.39376016183377, 
        369.95175852731234
      ], 
      "quaternion_xyzw": [
        0.9706715838046432, 
        -0.06393586858293547, 
        0.1467481889353641, 
        0.17937070593305265
      ], 
      "visibility": 0.46830482115085537
    }, 
    {
      "bounding_box": {
        "bottom_right": [
          453, 
          379
        ], 
        "top_left": [
          306, 
          302
        ]
      }, 
      "class": "006_mustard_bottle", 
      "cuboid": [
        [
          -11.401257918348195, 
          21.92366556805419, 
          67.84694350895094
        ], 
        [
          -19.5991037948135, 
          21.260362186682787, 
          62.890995625832346
        ], 
        [
          -22.621106770197073, 
          3.850192693016426, 
          70.21999499839154
        ], 
        [
          -14.423260893731765, 
          4.513496074387829, 
          75.17594288151014
        ], 
        [
          -14.291441700700167, 
          24.303756936796844, 
          72.30916931742843
        ], 
        [
          -22.489287577165474, 
          23.640453555425438, 
          67.35322143430983
        ], 
        [
          -25.511290552549042, 
          6.230284061759077, 
          74.68222080686903
        ], 
        [
          -17.313444676083737, 
          6.893587443130481, 
          79.63816868998762
        ]
      ], 
      "cuboid_centroid": [
        -18.456274235448618, 
        14.076974814906634, 
        71.26458215790998
      ], 
      "location": [
        -18.456274235448618, 
        14.076974814906634, 
        71.26458215790998
      ], 
      "pose_transform_permuted": [
        [
          0.49617739493844853, 
          -0.4086063807669645, 
          -0.766060480581521, 
          0.0
        ], 
        [
          0.8537288620523628, 
          0.06907683426927978, 
          0.5161155516221979, 
          0.0
        ], 
        [
          0.15797109977743076, 
          0.9100929564362409, 
          -0.3831134848582754, 
          0.0
        ], 
        [
          -18.456274235448618, 
          14.076974814906634, 
          71.26458215790998, 
          1.0
        ]
      ], 
      "projected_cuboid": [
        [
          391.22916232406624, 
          445.62031718544165
        ], 
        [
          314.0103947681326, 
          453.57574133460884
        ], 
        [
          308.35841728068016, 
          302.52868136545493
        ], 
        [
          378.4216325085144, 
          305.30656663383496
        ], 
        [
          375.3114737643304, 
          452.54000806522464
        ], 
        [
          302.03728876743986, 
          460.4775374268429
        ], 
        [
          297.89800446130363, 
          317.7781514197647
        ], 
        [
          364.6864504329407, 
          319.4514014156494
        ]
      ], 
      "projected_cuboid_centroid": [
        342.32564020544305, 
        378.6337681660077
      ], 
      "quaternion_xyzw": [
        0.9393990498012711, 
        -0.023657216155093107, 
        0.26939907666896085, 
        0.21069849543512081
      ], 
      "visibility": 0.05205065644243058
    }, 
    {
      "bounding_box": {
        "bottom_right": [
          356, 
          330
        ], 
        "top_left": [
          263, 
          213
        ]
      }, 
      "class": "008_pudding_box", 
      "cuboid": [
        [
          -15.488661499605671, 
          7.005364476950819, 
          56.2341896880375
        ], 
        [
          -26.092555746747685, 
          7.650861085171473, 
          52.19523790485384
        ], 
        [
          -27.732079823294214, 
          -0.6634843058380981, 
          55.17089450856882
        ], 
        [
          -17.128185576152205, 
          -1.308980914058753, 
          59.20984629175249
        ], 
        [
          -16.681842290071966, 
          8.44408094663604, 
          59.596715653782795
        ], 
        [
          -27.285736537213978, 
          9.089577554856696, 
          55.55776387059913
        ], 
        [
          -28.92526061376051, 
          0.775232163847123, 
          58.53342047431411
        ], 
        [
          -18.3213663666185, 
          0.12973555562646802, 
          62.572372257497776
        ]
      ], 
      "cuboid_centroid": [
        -22.20696105668309, 
        3.890298320398971, 
        57.38380508117581
      ], 
      "location": [
        -22.20696105668309, 
        3.890298320398971, 
        57.38380508117581
      ], 
      "pose_transform_permuted": [
        [
          0.3101507068785124, 
          -0.37397428255297965, 
          -0.8740417324064473, 
          0.0
        ], 
        [
          0.9329978666718116, 
          -0.05679488538619484, 
          0.3553725932636797, 
          0.0
        ], 
        [
          0.18254050868458271, 
          0.9256984138049822, 
          -0.33130216133020246, 
          0.0
        ], 
        [
          -22.20696105668309, 
          3.890298320398971, 
          57.38380508117581, 
          1.0
        ]
      ], 
      "projected_cuboid": [
        [
          333.4799737028782, 
          339.72473302853354
        ], 
        [
          212.767226051175, 
          351.4613717140072
        ], 
        [
          211.28579716150455, 
          266.8728450989461
        ], 
        [
          326.03304604960135, 
          261.4961821675571
        ], 
        [
          331.0704094332447, 
          348.8509995682962
        ], 
        [
          217.48839575770546, 
          360.5407644843007
        ], 
        [
          215.8520598656234, 
          280.349964159737
        ], 
        [
          324.13825407112574, 
          274.3923057500673
        ]
      ], 
      "projected_cuboid_centroid": [
        273.4877500222371, 
        309.4425976172783
      ], 
      "quaternion_xyzw": [
        0.9660147531072237, 
        -0.06193885582516884, 
        0.1722342484940087, 
        0.18252217205136706
      ], 
      "visibility": 0.8257421716144774
    }, 
    {
      "bounding_box": {
        "bottom_right": [
          501, 
          315
        ], 
        "top_left": [
          293, 
          139
        ]
      }, 
      "class": "019_pitcher_base", 
      "cuboid": [
        [
          -39.86358552466962, 
          29.213768521651495, 
          63.74308542681813
        ], 
        [
          -22.836699711826096, 
          29.0736288097309, 
          71.85684499199509
        ], 
        [
          -27.137414139034444, 
          6.83965375151385, 
          80.4979576652282
        ], 
        [
          -44.164299951877965, 
          6.9797934634344445, 
          72.38419810005125
        ], 
        [
          -34.64660334273903, 
          23.914217334313783, 
          52.70361146206057
        ], 
        [
          -17.6197175298955, 
          23.77407762239319, 
          60.81737102723752
        ], 
        [
          -21.920431957103848, 
          1.540102564176138, 
          69.45848370047064
        ], 
        [
          -38.94731776994737, 
          1.6802422760967328, 
          61.344724135293696
        ]
      ], 
      "cuboid_centroid": [
        -30.892008740886734, 
        15.376935542913817, 
        66.60078456364438
      ], 
      "location": [
        -30.892008740886734, 
        15.376935542913817, 
        66.60078456364438
      ], 
      "pose_transform_permuted": [
        [
          -0.3919419163590153, 
          0.3981451681782782, 
          0.8293746136087716, 
          0.0
        ], 
        [
          -0.9027180067017905, 
          0.0074298167495372045, 
          -0.43016890710626815, 
          0.0
        ], 
        [
          0.17743172172717236, 
          0.9172923573954247, 
          -0.35650065243821993, 
          0.0
        ], 
        [
          -30.892008740886734, 
          15.376935542913817, 
          66.60078456364438, 
          1.0
        ]
      ], 
      "projected_cuboid": [
        [
          145.29075801501264, 
          517.7095172975655
        ], 
        [
          310.69121605088276, 
          489.0702340204919
        ], 
        [
          300.3064465305894, 
          318.6009955601272
        ], 
        [
          153.48717757145414, 
          324.7129630610399
        ], 
        [
          128.07866493186188, 
          515.279829651428
        ], 
        [
          325.7986527654898, 
          481.76613770261883
        ], 
        [
          311.8838975250751, 
          285.11183006683774
        ], 
        [
          140.17461781155487, 
          287.8942507545519
        ]
      ], 
      "projected_cuboid_centroid": [
        232.16140782103895, 
        396.42053569522454
      ], 
      "quaternion_xyzw": [
        -0.21517436513525395, 
        0.1975164791878997, 
        0.9551681759912736, 
        0.04838455235510234
      ], 
      "visibility": 0.19453483521068002
    }, 
    {
      "bounding_box": {
        "bottom_right": [
          457, 
          441
        ], 
        "top_left": [
          254, 
          233
        ]
      }, 
      "class": "035_power_drill", 
      "cuboid": [
        [
          -2.8525816425755526, 
          15.301014798220155, 
          48.62258402907642
        ], 
        [
          -20.45685807327123, 
          15.644890554445626, 
          43.158084984623926
        ], 
        [
          -22.6647421805965, 
          -1.9079646128022654, 
          49.166367915302125
        ], 
        [
          -5.060465749900822, 
          -2.2518403690277355, 
          54.63086695975462
        ], 
        [
          -4.410866918121123, 
          17.257540356450022, 
          53.76583528716764
        ], 
        [
          -22.0151433488168, 
          17.60141611267549, 
          48.301336242715145
        ], 
        [
          -24.22302745614207, 
          0.048560945427600366, 
          54.309619173393344
        ], 
        [
          -6.618751025446393, 
          -0.2953148107978698, 
          59.77411821784584
        ]
      ], 
      "cuboid_centroid": [
        -13.537804549358812, 
        7.674787871823878, 
        51.46610160123488
      ], 
      "location": [
        -13.537804549358812, 
        7.674787871823878, 
        51.46610160123488
      ], 
      "pose_transform_permuted": [
        [
          0.27246559640502427, 
          -0.34209776057733393, 
          -0.899295554856658, 
          0.0
        ], 
        [
          0.9548807190711457, 
          -0.018652304777671283, 
          0.296402115558247, 
          0.0
        ], 
        [
          0.11817230992500506, 
          0.9394793114415769, 
          -0.3215805894184201, 
          0.0
        ], 
        [
          -13.537804549358812, 
          7.674787871823878, 
          51.46610160123488, 
          1.0
        ]
      ], 
      "projected_cuboid": [
        [
          450.0476194871534, 
          441.1165905636345
        ], 
        [
          226.69784932267075, 
          466.6159341357775
        ], 
        [
          233.69828513641963, 
          252.5903805235991
        ], 
        [
          431.78390403854155, 
          251.30353398000616
        ], 
        [
          437.4797313354692, 
          444.46930079546
        ], 
        [
          236.49097346617117, 
          467.6327121175546
        ], 
        [
          241.74503612578596, 
          273.76340568126506
        ], 
        [
          422.050793050736, 
          270.65166562372036
        ]
      ], 
      "projected_cuboid_centroid": [
        340.1419376575582, 
        352.81684125643335
      ], 
      "quaternion_xyzw": [
        0.9738654405729495, 
        -0.035124106730335086, 
        0.1460334478109707, 
        0.17037218961309875
      ], 
      "visibility": 0.8990113692535838
    }, 
    {
      "bounding_box": {
        "bottom_right": [
          291, 
          250
        ], 
        "top_left": [
          221, 
          153
        ]
      }, 
      "class": "061_foam_brick", 
      "cuboid": [
        [
          -29.43253188427033, 
          -4.980551324606655, 
          48.55275790931325
        ], 
        [
          -22.155492681900775, 
          -4.995713457290582, 
          51.32549405191181
        ], 
        [
          -21.37117162744987, 
          -0.36338098691162407, 
          49.29237631873728
        ], 
        [
          -28.648210829819433, 
          -0.34821885422769655, 
          46.519640176138715
        ], 
        [
          -31.12187169498757, 
          -2.7432274449431278, 
          52.998660438891946
        ], 
        [
          -23.84483249261801, 
          -2.7583895776270553, 
          55.77139658149052
        ], 
        [
          -23.060511438167104, 
          1.8739428927519028, 
          53.73827884831598
        ], 
        [
          -30.337550640536666, 
          1.8891050254358306, 
          50.96554270571742
        ]
      ], 
      "cuboid_centroid": [
        -26.24652166121872, 
        -1.5533042159273758, 
        51.145518378814614
      ], 
      "location": [
        -26.24652166121872, 
        -1.5533042159273758, 
        51.145518378814614
      ], 
      "pose_transform_permuted": [
        [
          0.3214116813604002, 
          -0.4256704455482657, 
          -0.8458718596051182, 
          0.0
        ], 
        [
          -0.9344632892094985, 
          0.0019470083897088486, 
          -0.35605416761792685, 
          0.0
        ], 
        [
          -0.15320865577650994, 
          -0.9048761688458099, 
          0.39714761342614646, 
          0.0
        ], 
        [
          -26.24652166121872, 
          -1.5533042159273758, 
          51.145518378814614, 
          1.0
        ]
      ], 
      "projected_cuboid": [
        [
          155.60618242988352, 
          218.578511686348
        ], 
        [
          249.4623964258368, 
          221.3764323331595
        ], 
        [
          248.44444026832636, 
          269.3549321035024
        ], 
        [
          150.4256133170683, 
          269.2944190938884
        ], 
        [
          165.8112996744402, 
          245.68174749493633
        ], 
        [
          251.67826283652437, 
          246.90916050955892
        ], 
        [
          250.8283591612134, 
          291.8842762020797
        ], 
        [
          161.48975232099593, 
          293.0547313773025
        ]
      ], 
      "projected_cuboid_centroid": [
        205.63085759136754, 
        257.08946767625855
      ], 
      "quaternion_xyzw": [
        0.04041163678264435, 
        0.9598452111747531, 
        -0.21431009119881064, 
        0.17645184897812258
      ], 
      "visibility": 0.9645949288806431
    }
  ]
}