{
  "camera_data": {
    "location_worldframe": [
      -13.248641592305091, 
      -1.5548078039965065, 
      69.97165899926748
    ], 
    "quaternion_xyzw_worldframe": [
      -0.8351477583670653, 
      -0.06317802286803446, 
      -0.12495731149298249, 
      0.5319057519901695
    ]
  }, 
  "objects": [
    {
      "bounding_box": {
        "bottom_right": [
          489, 
          337
        ], 
        "top_left": [
          275, 
          165
        ]
      }, 
      "class": "003_cracker_box", 
      "cuboid": [
        [
          -14.482908366877147, 
          19.47892028734428, 
          54.68077443810817
        ], 
        [
          -30.268590263556984, 
          20.672150975159003, 
          50.38350050343192
        ], 
        [
          -33.71912981735287, 
          0.869551276388665, 
          57.56015495410367
        ], 
        [
          -17.933447920673036, 
          -0.32367941142605605, 
          61.85742888877993
        ], 
        [
          -16.052435239574596, 
          22.106282257495547, 
          61.1758458009668
        ], 
        [
          -31.838117136254436, 
          23.29951294531027, 
          56.87857186629054
        ], 
        [
          -35.288656690050324, 
          3.4969132465399304, 
          64.0552263169623
        ], 
        [
          -19.502974793370488, 
          2.303682558725209, 
          68.35250025163855
        ]
      ], 
      "cuboid_centroid": [
        -24.885782528463736, 
        11.487916766942107, 
        59.36800037753523
      ], 
      "location": [
        -24.885782528463736, 
        11.487916766942107, 
        59.36800037753523
      ], 
      "pose_transform_permuted": [
        [
          0.21859706270503107, 
          -0.3659278597446997, 
          -0.9046060610229165, 
          0.0
        ], 
        [
          0.9623302951807204, 
          -0.07274199794086497, 
          0.26197138147698307, 
          0.0
        ], 
        [
          0.16166547916645785, 
          0.9277959922300996, 
          -0.33624227819779784, 
          0.0
        ], 
        [
          -24.885782528463736, 
          11.487916766942107, 
          59.36800037753523, 
          1.0
        ]
      ], 
      "projected_cuboid": [
        [
          339.16333305605883, 
          463.27085614483093
        ], 
        [
          158.5278390608346, 
          492.1054535224825
        ], 
        [
          166.57125405637325, 
          281.3433044136889
        ], 
        [
          325.6907668114261, 
          270.4958534689379
        ], 
        [
          340.4887287559489, 
          466.0049725967665
        ], 
        [
          180.5804783232019, 
          491.7534601343801
        ], 
        [
          185.33756153580703, 
          302.4016066848374
        ], 
        [
          328.15720888071127, 
          291.26099418208486
        ]
      ], 
      "projected_cuboid_centroid": [
        256.1780165096761, 
        376.4857520814392
      ], 
      "quaternion_xyzw": [
        0.9740036381392188, 
        -0.06016596548734295, 
        0.12334872924605143, 
        0.18022780163428231
      ], 
      "visibility": 0.4414167257482815
    }, 
    {
      "bounding_box": {
        "bottom_right": [
          459, 
          373
        ], 
        "top_left": [
          311, 
          296
        ]
      }, 
      "class": "006_mustard_bottle", 
      "cuboid": [
        [
          -12.334038152382266, 
          22.621263843718605, 
          67.23232724824189
        ], 
        [
          -20.760269921177922, 
          21.97218314913846, 
          62.67344797361003
        ], 
        [
          -23.444333046458475, 
          4.5541120975590985, 
          70.11437140864369
        ], 
        [
          -15.018101277662824, 
          5.203192792139245, 
          74.67325068327555
        ], 
        [
          -15.005152649027265, 
          24.997434905812327, 
          71.83106781655593
        ], 
        [
          -23.43138441782292, 
          24.34835421123218, 
          67.27218854192407
        ], 
        [
          -26.115447543103475, 
          6.93028315965282, 
          74.71311197695773
        ], 
        [
          -17.68921577430782, 
          7.579363854232966, 
          79.2719912515896
        ]
      ], 
      "cuboid_centroid": [
        -19.22474284774287, 
        14.775773501685713, 
        70.9727196125998
      ], 
      "location": [
        -19.22474284774287, 
        14.775773501685713, 
        70.9727196125998
      ], 
      "pose_transform_permuted": [
        [
          0.4585682891933956, 
          -0.4079333552132596, 
          -0.7894968925910144, 
          0.0
        ], 
        [
          0.8775131135382018, 
          0.06759567465825497, 
          0.47476457523298826, 
          0.0
        ], 
        [
          0.1403057532459247, 
          0.9105059996409097, 
          -0.38896416316159665, 
          0.0
        ], 
        [
          -19.22474284774287, 
          14.775773501685713, 
          70.9727196125998, 
          1.0
        ]
      ], 
      "projected_cuboid": [
        [
          382.9421186623729, 
          452.7294265102119
        ], 
        [
          303.4653957227348, 
          460.25878759171314
        ], 
        [
          301.78345199252743, 
          307.9270420148989
        ], 
        [
          373.4432870036583, 
          310.4479657440051
        ], 
        [
          369.26084159326507, 
          458.8834108883272
        ], 
        [
          294.29001546043907, 
          466.3151044706197
        ], 
        [
          293.625404871277, 
          322.75651223580644
        ], 
        [
          361.5972608897523, 
          324.2783587698517
        ]
      ], 
      "projected_cuboid_centroid": [
        335.9301845325206, 
        384.3180640095191
      ], 
      "quaternion_xyzw": [
        0.9457161315334172, 
        -0.019220904710004014, 
        0.24672648411766157, 
        0.21065980895417816
      ], 
      "visibility": 0.027011560032047615
    }, 
    {
      "bounding_box": {
        "bottom_right": [
          363, 
          315
        ], 
        "top_left": [
          269, 
          199
        ]
      }, 
      "class": "008_pudding_box", 
      "cuboid": [
        [
          -16.986387480672445, 
          7.723220111327475, 
          55.80768729993356
        ], 
        [
          -27.77080263758179, 
          8.383722791130301, 
          52.28171275151784
        ], 
        [
          -29.273829016907772, 
          0.06653220408954566, 
          55.32081840017524
        ], 
        [
          -18.489413859998425, 
          -0.5939704757132791, 
          58.846792948590966
        ], 
        [
          -18.015947000401834, 
          9.158134091901845, 
          59.225463684204385
        ], 
        [
          -28.800362157311177, 
          9.81863677170467, 
          55.69948913578866
        ], 
        [
          -30.30338853663716, 
          1.5014461846639147, 
          58.738594784446065
        ], 
        [
          -19.51897337972781, 
          0.84094350486109, 
          62.26456933286178
        ]
      ], 
      "cuboid_centroid": [
        -23.644888008654803, 
        4.612333147995695, 
        57.27314104218981
      ], 
      "location": [
        -23.644888008654803, 
        4.612333147995695, 
        57.27314104218981
      ], 
      "pose_transform_permuted": [
        [
          0.26761963934466454, 
          -0.3729858785365458, 
          -0.888403308202796, 
          0.0
        ], 
        [
          0.9488812411922596, 
          -0.05811521473378917, 
          0.31023760280310475, 
          0.0
        ], 
        [
          0.16734319658569774, 
          0.9260151908125718, 
          -0.33836641924810823, 
          0.0
        ], 
        [
          -23.644888008654803, 
          4.612333147995695, 
          57.27314104218981, 
          1.0
        ]
      ], 
      "projected_cuboid": [
        [
          317.9158914383528, 
          347.0925802991408
        ], 
        [
          195.9496100009277, 
          358.80790499629524
        ], 
        [
          197.0312878131997, 
          273.9279407729815
        ], 
        [
          312.6338854450345, 
          267.9034734055949
        ], 
        [
          318.0132414511764, 
          355.75465140240595
        ], 
        [
          203.53709567773538, 
          367.29945177367
        ], 
        [
          204.16326202331572, 
          286.9189828211083
        ], 
        [
          313.0164194487204, 
          280.4895371234577
        ]
      ], 
      "projected_cuboid_centroid": [
        259.58427662476043, 
        316.2359475506344
      ], 
      "quaternion_xyzw": [
        0.9699613059560195, 
        -0.05811015602763379, 
        0.14893822016390074, 
        0.18334553487252936
      ], 
      "visibility": 0.810818888224746
    }, 
    {
      "bounding_box": {
        "bottom_right": [
          505, 
          307
        ], 
        "top_left": [
          299, 
          131
        ]
      }, 
      "class": "019_pitcher_base", 
      "cuboid": [
        [
          -40.95321539149739, 
          29.941944948996674, 
          64.50537544532654
        ], 
        [
          -23.557703986318316, 
          29.775340859961663, 
          71.79481986405769
        ], 
        [
          -27.460813583076533, 
          7.5327093854162195, 
          80.60082351319271
        ], 
        [
          -44.85632498825561, 
          7.699313474451228, 
          73.31137909446157
        ], 
        [
          -36.275453491342574, 
          24.6537414437294, 
          53.22151180804819
        ], 
        [
          -18.8799420861635, 
          24.48713735469439, 
          60.510956226779335
        ], 
        [
          -22.783051682921716, 
          2.244505880148945, 
          69.31695987591436
        ], 
        [
          -40.178563088100795, 
          2.411109969183953, 
          62.02751545718321
        ]
      ], 
      "cuboid_centroid": [
        -31.86813353720955, 
        16.09322541457281, 
        66.91116766062045
      ], 
      "location": [
        -31.86813353720955, 
        16.09322541457281, 
        66.91116766062045
      ], 
      "pose_transform_permuted": [
        [
          -0.3514313255214907, 
          0.397292638477808, 
          0.8477351433644446, 
          0.0
        ], 
        [
          -0.9222615077030957, 
          0.008832884228812081, 
          -0.3864660166262987, 
          0.0
        ], 
        [
          0.1610280030362755, 
          0.9176494894206104, 
          -0.3633034500307446, 
          0.0
        ], 
        [
          -31.86813353720955, 
          16.09322541457281, 
          66.91116766062045, 
          1.0
        ]
      ], 
      "projected_cuboid": [
        [
          140.18109407194456, 
          520.8414973827175
        ], 
        [
          305.1430356432371, 
          494.4692417793082
        ], 
        [
          298.3801142176954, 
          323.12897450346406
        ], 
        [
          152.56059687767046, 
          329.296869578219
        ], 
        [
          115.06043840998312, 
          520.3355725485189
        ], 
        [
          313.81004100548347, 
          489.1064605441641
        ], 
        [
          304.84515393869475, 
          290.5556008856518
        ], 
        [
          133.25834623040177, 
          294.0175338026787
        ]
      ], 
      "projected_cuboid_centroid": [
        225.4733735960562, 
        401.55858239578714
      ], 
      "quaternion_xyzw": [
        -0.19212829566858, 
        0.19803842869523255, 
        0.9601622441660772, 
        0.04422713148146532
      ], 
      "visibility": 0.18138932954830092
    }, 
    {
      "bounding_box": {
        "bottom_right": [
          466, 
          422
        ], 
        "top_left": [
          261, 
          209
        ]
      }, 
      "class": "035_power_drill", 
      "cuboid": [
        [
          -4.721300150314532, 
          16.018856761167605, 
          47.61172518832083
        ], 
        [
          -22.566573631027403, 
          16.385863638203013, 
          42.99641703591499
        ], 
        [
          -24.500828621372957, 
          -1.1736941103762513, 
          49.07897651655081
        ], 
        [
          -6.655555140660084, 
          -1.540700987411661, 
          53.69428466895665
        ], 
        [
          -6.029848042143311, 
          17.969333011440202, 
          52.82637988213889
        ], 
        [
          -23.87512152285618, 
          18.336339888475614, 
          48.21107172973305
        ], 
        [
          -25.80937651320173, 
          0.7767821398963495, 
          54.293631210368865
        ], 
        [
          -7.964103032488863, 
          0.4097752628609397, 
          58.9089393627747
        ]
      ], 
      "cuboid_centroid": [
        -15.265338331758132, 
        8.397819450531976, 
        50.952678199344845
      ], 
      "location": [
        -15.265338331758132, 
        8.397819450531976, 
        50.952678199344845
      ], 
      "pose_transform_permuted": [
        [
          0.2287991084603164, 
          -0.3410400413482042, 
          -0.9117804188324602, 
          0.0
        ], 
        [
          0.9679527380956361, 
          -0.019906969310966423, 
          0.2503408069427852, 
          0.0
        ], 
        [
          0.10352689230143007, 
          0.9398380528790287, 
          -0.32555608407986103, 
          0.0
        ], 
        [
          -15.265338331758132, 
          8.397819450531976, 
          50.952678199344845, 
          1.0
        ]
      ], 
      "projected_cuboid": [
        [
          428.2710170026544, 
          452.7206999857104
        ], 
        [
          199.35282315756015, 
          476.5337517696454
        ], 
        [
          213.13865829386816, 
          260.5325219414879
        ], 
        [
          414.93973126600963, 
          257.98349384063465
        ], 
        [
          420.2141896204682, 
          454.6996352428099
        ], 
        [
          215.28518646208235, 
          476.1264416663643
        ], 
        [
          225.96203968641296, 
          280.91677228017187
        ], 
        [
          408.89489365652474, 
          276.9963513772769
        ]
      ], 
      "projected_cuboid_centroid": [
        320.4838565124711, 
        361.18616813202146
      ], 
      "quaternion_xyzw": [
        0.977186165708347, 
        -0.03157890122270642, 
        0.12258153364660573, 
        0.17053969571521205
      ], 
      "visibility": 0.9269028243178554
    }, 
    {
      "bounding_box": {
        "bottom_right": [
          299, 
          234
        ], 
        "top_left": [
          229, 
          132
        ]
      }, 
      "class": "061_foam_brick", 
      "cuboid": [
        [
          -31.29308267190573, 
          -4.239529719797018, 
          48.78561683463993
        ], 
        [
          -23.891717206531904, 
          -4.265000462534388, 
          51.206925499143374
        ], 
        [
          -23.201246731612027, 
          0.36957084417711117, 
          49.14507422521469
        ], 
        [
          -30.602612196985852, 
          0.39504158691448277, 
          46.72376556071125
        ], 
        [
          -32.765648796351286, 
          -2.007141437581194, 
          53.31038511684644
        ], 
        [
          -25.36428333097746, 
          -2.0326121803185653, 
          55.731693781349875
        ], 
        [
          -24.67381285605758, 
          2.601959126392935, 
          53.669842507421194
        ], 
        [
          -32.07517832143141, 
          2.6274298691303066, 
          51.24853384291775
        ]
      ], 
      "cuboid_centroid": [
        -27.983447763981655, 
        -0.8187852967020413, 
        51.227729671030566
      ], 
      "location": [
        -27.983447763981655, 
        -0.8187852967020413, 
        51.227729671030566
      ], 
      "pose_transform_permuted": [
        [
          0.2801685906942949, 
          -0.4247314049454689, 
          -0.8608767591481494, 
          0.0
        ], 
        [
          -0.9504283438740746, 
          0.0032707634760608117, 
          -0.3109264627963784, 
          0.0
        ], 
        [
          -0.13487595763944216, 
          -0.9053135013680798, 
          0.40276040060004853, 
          0.0
        ], 
        [
          -27.983447763981655, 
          -0.8187852967020413, 
          51.227729671030566, 
          1.0
        ]
      ], 
      "projected_cuboid": [
        [
          136.6533139528729, 
          226.9404144781162
        ], 
        [
          230.6914403671412, 
          228.8666036320936
        ], 
        [
          227.72023896474607, 
          277.29710000979867
        ], 
        [
          129.37837495502552, 
          277.7956654445193
        ], 
        [
          151.0763477606653, 
          253.20700127371666
        ], 
        [
          236.85304666025945, 
          253.83563298994102
        ], 
        [
          234.36905208443366, 
          299.14232014670546
        ], 
        [
          145.0239913259602, 
          300.6289748775034
        ]
      ], 
      "projected_cuboid_centroid": [
        187.84032057697277, 
        264.76236101813845
      ], 
      "quaternion_xyzw": [
        0.03582915679302014, 
        0.9639266834659035, 
        -0.21461481971071195, 
        0.15330394511056764
      ], 
      "visibility": 0.9809022556390977
    }
  ]
}