{
  "camera_data": {
    "location_worldframe": [
      -21.996553009029004, 
      10.162838369144382, 
      81.07330999299174
    ], 
    "quaternion_xyzw_worldframe": [
      0.9460383746460993, 
      0.039257884933529705, 
      -0.11321681383615059, 
      -0.3010899198069036
    ]
  }, 
  "objects": [
    {
      "bounding_box": {
        "bottom_right": [
          481, 
          283
        ], 
        "top_left": [
          315, 
          65
        ]
      }, 
      "class": "003_cracker_box", 
      "cuboid": [
        [
          -33.729056956419306, 
          20.001744297471323, 
          60.01866362434188
        ], 
        [
          -49.78397773583544, 
          18.417319191224237, 
          62.986361644107745
        ], 
        [
          -45.48231601483117, 
          5.263267923198807, 
          79.23505970957136
        ], 
        [
          -29.427395235415034, 
          6.847693029445891, 
          76.2673616898055
        ], 
        [
          -33.456461162369585, 
          25.613403528706506, 
          64.48938725038968
        ], 
        [
          -49.51138194178573, 
          24.028978422459424, 
          67.45708527015555
        ], 
        [
          -45.20972022078145, 
          10.874927154433992, 
          83.70578333561916
        ], 
        [
          -29.154799441365313, 
          12.459352260681076, 
          80.7380853158533
        ]
      ], 
      "cuboid_centroid": [
        -39.46938858860038, 
        15.438335725952657, 
        71.86222347998053
      ], 
      "location": [
        -39.46938858860038, 
        15.438335725952657, 
        71.86222347998053
      ], 
      "pose_transform_permuted": [
        [
          -0.037965988936910194, 
          -0.781568156740982, 
          -0.6226634725536311, 
          0.0
        ], 
        [
          0.9787436965905287, 
          0.09659008018571538, 
          -0.18091747509299524, 
          0.0
        ], 
        [
          -0.2015424522733359, 
          0.6162966597169103, 
          -0.7612877689503685, 
          0.0
        ], 
        [
          -39.46938858860038, 
          15.438335725952657, 
          71.86222347998053, 
          1.0
        ]
      ], 
      "projected_cuboid": [
        [
          179.38652172514966, 
          451.01995101092615
        ], 
        [
          56.55216743566046, 
          429.2300904871784
        ], 
        [
          172.91107718963394, 
          308.71282358287556
        ], 
        [
          274.10340542385785, 
          321.1708322749954
        ], 
        [
          202.61037463411103, 
          485.10634703756097
        ], 
        [
          86.89516973567262, 
          463.26101886764366
        ], 
        [
          191.14926702228988, 
          342.57460131350996
        ], 
        [
          287.40863838488434, 
          355.5874313981405
        ]
      ], 
      "projected_cuboid_centroid": [
        186.2371990462375, 
        387.8608772588024
      ], 
      "quaternion_xyzw": [
        0.8968979636587806, 
        0.08310101721127162, 
        -0.061011250136246906, 
        0.43005335841032205
      ], 
      "visibility": 0.4390761999457652
    }, 
    {
      "bounding_box": {
        "bottom_right": [
          506, 
          323
        ], 
        "top_left": [
          380, 
          218
        ]
      }, 
      "class": "006_mustard_bottle", 
      "cuboid": [
        [
          -28.06065250748676, 
          29.312620045083605, 
          67.31333715598035
        ], 
        [
          -37.12848491708306, 
          26.18341618166209, 
          67.74757946486861
        ], 
        [
          -32.62402633913939, 
          15.213450302838133, 
          82.75858999452377
        ], 
        [
          -23.556193929543102, 
          18.34265416625965, 
          82.32434768563553
        ], 
        [
          -29.399081616251934, 
          33.690877839157515, 
          70.91457619200908
        ], 
        [
          -38.46691402584822, 
          30.561673975736003, 
          71.34881850089734
        ], 
        [
          -33.96245544790456, 
          19.591708096912047, 
          86.35982903055252
        ], 
        [
          -24.894623038308268, 
          22.720911960333563, 
          85.92558672166426
        ]
      ], 
      "cuboid_centroid": [
        -31.011553977695662, 
        24.452164070997824, 
        76.83658309326643
      ], 
      "location": [
        -31.011553977695662, 
        24.452164070997824, 
        76.83658309326643
      ], 
      "pose_transform_permuted": [
        [
          0.22977717629999986, 
          -0.7516451237106817, 
          -0.6182490588862429, 
          0.0
        ], 
        [
          0.9443298106580277, 
          0.32587727235981956, 
          -0.045222269094672134, 
          0.0
        ], 
        [
          -0.23546445230396404, 
          0.5734400622748412, 
          -0.7846801811435151, 
          0.0
        ], 
        [
          -31.011553977695662, 
          24.452164070997824, 
          76.83658309326643, 
          1.0
        ]
      ], 
      "projected_cuboid": [
        [
          257.4214469597051, 
          505.52869034825267
        ], 
        [
          186.88007134484883, 
          479.406501444365
        ], 
        [
          269.6066584011903, 
          371.3262819480912
        ], 
        [
          327.72189306601416, 
          392.1152557206586
        ], 
        [
          258.65604485165306, 
          526.6618790001716
        ], 
        [
          191.66763964620938, 
          501.7295531316716
        ], 
        [
          270.1123232185007, 
          394.27614290711597
        ], 
        [
          325.7944378013825, 
          414.30980891009585
        ]
      ], 
      "projected_cuboid_centroid": [
        264.553348586741, 
        443.0080095120953
      ], 
      "quaternion_xyzw": [
        0.8854404175068913, 
        0.15849223549234887, 
        0.05210822308207186, 
        0.43377433265921583
      ], 
      "visibility": 0.931916621548457
    }, 
    {
      "bounding_box": {
        "bottom_right": [
          373, 
          260
        ], 
        "top_left": [
          299, 
          144
        ]
      }, 
      "class": "008_pudding_box", 
      "cuboid": [
        [
          -32.70880652214492, 
          10.537667988519955, 
          67.44322423452078
        ], 
        [
          -43.85095673724129, 
          9.013716915616866, 
          69.08713186401334
        ], 
        [
          -42.08377555253603, 
          3.5008549230097574, 
          75.95417882851724
        ], 
        [
          -30.94162533743966, 
          5.024805995912848, 
          74.31027119902468
        ], 
        [
          -32.76165653643924, 
          13.530713042761578, 
          69.85963780186836
        ], 
        [
          -43.90380675153561, 
          12.006761969858488, 
          71.50354543136092
        ], 
        [
          -42.136625566830354, 
          6.49389997725138, 
          78.37059239586482
        ], 
        [
          -30.994475351733985, 
          8.01785105015447, 
          76.72668476637226
        ]
      ], 
      "cuboid_centroid": [
        -37.422716044487636, 
        8.515783982885667, 
        72.9069083151928
      ], 
      "location": [
        -37.422716044487636, 
        8.515783982885667, 
        72.9069083151928
      ], 
      "pose_transform_permuted": [
        [
          0.013737624191485333, 
          -0.7780003220882378, 
          -0.6281130085330918, 
          0.0
        ], 
        [
          0.9803570403980242, 
          0.1340868804226353, 
          -0.14464141904616373, 
          0.0
        ], 
        [
          -0.19675353171598625, 
          0.613788261382597, 
          -0.7645598280580564, 
          0.0
        ], 
        [
          -37.422716044487636, 
          8.515783982885667, 
          72.9069083151928, 
          1.0
        ]
      ], 
      "projected_cuboid": [
        [
          220.79074773211576, 
          356.6150674670825
        ], 
        [
          140.26770652972442, 
          342.8681173372211
        ], 
        [
          183.63926643822234, 
          297.8681280542808
        ], 
        [
          257.6806105662629, 
          309.34921674731874
        ], 
        [
          229.4050938171043, 
          376.5821528318889
        ], 
        [
          151.40522512182355, 
          362.84071673397
        ], 
        [
          192.46360245127195, 
          317.478165518572
        ], 
        [
          264.3621703639814, 
          329.0178261638595
        ]
      ], 
      "projected_cuboid_centroid": [
        205.5657491150723, 
        335.58014594096636
      ], 
      "quaternion_xyzw": [
        0.8975324938844433, 
        0.0921527672794254, 
        -0.03646213249843971, 
        0.42966693703484393
      ], 
      "visibility": 0.4365761430044689
    }, 
    {
      "bounding_box": {
        "bottom_right": [
          531, 
          261
        ], 
        "top_left": [
          351, 
          72
        ]
      }, 
      "class": "019_pitcher_base", 
      "cuboid": [
        [
          -56.61243710505097, 
          33.48677538486597, 
          74.20250037023496
        ], 
        [
          -38.285137896147305, 
          37.55080247453646, 
          72.36909877055396
        ], 
        [
          -33.21100712679178, 
          23.166569940451193, 
          91.20687122501812
        ], 
        [
          -51.53830633569545, 
          19.1025428507807, 
          93.04027282469912
        ], 
        [
          -55.151335736973884, 
          23.164374326735725, 
          65.9269127488229
        ], 
        [
          -36.82403652807021, 
          27.228401416406218, 
          64.0935111491419
        ], 
        [
          -31.749905758714686, 
          12.84416888232095, 
          82.93128360360605
        ], 
        [
          -50.07720496761836, 
          8.78014179265046, 
          84.76468520328704
        ]
      ], 
      "cuboid_centroid": [
        -44.18117143188283, 
        23.16547213359346, 
        78.56689198692051
      ], 
      "location": [
        -44.18117143188283, 
        23.16547213359346, 
        78.56689198692051
      ], 
      "pose_transform_permuted": [
        [
          -0.10976975773127806, 
          0.77550229444194, 
          0.6217291066408979, 
          0.0
        ], 
        [
          -0.971662298786855, 
          -0.2154633838445145, 
          0.09720184041520313, 
          0.0
        ], 
        [
          -0.209340046616389, 
          0.593440738148112, 
          -0.7771774798518499, 
          0.0
        ], 
        [
          -44.18117143188283, 
          23.16547213359346, 
          78.56689198692051, 
          1.0
        ]
      ], 
      "projected_cuboid": [
        [
          71.31262470359448, 
          513.9678223167859
        ], 
        [
          197.1058991384271, 
          550.0148469376653
        ], 
        [
          285.78194696500054, 
          408.74985624026374
        ], 
        [
          183.71051045217365, 
          382.78492917685304
        ], 
        [
          31.729137196069768, 
          460.67608718455114
        ], 
        [
          172.63222256322965, 
          499.85299429592595
        ], 
        [
          275.7162947472736, 
          355.8856067145441
        ], 
        [
          163.89732325987643, 
          328.5291375358345
        ]
      ], 
      "projected_cuboid_centroid": [
        179.19177265838613, 
        430.5359802058723
      ], 
      "quaternion_xyzw": [
        -0.003520089653300825, 
        0.43488287445926455, 
        0.892585030063784, 
        -0.1189812219992495
      ], 
      "visibility": 0.21346536961215723
    }, 
    {
      "bounding_box": {
        "bottom_right": [
          425, 
          287
        ], 
        "top_left": [
          278, 
          80
        ]
      }, 
      "class": "035_power_drill", 
      "cuboid": [
        [
          -26.622947675167254, 
          13.558312586772178, 
          51.942779361200905
        ], 
        [
          -44.44572653666833, 
          11.05918397093561, 
          55.94183660090457
        ], 
        [
          -39.71811381712887, 
          -0.7280711291938302, 
          69.6453848898464
        ], 
        [
          -21.89533495562779, 
          1.771057486642738, 
          65.64632765014274
        ], 
        [
          -26.408908753332472, 
          17.9274427595907, 
          55.627093087901216
        ], 
        [
          -44.23168761483355, 
          15.428314143754132, 
          59.626150327604876
        ], 
        [
          -39.50407489529408, 
          3.641059043624692, 
          73.32969861654671
        ], 
        [
          -21.681296033793007, 
          6.14018765946126, 
          69.33064137684303
        ]
      ], 
      "cuboid_centroid": [
        -33.06351128523067, 
        8.599685815198436, 
        62.63623898887381
      ], 
      "location": [
        -33.06351128523067, 
        8.599685815198436, 
        62.63623898887381
      ], 
      "pose_transform_permuted": [
        [
          -0.037424625263936445, 
          -0.7639407732267771, 
          -0.6442008742828939, 
          0.0
        ], 
        [
          0.9667325983044467, 
          0.13555625186504733, 
          -0.21691449050394196, 
          0.0
        ], 
        [
          -0.2530354349873986, 
          0.6308878071254601, 
          -0.7334533321293287, 
          0.0
        ], 
        [
          -33.06351128523067, 
          8.599685815198436, 
          62.63623898887381, 
          1.0
        ]
      ], 
      "projected_cuboid": [
        [
          205.9694749590242, 
          412.4957544732778
        ], 
        [
          54.344159106435725, 
          378.71888958029245
        ], 
        [
          174.9152623893275, 
          267.7112282641476
        ], 
        [
          302.2340533951141, 
          287.674846883988
        ], 
        [
          226.2941206740881, 
          445.16422867365276
        ], 
        [
          82.67461784643884, 
          411.28340719019667
        ], 
        [
          191.8935732824796, 
          299.7675971986796
        ], 
        [
          313.4258155948294, 
          320.51936690244764
        ]
      ], 
      "projected_cuboid_centroid": [
        197.72998257921745, 
        346.50901954165676
      ], 
      "quaternion_xyzw": [
        0.9002529199776029, 
        0.10791180962293176, 
        -0.0706299058086382, 
        0.41582595072098166
      ], 
      "visibility": 0.7928706863860447
    }, 
    {
      "bounding_box": {
        "bottom_right": [
          307, 
          208
        ], 
        "top_left": [
          249, 
          126
        ]
      }, 
      "class": "061_foam_brick", 
      "cuboid": [
        [
          -45.19414448964714, 
          -3.6380982658209464, 
          73.78854715567269
        ], 
        [
          -37.651270135797496, 
          -2.227479070968841, 
          72.46235142022655
        ], 
        [
          -38.90055826507213, 
          0.6478209072913587, 
          68.41523385897369
        ], 
        [
          -46.44343261892177, 
          -0.7627982875607474, 
          69.74142959441983
        ], 
        [
          -45.44408063310564, 
          0.6050507891914682, 
          76.8802706980098
        ], 
        [
          -37.901206279256, 
          2.015669984043574, 
          75.55407496256366
        ], 
        [
          -39.15049440853063, 
          4.890969962303774, 
          71.50695740131079
        ], 
        [
          -46.693368762380274, 
          3.4803507674516676, 
          72.83315313675692
        ]
      ], 
      "cuboid_centroid": [
        -42.17231944908889, 
        0.6264358482414134, 
        72.64775227849174
      ], 
      "location": [
        -42.17231944908889, 
        0.6264358482414134, 
        72.64775227849174
      ], 
      "pose_transform_permuted": [
        [
          0.0475525383301213, 
          -0.8072962368981957, 
          -0.588227457696744, 
          0.0
        ], 
        [
          -0.9685998635952313, 
          -0.18114123285392347, 
          0.1703001996577221, 
          0.0
        ], 
        [
          0.24403495721240778, 
          -0.5616588285161848, 
          0.7905607503589874, 
          0.0
        ], 
        [
          -42.17231944908889, 
          0.6264358482414134, 
          72.64775227849174, 
          1.0
        ]
      ], 
      "projected_cuboid": [
        [
          152.22637865811447, 
          246.9915487797929
        ], 
        [
          202.17612970367395, 
          256.8923941761605
        ], 
        [
          175.8271501997521, 
          278.3365181796812
        ], 
        [
          123.47984849660452, 
          267.4533443240728
        ], 
        [
          163.72369058337588, 
          277.4837843199204
        ], 
        [
          211.83127579915026, 
          287.5147086821335
        ], 
        [
          187.16799620400522, 
          309.7648074588977
        ], 
        [
          136.8363041116431, 
          298.77135005735175
        ]
      ], 
      "projected_cuboid_centroid": [
        169.42284158382725, 
        277.8853107581463
      ], 
      "quaternion_xyzw": [
        -0.12038351795961097, 
        0.8829617984103504, 
        -0.4524139634732505, 
        -0.034754522095007644
      ], 
      "visibility": 0.910958904109589
    }
  ]
}