{
  "camera_data": {
    "location_worldframe": [
      -19.314277616215634, 
      6.760614860634993, 
      80.85339608198407
    ], 
    "quaternion_xyzw_worldframe": [
      0.936178924000986, 
      0.023238632403656853, 
      -0.08557688282033046, 
      -0.3401575165372157
    ]
  }, 
  "objects": [
    {
      "bounding_box": {
        "bottom_right": [
          467, 
          301
        ], 
        "top_left": [
          302, 
          95
        ]
      }, 
      "class": "003_cracker_box", 
      "cuboid": [
        [
          -29.663792742256078, 
          18.84314304990965, 
          60.24626094745624
        ], 
        [
          -45.88505624924296, 
          17.94242532131177, 
          62.51285166865883
        ], 
        [
          -42.937621146127846, 
          3.350539768644016, 
          77.80804861009004
        ], 
        [
          -26.71635763914097, 
          4.251257497241895, 
          75.54145788888745
        ], 
        [
          -29.268053318591136, 
          24.068242754784453, 
          65.15483720922678
        ], 
        [
          -45.489316825578015, 
          23.167525026186574, 
          67.42142793042937
        ], 
        [
          -42.541881722462904, 
          8.575639473518821, 
          82.71662487186057
        ], 
        [
          -26.320618215476028, 
          9.4763572021167, 
          80.45003415065798
        ]
      ], 
      "cuboid_centroid": [
        -36.10283723235949, 
        13.709391261714234, 
        71.48144290965841
      ], 
      "location": [
        -36.10283723235949, 
        13.709391261714234, 
        71.48144290965841
      ], 
      "pose_transform_permuted": [
        [
          -0.055116912691697356, 
          -0.7277297813088999, 
          -0.6836457352543327, 
          0.0
        ], 
        [
          0.9888843194139232, 
          0.05490975703864995, 
          -0.13817641404819736, 
          0.0
        ], 
        [
          -0.13809391280066707, 
          0.683662404976358, 
          -0.716614113222273, 
          0.0
        ], 
        [
          -36.10283723235949, 
          13.709391261714234, 
          71.48144290965841, 
          1.0
        ]
      ], 
      "projected_cuboid": [
        [
          216.81515370289688, 
          440.0921959421288
        ], 
        [
          86.87291960686386, 
          426.3598107247885
        ], 
        [
          184.83718273592527, 
          296.25213736005594
        ], 
        [
          291.40884362582074, 
          303.3002409168109
        ], 
        [
          240.02934180912962, 
          470.2951676312047
        ], 
        [
          118.76705295138564, 
          456.54718922160856
        ], 
        [
          205.02034372418228, 
          328.5784031479377
        ], 
        [
          305.6582823423492, 
          336.10723068057473
        ]
      ], 
      "projected_cuboid_centroid": [
        209.99081697485087, 
        375.5716421373233
      ], 
      "quaternion_xyzw": [
        0.9159956959020896, 
        0.05267592159623725, 
        -0.052754976798645284, 
        0.3942005134393006
      ], 
      "visibility": 0.38814548720251457
    }, 
    {
      "bounding_box": {
        "bottom_right": [
          487, 
          344
        ], 
        "top_left": [
          360, 
          250
        ]
      }, 
      "class": "006_mustard_bottle", 
      "cuboid": [
        [
          -23.797717871180836, 
          27.22785704155158, 
          68.45120838460286
        ], 
        [
          -33.03000949559755, 
          24.59103606788168, 
          68.31691644610652
        ], 
        [
          -29.71458827471319, 
          12.257398357823348, 
          82.55946181375506
        ], 
        [
          -20.482296650296473, 
          14.894219331493247, 
          82.69375375225141
        ], 
        [
          -25.041096086132292, 
          31.38328299476132, 
          72.339125840922
        ], 
        [
          -34.27338771054901, 
          28.746462021091425, 
          72.20483390242565
        ], 
        [
          -30.957966489664646, 
          16.41282431103309, 
          86.4473792700742
        ], 
        [
          -21.72567486524793, 
          19.04964528470299, 
          86.58167120857054
        ]
      ], 
      "cuboid_centroid": [
        -27.37784218042274, 
        21.820340676292336, 
        77.44929382733852
      ], 
      "location": [
        -27.37784218042274, 
        21.820340676292336, 
        77.44929382733852
      ], 
      "pose_transform_permuted": [
        [
          0.21345914657225853, 
          -0.7133900746773122, 
          -0.6674650819756148, 
          0.0
        ], 
        [
          0.9614566974571248, 
          0.2746002063480648, 
          0.01398524753489562, 
          0.0
        ], 
        [
          -0.17330913991640215, 
          0.6447241545376077, 
          -0.7445097088535534, 
          0.0
        ], 
        [
          -27.37784218042274, 
          21.820340676292336, 
          77.44929382733852, 
          1.0
        ]
      ], 
      "projected_cuboid": [
        [
          294.6382603451974, 
          485.42522348797405
        ], 
        [
          221.5977667405633, 
          465.2577478620108
        ], 
        [
          288.0464326553525, 
          352.4671726336332
        ], 
        [
          348.3990748034058, 
          369.344323304977
        ], 
        [
          295.44330672848355, 
          504.6595219751117
        ], 
        [
          226.3372245197251, 
          485.6137509136238
        ], 
        [
          289.01655846229806, 
          374.5421306220737
        ], 
        [
          346.6575831543654, 
          390.62717995544114
        ]
      ], 
      "projected_cuboid_centroid": [
        291.50084378012383, 
        423.5424592307112
      ], 
      "quaternion_xyzw": [
        0.9046609771027968, 
        0.12377823228843965, 
        0.06285348872777499, 
        0.40288567221055355
      ], 
      "visibility": 0.8865805727119596
    }, 
    {
      "bounding_box": {
        "bottom_right": [
          358, 
          277
        ], 
        "top_left": [
          286, 
          163
        ]
      }, 
      "class": "008_pudding_box", 
      "cuboid": [
        [
          -29.444963550890524, 
          8.791244476162252, 
          66.92798268992239
        ], 
        [
          -40.70885343404179, 
          7.775869951563935, 
          68.05322482285088
        ], 
        [
          -39.51141786636776, 
          1.6579897179227525, 
          74.51918184481615
        ], 
        [
          -28.247527983216496, 
          2.673364242521071, 
          73.39393971188768
        ], 
        [
          -29.432949205570445, 
          11.586828490953332, 
          69.57084704908722
        ], 
        [
          -40.69683908872171, 
          10.571453966355016, 
          70.69608918201568
        ], 
        [
          -39.49940352104768, 
          4.453573732713833, 
          77.16204620398098
        ], 
        [
          -28.235513637896414, 
          5.468948257312151, 
          76.03680407105249
        ]
      ], 
      "cuboid_centroid": [
        -34.4721835359691, 
        6.622409104438043, 
        72.04501444695168
      ], 
      "location": [
        -34.4721835359691, 
        6.622409104438043, 
        72.04501444695168
      ], 
      "pose_transform_permuted": [
        [
          -0.003122961518890194, 
          -0.726673078592625, 
          -0.6869757338773964, 
          0.0
        ], 
        [
          0.9910684684769273, 
          0.08933909026662219, 
          -0.09900593923731998, 
          0.0
        ], 
        [
          -0.13331948018759418, 
          0.681149478617321, 
          -0.719903477360549, 
          0.0
        ], 
        [
          -34.4721835359691, 
          6.622409104438043, 
          72.04501444695168, 
          1.0
        ]
      ], 
      "projected_cuboid": [
        [
          245.007809009746, 
          343.34008884527236
        ], 
        [
          159.91126154104475, 
          334.2244837166479
        ], 
        [
          196.46486157895833, 
          285.15245442568727
        ], 
        [
          274.6248830923032, 
          292.7126310496488
        ], 
        [
          254.08825337239296, 
          362.10941140010607
        ], 
        [
          172.02837930803972, 
          353.0358351219572
        ], 
        [
          206.31460855865788, 
          304.0682266950034
        ], 
        [
          281.90373052858865, 
          311.64555688823697
        ]
      ], 
      "projected_cuboid_centroid": [
        224.28710721028173, 
        322.309506333649
      ], 
      "quaternion_xyzw": [
        0.9164051616195268, 
        0.0607423931519331, 
        -0.027861284787975706, 
        0.3946334592323487
      ], 
      "visibility": 0.511589127897282
    }, 
    {
      "bounding_box": {
        "bottom_right": [
          515, 
          278
        ], 
        "top_left": [
          335, 
          102
        ]
      }, 
      "class": "019_pitcher_base", 
      "cuboid": [
        [
          -52.33490672629374, 
          32.46136789629291, 
          74.64205858948064
        ], 
        [
          -33.75841423306865, 
          35.61444007078162, 
          73.78203741788883
        ], 
        [
          -30.208205930781112, 
          19.554376924454907, 
          91.58611033538982
        ], 
        [
          -48.7846984240062, 
          16.401304749966194, 
          92.44613150698164
        ], 
        [
          -51.102631787338204, 
          22.743317827668292, 
          65.63022566654644
        ], 
        [
          -32.52613929411312, 
          25.896390002157005, 
          64.77020449495461
        ], 
        [
          -28.97593099182558, 
          9.836326855830288, 
          82.57427741245561
        ], 
        [
          -47.552423485050674, 
          6.683254681341577, 
          83.43429858404743
        ]
      ], 
      "cuboid_centroid": [
        -40.65541885905966, 
        21.1488473760616, 
        78.60816800096812
      ], 
      "location": [
        -40.65541885905966, 
        21.1488473760616, 
        78.60816800096812
      ], 
      "pose_transform_permuted": [
        [
          -0.0925784647546348, 
          0.7300985578141399, 
          0.6770418112516932, 
          0.0
        ], 
        [
          -0.9848738318516046, 
          -0.16716709441924577, 
          0.04559592436774865, 
          0.0
        ], 
        [
          -0.14646858846981586, 
          0.6625793698535687, 
          -0.7345308238842718, 
          0.0
        ], 
        [
          -40.65541885905966, 
          21.1488473760616, 
          78.60816800096812, 
          1.0
        ]
      ], 
      "projected_cuboid": [
        [
          104.54651280376837, 
          505.2239138090623
        ], 
        [
          235.5472023729043, 
          530.7188209346006
        ], 
        [
          304.2242542374673, 
          387.15459190720594
        ], 
        [
          197.8139079706262, 
          367.90528373235185
        ], 
        [
          62.86993060582609, 
          458.1016389595758
        ], 
        [
          211.5440796469878, 
          486.5181006927066
        ], 
        [
          292.8916567294348, 
          336.81607651416056
        ], 
        [
          175.10462240802673, 
          316.006506404124
        ]
      ], 
      "projected_cuboid_centroid": [
        203.47048317040586, 
        416.7715568284898
      ], 
      "quaternion_xyzw": [
        -0.012883790587089912, 
        0.401638099730519, 
        0.9116598890152054, 
        -0.08600676816763805
      ], 
      "visibility": 0.20688892574777465
    }, 
    {
      "bounding_box": {
        "bottom_right": [
          413, 
          309
        ], 
        "top_left": [
          264, 
          110
        ]
      }, 
      "class": "035_power_drill", 
      "cuboid": [
        [
          -22.599395030845574, 
          12.652370942860552, 
          51.93951071881856
        ], 
        [
          -40.67422956650587, 
          10.861212037772638, 
          55.09888649199199
        ], 
        [
          -37.12826977492334, 
          -2.197545744525707, 
          67.9818968105698
        ], 
        [
          -19.053435239263038, 
          -0.40638683943779313, 
          64.82252103739634
        ], 
        [
          -22.297505309593845, 
          16.70470155815042, 
          55.964030310575154
        ], 
        [
          -40.372339845254146, 
          14.913542653062507, 
          59.1234060837486
        ], 
        [
          -36.826380053671606, 
          1.854784870764161, 
          72.00641640232638
        ], 
        [
          -18.751545518011316, 
          3.645943775852076, 
          68.84704062915294
        ]
      ], 
      "cuboid_centroid": [
        -29.712887542258592, 
        7.253577906812357, 
        61.97296356057247
      ], 
      "location": [
        -29.712887542258592, 
        7.253577906812357, 
        61.97296356057247
      ], 
      "pose_transform_permuted": [
        [
          -0.052785304616704394, 
          -0.7085484893250559, 
          -0.7036857422834571, 
          0.0
        ], 
        [
          0.9804044526595312, 
          0.0971549787913348, 
          -0.17136898650622862, 
          0.0
        ], 
        [
          -0.18978997044375429, 
          0.6989422890292981, 
          -0.6895357791122179, 
          0.0
        ], 
        [
          -29.712887542258592, 
          7.253577906812357, 
          61.97296356057247, 
          1.0
        ]
      ], 
      "projected_cuboid": [
        [
          247.61062402028097, 
          403.2022245943296
        ], 
        [
          84.61741112960702, 
          378.4156512087997
        ], 
        [
          187.8975922380115, 
          256.0467398078758
        ], 
        [
          323.530833422823, 
          269.94303858729467
        ], 
        [
          267.33808924733444, 
          432.4770827393902
        ], 
        [
          114.3856189697721, 
          407.8133671710452
        ], 
        [
          206.5673830063399, 
          287.0241067089373
        ], 
        [
          335.12880603675006, 
          301.52962870884545
        ]
      ], 
      "projected_cuboid_centroid": [
        223.76654320540845, 
        335.70851885023046
      ], 
      "quaternion_xyzw": [
        0.9196510865502588, 
        0.07800375420406998, 
        -0.060934601829202274, 
        0.38005834193098315
      ], 
      "visibility": 0.7667158671586716
    }, 
    {
      "bounding_box": {
        "bottom_right": [
          295, 
          221
        ], 
        "top_left": [
          237, 
          137
        ]
      }, 
      "class": "061_foam_brick", 
      "cuboid": [
        [
          -42.91130451782324, 
          -5.105395723723426, 
          71.68613442493547
        ], 
        [
          -35.257329595187805, 
          -4.024322801478565, 
          70.74191814673428
        ], 
        [
          -36.19036845579917, 
          -0.7790190023137239, 
          66.89423402700119
        ], 
        [
          -43.8443433784346, 
          -1.8600919245585843, 
          67.83845030520239
        ], 
        [
          -43.05571827859981, 
          -1.1065005017286087, 
          75.09399564721353
        ], 
        [
          -35.40174335596438, 
          -0.025427579483748228, 
          74.14977936901234
        ], 
        [
          -36.33478221657574, 
          3.2198762196810935, 
          70.30209524927923
        ], 
        [
          -43.988757139211174, 
          2.1388032974362328, 
          71.24631152748043
        ]
      ], 
      "cuboid_centroid": [
        -39.62304336719949, 
        -0.9427597520211664, 
        70.99411483710736
      ], 
      "location": [
        -39.62304336719949, 
        -0.9427597520211664, 
        70.99411483710736
      ], 
      "pose_transform_permuted": [
        [
          0.027475981663553473, 
          -0.7608248078518527, 
          -0.6483754176314952, 
          0.0
        ], 
        [
          -0.9828665729056358, 
          -0.13882334981338385, 
          0.12124923674531463, 
          0.0
        ], 
        [
          0.18225907466119376, 
          -0.6339350828781939, 
          0.7516035792888848, 
          0.0
        ], 
        [
          -39.62304336719949, 
          -0.9427597520211664, 
          70.99411483710736, 
          1.0
        ]
      ], 
      "projected_cuboid": [
        [
          159.69164466687533, 
          235.30419256495796
        ], 
        [
          213.5788457068964, 
          242.94738101118057
        ], 
        [
          190.66200973770833, 
          267.0757472363218
        ], 
        [
          134.03738652344668, 
          258.66321676164733
        ], 
        [
          173.26594551725827, 
          265.4281415640586
        ], 
        [
          224.84939018164476, 
          273.10365104358164
        ], 
        [
          203.66028211590324, 
          297.7128802867965
        ], 
        [
          149.57186987784502, 
          289.29670971690535
        ]
      ], 
      "projected_cuboid_centroid": [
        181.4616698655481, 
        266.2043701266477
      ], 
      "quaternion_xyzw": [
        -0.08884503622553354, 
        0.9034900488405121, 
        -0.4184961386906535, 
        -0.025947506340026766
      ], 
      "visibility": 0.9035063876053275
    }
  ]
}