{
  "camera_data": {
    "location_worldframe": [
      -22.05922689807174, 
      14.542222056003506, 
      71.58889602214573
    ], 
    "quaternion_xyzw_worldframe": [
      0.9130288680755959, 
      0.01879391735562436, 
      -0.07217751484609132, 
      -0.4010194291413462
    ]
  }, 
  "objects": [
    {
      "bounding_box": {
        "bottom_right": [
          539, 
          258
        ], 
        "top_left": [
          376, 
          28
        ]
      }, 
      "class": "003_cracker_box", 
      "cuboid": [
        [
          -31.74317130127331, 
          29.46564710031239, 
          52.581878951260464
        ], 
        [
          -48.018375389913196, 
          28.729713102657193, 
          54.493487883906276
        ], 
        [
          -45.707403004191875, 
          12.209644549821816, 
          67.80890334075362
        ], 
        [
          -29.432198915551993, 
          12.94557854747701, 
          65.8972944081078
        ], 
        [
          -31.29650186239397, 
          34.0004748722493, 
          58.13059240810644
        ], 
        [
          -47.571705951033856, 
          33.264540874594104, 
          60.04220134075226
        ], 
        [
          -45.26073356531254, 
          16.744472321758728, 
          73.35761679759959
        ], 
        [
          -28.985529476672657, 
          17.480406319413923, 
          71.44600786495377
        ]
      ], 
      "cuboid_centroid": [
        -38.50195243329292, 
        23.105059711035558, 
        62.96974787443003
      ], 
      "location": [
        -38.50195243329292, 
        23.105059711035558, 
        62.96974787443003
      ], 
      "pose_transform_permuted": [
        [
          -0.062210229743514256, 
          -0.6315916267906404, 
          -0.7728013355858102, 
          0.0
        ], 
        [
          0.9921726573016437, 
          0.04486417411882654, 
          -0.11653593430196169, 
          0.0
        ], 
        [
          -0.10827421400432646, 
          0.7740020819407325, 
          -0.6238569321031525, 
          0.0
        ], 
        [
          -38.50195243329292, 
          23.105059711035558, 
          62.96974787443003, 
          1.0
        ]
      ], 
      "projected_cuboid": [
        [
          156.954137385591, 
          572.1462771697771
        ], 
        [
          7.732108669472464, 
          554.4599260599922
        ], 
        [
          119.11079556616663, 
          369.3158530295858
        ], 
        [
          241.41152454114786, 
          378.05761571479206
        ], 
        [
          192.074256955333, 
          585.2241655766477
        ], 
        [
          55.52422106292641, 
          568.7559024861808
        ], 
        [
          149.80338502487675, 
          395.02106793079633
        ], 
        [
          263.42707953710607, 
          403.77168740438987
        ]
      ], 
      "projected_cuboid_centroid": [
        152.78894561336207, 
        468.9738518135687
      ], 
      "quaternion_xyzw": [
        0.9406083237496078, 
        0.040701954324805355, 
        -0.04750812839209433, 
        0.33367995136623857
      ], 
      "visibility": 0.15429168893361347
    }, 
    {
      "bounding_box": {
        "bottom_right": [
          539, 
          312
        ], 
        "top_left": [
          425, 
          207
        ]
      }, 
      "class": "006_mustard_bottle", 
      "cuboid": [
        [
          -25.803400521516, 
          36.55535526484613, 
          61.88187647488421
        ], 
        [
          -35.096870277031314, 
          34.21476115844027, 
          61.28262115151539
        ], 
        [
          -32.34212771947431, 
          20.05885819168494, 
          73.85173170961707
        ], 
        [
          -23.048657963958995, 
          22.3994522980908, 
          74.45098703298589
        ], 
        [
          -27.005265598770258, 
          40.20703399735717, 
          66.257972812464
        ], 
        [
          -36.29873535428557, 
          37.86643989095131, 
          65.65871748909518
        ], 
        [
          -33.54399279672857, 
          23.710536924195985, 
          78.22782804719685
        ], 
        [
          -24.250523041213253, 
          26.051131030601844, 
          78.82708337056567
        ]
      ], 
      "cuboid_centroid": [
        -29.673696659122285, 
        30.132946094521056, 
        70.05485226104054
      ], 
      "location": [
        -29.673696659122285, 
        30.132946094521056, 
        70.05485226104054
      ], 
      "pose_transform_permuted": [
        [
          0.2063323054889699, 
          -0.6269083826825, 
          -0.7512740518573707, 
          0.0
        ], 
        [
          0.9678278267796755, 
          0.24375095276247433, 
          0.06240682894115116, 
          0.0
        ], 
        [
          -0.1440004245415205, 
          0.7399805950611611, 
          -0.6570331777504023, 
          0.0
        ], 
        [
          -29.673696659122285, 
          30.132946094521056, 
          70.05485226104054, 
          1.0
        ]
      ], 
      "projected_cuboid": [
        [
          257.36113560032504, 
          588.3333326666855
        ], 
        [
          173.61686820575446, 
          571.0447248286445
        ], 
        [
          246.09233353155395, 
          418.1413930001625
        ], 
        [
          315.11520759638796, 
          433.7419871158701
        ], 
        [
          262.4165008689583, 
          596.9185131508422
        ], 
        [
          184.29985537316833, 
          580.8605313688544
        ], 
        [
          251.0045447942314, 
          434.9335373273332
        ], 
        [
          316.1582611773173, 
          449.5404059199942
        ]
      ], 
      "projected_cuboid_centroid": [
        253.81204316421102, 
        502.68521247961564
      ], 
      "quaternion_xyzw": [
        0.9299304374116119, 
        0.10424203835699535, 
        0.07224710677772181, 
        0.3451713990582598
      ], 
      "visibility": 0.5966913819578676
    }, 
    {
      "bounding_box": {
        "bottom_right": [
          454, 
          226
        ], 
        "top_left": [
          365, 
          91
        ]
      }, 
      "class": "008_pudding_box", 
      "cuboid": [
        [
          -31.8964794770067, 
          18.633217358899007, 
          57.9081351953666
        ], 
        [
          -43.200242909788635, 
          17.79360131456217, 
          58.74020955290475
        ], 
        [
          -42.27054671636894, 
          10.861489278108829, 
          64.37513620760134
        ], 
        [
          -30.966783283587006, 
          11.701105322445663, 
          63.54306185006319
        ], 
        [
          -31.85740103381557, 
          21.062870368912524, 
          60.890655182793765
        ], 
        [
          -43.1611644665975, 
          20.223254324575684, 
          61.72272954033192
        ], 
        [
          -42.23146827317781, 
          13.291142288122343, 
          67.35765619502851
        ], 
        [
          -30.927704840395876, 
          14.130758332459179, 
          66.52558183749035
        ]
      ], 
      "cuboid_centroid": [
        -37.06397387509225, 
        15.962179823510676, 
        62.632895695197554
      ], 
      "location": [
        -37.06397387509225, 
        15.962179823510676, 
        62.632895695197554
      ], 
      "pose_transform_permuted": [
        [
          -0.010157896335814208, 
          -0.6315544170223417, 
          -0.7752644777480272, 
          0.0
        ], 
        [
          0.9945767962549104, 
          0.07387474449783629, 
          -0.07321117906326334, 
          0.0
        ], 
        [
          -0.10351004812714845, 
          0.7718040103797147, 
          -0.6273786354606398, 
          0.0
        ], 
        [
          -37.06397387509225, 
          15.962179823510676, 
          62.632895695197554, 
          1.0
        ]
      ], 
      "projected_cuboid": [
        [
          185.39034615133687, 
          444.8938550096737
        ], 
        [
          86.10075787539955, 
          434.8398607977064
        ], 
        [
          128.48590883749839, 
          363.26918152471796
        ], 
        [
          219.52562789103436, 
          371.49440570951805
        ], 
        [
          200.24414349579527, 
          457.7687251383002
        ], 
        [
          105.5521114168595, 
          448.02698849406437
        ], 
        [
          144.43325817531004, 
          378.5221840146915
        ], 
        [
          231.59088564634612, 
          386.56942759477045
        ]
      ], 
      "projected_cuboid_centroid": [
        163.3669874991656, 
        409.2046205718641
      ], 
      "quaternion_xyzw": [
        0.9409629754117127, 
        0.04712852611107551, 
        -0.022149935113706238, 
        0.3344799650411705
      ], 
      "visibility": 0.5226200069068724
    }, 
    {
      "bounding_box": {
        "bottom_right": [
          539, 
          257
        ], 
        "top_left": [
          356, 
          18
        ]
      }, 
      "class": "035_power_drill", 
      "cuboid": [
        [
          -24.700372420745737, 
          24.205505599110438, 
          43.63963964536974
        ], 
        [
          -42.86633385196269, 
          22.52306657377955, 
          46.29610217973209
        ], 
        [
          -39.87674891659558, 
          7.8174670024411235, 
          57.4264509474265
        ], 
        [
          -21.710787485378624, 
          9.499906027772013, 
          54.76998841306416
        ], 
        [
          -24.362672813429278, 
          27.69453604004759, 
          48.158699760181
        ], 
        [
          -42.528634244646234, 
          26.0120970147167, 
          50.815162294543335
        ], 
        [
          -39.53904930927912, 
          11.306497443378277, 
          61.945511062237756
        ], 
        [
          -21.373087878062165, 
          12.988936468709166, 
          59.28904852787542
        ]
      ], 
      "cuboid_centroid": [
        -32.11971086501243, 
        17.756001521244357, 
        52.79257535380375
      ], 
      "location": [
        -32.11971086501243, 
        17.756001521244357, 
        52.79257535380375
      ], 
      "pose_transform_permuted": [
        [
          -0.05904664977406506, 
          -0.6100556649567244, 
          -0.7901559673925044, 
          0.0
        ], 
        [
          0.985347303670672, 
          0.09125785956758185, 
          -0.14409026494122315, 
          0.0
        ], 
        [
          -0.16001118734321412, 
          0.7870859998546162, 
          -0.5957282901695397, 
          0.0
        ], 
        [
          -32.11971086501243, 
          17.756001521244357, 
          52.79257535380375, 
          1.0
        ]
      ], 
      "projected_cuboid": [
        [
          177.21848983332245, 
          569.1017706797213
        ], 
        [
          -16.327612179484003, 
          532.7466633766737
        ], 
        [
          108.17540779457353, 
          345.8873721686805
        ], 
        [
          268.4277651328003, 
          365.79132152613874
        ], 
        [
          209.55133525530772, 
          579.9816624459195
        ], 
        [
          31.527282998409024, 
          546.2908955565323
        ], 
        [
          138.3489845600755, 
          370.62977400009845
        ], 
        [
          287.7387108367901, 
          390.1252182323341
        ]
      ], 
      "projected_cuboid_centroid": [
        154.4142285072632, 
        452.6606879756913
      ], 
      "quaternion_xyzw": [
        0.9437411285566865, 
        0.06656196262609512, 
        -0.05381160907598578, 
        0.31941597082092144
      ], 
      "visibility": 0.7669242118199348
    }, 
    {
      "bounding_box": {
        "bottom_right": [
          384, 
          156
        ], 
        "top_left": [
          316, 
          48
        ]
      }, 
      "class": "061_foam_brick", 
      "cuboid": [
        [
          -45.794753636786794, 
          4.617192943300463, 
          60.644561469835324
        ], 
        [
          -38.10057170750757, 
          5.598591731503622, 
          59.9517295874643
        ], 
        [
          -38.88435068451953, 
          9.337980533269082, 
          56.54440024412865
        ], 
        [
          -46.57853261379875, 
          8.356581745065924, 
          57.23723212649967
        ], 
        [
          -45.89405420551069, 
          8.145225368021968, 
          64.53925825498636
        ], 
        [
          -38.199872276231474, 
          9.126624156225128, 
          63.84642637261535
        ], 
        [
          -38.98365125324343, 
          12.866012957990588, 
          60.4390970292797
        ], 
        [
          -46.677833182522654, 
          11.88461416978743, 
          61.131928911650725
        ]
      ], 
      "cuboid_centroid": [
        -42.38920244501511, 
        8.741602950645525, 
        60.54182924955751
      ], 
      "location": [
        -42.38920244501511, 
        8.741602950645525, 
        60.54182924955751
      ], 
      "pose_transform_permuted": [
        [
          0.018892802117793983, 
          -0.671239040440486, 
          -0.7410001434660278, 
          0.0
        ], 
        [
          -0.9880296578681829, 
          -0.12602393832809355, 
          0.0889683209977511, 
          0.0
        ], 
        [
          0.15310276679740287, 
          -0.7304492573456508, 
          0.6655850248031181, 
          0.0
        ], 
        [
          -42.38920244501511, 
          8.741602950645525, 
          60.54182924955751, 
          1.0
        ]
      ], 
      "projected_cuboid": [
        [
          75.5133228456356, 
          313.8909937852187
        ], 
        [
          139.83684526241873, 
          323.0905824875217
        ], 
        [
          111.78848390322125, 
          361.36118134420485
        ], 
        [
          43.97529891928149, 
          351.15069261358747
        ], 
        [
          99.19151236291532, 
          340.5945349364962
        ], 
        [
          159.84817941044864, 
          349.52271386935297
        ], 
        [
          134.73541897146907, 
          386.81729878194733
        ], 
        [
          70.98252506207645, 
          376.9688131529119
        ]
      ], 
      "projected_cuboid_centroid": [
        105.07412451279653, 
        350.29227268873274
      ], 
      "quaternion_xyzw": [
        -0.07503537207909748, 
        0.9299837443041492, 
        -0.3593675893345503, 
        -0.018837834346338598
      ], 
      "visibility": 0.9988521140233404
    }
  ]
}