{
  "camera_data": {
    "location_worldframe": [
      -10.106385570456217, 
      -1.6508732104701802, 
      75.80016452606486
    ], 
    "quaternion_xyzw_worldframe": [
      -0.8291697278153437, 
      -0.0981536664468369, 
      -0.18333939460586005, 
      0.5188773285955375
    ]
  }, 
  "objects": [
    {
      "bounding_box": {
        "bottom_right": [
          476, 
          395
        ], 
        "top_left": [
          273, 
          230
        ]
      }, 
      "class": "003_cracker_box", 
      "cuboid": [
        [
          -9.072582999321533, 
          19.123437385824506, 
          60.14406751676019
        ], 
        [
          -24.10843343367978, 
          20.321967980849518, 
          53.696987416780495
        ], 
        [
          -28.657866467221538, 
          0.6629431975806275, 
          60.65248529907004
        ], 
        [
          -13.622016032863291, 
          -0.5355873974443842, 
          67.09956539904974
        ], 
        [
          -11.500828828325968, 
          21.8696633809542, 
          66.31774247682564
        ], 
        [
          -26.536679262684217, 
          23.068193975979217, 
          59.87066237684595
        ], 
        [
          -31.086112296225977, 
          3.409169192710325, 
          66.82616025913549
        ], 
        [
          -16.050261861867725, 
          2.210638597685313, 
          73.27324035911519
        ]
      ], 
      "cuboid_centroid": [
        -20.079347647773755, 
        11.266303289267416, 
        63.48511388794784
      ], 
      "location": [
        -20.079347647773755, 
        11.266303289267416, 
        63.48511388794784
      ], 
      "pose_transform_permuted": [
        [
          0.3381958059971577, 
          -0.3824827382711991, 
          -0.8598433297586826, 
          0.0
        ], 
        [
          0.9166189006907874, 
          -0.0730650920779122, 
          0.39302834912517315, 
          0.0
        ], 
        [
          0.21315109125300202, 
          0.9210691870018299, 
          -0.3258805993818027, 
          0.0
        ], 
        [
          -20.079347647773755, 
          11.266303289267416, 
          63.48511388794784, 
          1.0
        ]
      ], 
      "projected_cuboid": [
        [
          400.4767045014267, 
          442.8610958140148
        ], 
        [
          240.15618664916565, 
          475.1247418389775
        ], 
        [
          227.5074083406494, 
          279.11582243790036
        ], 
        [
          372.4245278349576, 
          269.0295916680274
        ], 
        [
          388.33798506473937, 
          449.15983105228275
        ], 
        [
          243.24207696194784, 
          478.77482067894294
        ], 
        [
          231.4406545715868, 
          300.4940969039551
        ], 
        [
          363.8016329576061, 
          289.3766801626922
        ]
      ], 
      "projected_cuboid_centroid": [
        311.5107290908732, 
        367.93140519734607
      ], 
      "quaternion_xyzw": [
        0.96144831081178, 
        -0.0744231853424479, 
        0.19013610687633747, 
        0.18419173700947825
      ], 
      "visibility": 0.5481076318784186
    }, 
    {
      "bounding_box": {
        "bottom_right": [
          446, 
          402
        ], 
        "top_left": [
          309, 
          326
        ]
      }, 
      "class": "006_mustard_bottle", 
      "cuboid": [
        [
          -8.646703949174503, 
          22.469758736405876, 
          72.81906784252142
        ], 
        [
          -16.370713811277565, 
          21.784871264411343, 
          67.15544103533814
        ], 
        [
          -20.179839138085644, 
          4.5106745454506925, 
          74.43921941909673
        ], 
        [
          -12.455829275982582, 
          5.1955620174452255, 
          80.10284622628002
        ], 
        [
          -11.907190792173969, 
          24.937829920621972, 
          76.96723690385988
        ], 
        [
          -19.63120065427703, 
          24.25294244862744, 
          71.30361009667659
        ], 
        [
          -23.44032598108511, 
          6.978745729666789, 
          78.5873884804352
        ], 
        [
          -15.716316118982048, 
          7.663633201661322, 
          84.25101528761849
        ]
      ], 
      "cuboid_centroid": [
        -16.043514965129805, 
        14.724252233036333, 
        75.70322816147831
      ], 
      "location": [
        -16.043514965129805, 
        14.724252233036333, 
        75.70322816147831
      ], 
      "pose_transform_permuted": [
        [
          0.559749825554016, 
          -0.42371047065748907, 
          -0.7121442349746505, 
          0.0
        ], 
        [
          0.8043832793911618, 
          0.07132461513803465, 
          0.5898136830148184, 
          0.0
        ], 
        [
          0.1991168512961382, 
          0.9029851643741488, 
          -0.3807496191069696, 
          0.0
        ], 
        [
          -16.043514965129805, 
          14.724252233036333, 
          75.70322816147831, 
          1.0
        ]
      ], 
      "projected_cuboid": [
        [
          417.7417301906444, 
          437.8528077553335
        ], 
        [
          350.5044770799384, 
          446.29260097578305
        ], 
        [
          335.81381857118646, 
          305.6032533792235
        ], 
        [
          397.9758607175117, 
          307.87825475584685
        ], 
        [
          398.40246554488965, 
          446.0851675473102
        ], 
        [
          333.5407038744438, 
          454.68786029651153
        ], 
        [
          321.1977464824403, 
          320.6465767302721
        ], 
        [
          381.2817284211139, 
          321.79830547448785
        ]
      ], 
      "projected_cuboid_centroid": [
        367.63066004617355, 
        377.01701624689997
      ], 
      "quaternion_xyzw": [
        0.9245962198089447, 
        -0.03455352547961696, 
        0.3108285227486589, 
        0.21751659603656218
      ], 
      "visibility": 0.08126924621769982
    }, 
    {
      "bounding_box": {
        "bottom_right": [
          355, 
          373
        ], 
        "top_left": [
          267, 
          264
        ]
      }, 
      "class": "008_pudding_box", 
      "cuboid": [
        [
          -11.793299131477506, 
          7.401520777298271, 
          61.10732982173036
        ], 
        [
          -21.98543850369695, 
          8.055562683150336, 
          56.120858646107074
        ], 
        [
          -23.9529175780043, 
          -0.20063868151734693, 
          59.05940859804469
        ], 
        [
          -13.760778205784858, 
          -0.8546805873694135, 
          64.04587977366798
        ], 
        [
          -13.272406862034636, 
          8.899985300292606, 
          64.32711409151088
        ], 
        [
          -23.46454623425408, 
          9.554027206144672, 
          59.340642915887585
        ], 
        [
          -25.432025308561435, 
          1.297825841476988, 
          62.27919286782521
        ], 
        [
          -15.239885936341988, 
          0.6437839356249211, 
          67.2656640434485
        ]
      ], 
      "cuboid_centroid": [
        -18.61266222001947, 
        4.349673309387629, 
        61.69326134477778
      ], 
      "location": [
        -18.61266222001947, 
        4.349673309387629, 
        61.69326134477778
      ], 
      "pose_transform_permuted": [
        [
          0.38447342753690245, 
          -0.38950495578917455, 
          -0.8369380191567471, 
          0.0
        ], 
        [
          0.896769061391335, 
          -0.05754675486681812, 
          0.4387413586599026, 
          0.0
        ], 
        [
          0.21905419761009706, 
          0.9192248033851984, 
          -0.3271707995600912, 
          0.0
        ], 
        [
          -18.61266222001947, 
          4.349673309387629, 
          61.69326134477778, 
          1.0
        ]
      ], 
      "projected_cuboid": [
        [
          377.8122704096611, 
          337.88396004679214
        ], 
        [
          270.9271323129786, 
          349.83898988667323
        ], 
        [
          263.4943569126021, 
          271.47472610361734
        ], 
        [
          366.0540958094146, 
          266.1694853902125
        ], 
        [
          370.6419463521346, 
          347.0740305126409
        ], 
        [
          268.9537939457052, 
          359.1526418322018
        ], 
        [
          261.9983960659775, 
          284.4002969261635
        ], 
        [
          359.75983745155577, 
          278.39081495665386
        ]
      ], 
      "projected_cuboid_centroid": [
        319.35536231469865, 
        310.88814803944575
      ], 
      "quaternion_xyzw": [
        0.9556322362621094, 
        -0.07236072151532398, 
        0.2153586795629545, 
        0.18748733250996594
      ], 
      "visibility": 0.8333132020775456
    }, 
    {
      "bounding_box": {
        "bottom_right": [
          496, 
          347
        ], 
        "top_left": [
          297, 
          184
        ]
      }, 
      "class": "019_pitcher_base", 
      "cuboid": [
        [
          -36.564811878942116, 
          29.886124823597687, 
          66.06171458656016
        ], 
        [
          -20.33830547974037, 
          29.75726009711135, 
          75.67688270068597
        ], 
        [
          -25.577890658635333, 
          7.6887710278396515, 
          84.22341164861946
        ], 
        [
          -41.804397057837086, 
          7.817635754325991, 
          74.60824353449367
        ], 
        [
          -30.41906501763418, 
          24.381795922142707, 
          55.616414679248514
        ], 
        [
          -14.19255861843243, 
          24.25293119565637, 
          65.23158279337432
        ], 
        [
          -19.432143797327395, 
          2.1844421263846723, 
          73.77811174130781
        ], 
        [
          -35.65865019652914, 
          2.3133068528710137, 
          64.16294362718202
        ]
      ], 
      "cuboid_centroid": [
        -27.998477838134754, 
        16.03528347499118, 
        69.91991316393398
      ], 
      "location": [
        -27.998477838134754, 
        16.03528347499118, 
        69.91991316393398
      ], 
      "pose_transform_permuted": [
        [
          -0.46171823446539845, 
          0.41352972708605623, 
          0.7847354504671447, 
          0.0
        ], 
        [
          -0.8602841220308278, 
          0.006832048461861003, 
          -0.5097694017269454, 
          0.0
        ], 
        [
          0.21616608941667587, 
          0.9104650117445399, 
          -0.3525984744370233, 
          0.0
        ], 
        [
          -27.998477838134754, 
          16.03528347499118, 
          69.91991316393398, 
          1.0
        ]
      ], 
      "projected_cuboid": [
        [
          183.9475111011415, 
          514.5587443308084
        ], 
        [
          337.0719713423148, 
          482.9956193408729
        ], 
        [
          318.2829860123879, 
          321.973382641367
        ], 
        [
          180.27781187162074, 
          329.16907916407797
        ], 
        [
          187.4702592912698, 
          507.0896213544603
        ], 
        [
          364.5947365066054, 
          471.573358598943
        ], 
        [
          339.95739472318354, 
          289.07720728441075
        ], 
        [
          182.7339260431659, 
          292.5146434388268
        ]
      ], 
      "projected_cuboid_centroid": [
        266.2567854249587, 
        395.5969115493003
      ], 
      "quaternion_xyzw": [
        -0.2576071317912586, 
        0.2031524449989817, 
        0.9427996319794721, 
        0.05913190096668183
      ], 
      "visibility": 0.2694917667157026
    }, 
    {
      "bounding_box": {
        "bottom_right": [
          444, 
          485
        ], 
        "top_left": [
          259, 
          303
        ]
      }, 
      "class": "035_power_drill", 
      "cuboid": [
        [
          1.5425506761465744, 
          15.493741209137024, 
          54.54264639391887
        ], 
        [
          -15.495603671871299, 
          15.871078196009563, 
          47.51068633982679
        ], 
        [
          -18.376344355728484, 
          -1.5716572003699179, 
          53.55463004680321
        ], 
        [
          -1.3381900077106088, 
          -1.9489941872424588, 
          60.586590100895286
        ], 
        [
          -0.45614156434181236, 
          17.539901162940847, 
          59.4951949837973
        ], 
        [
          -17.494295912359686, 
          17.91723814981339, 
          52.463234929705216
        ], 
        [
          -20.375036596216873, 
          0.4745027534339072, 
          58.50717863668164
        ], 
        [
          -3.3368822481989953, 
          0.09716576656136622, 
          65.53913869077371
        ]
      ], 
      "cuboid_centroid": [
        -9.416242960035149, 
        7.984121981285465, 
        56.52491251530025
      ], 
      "location": [
        -9.416242960035149, 
        7.984121981285465, 
        56.52491251530025
      ], 
      "pose_transform_permuted": [
        [
          0.34947058916673723, 
          -0.35777030104968854, 
          -0.8659512647924165, 
          0.0
        ], 
        [
          0.9241734608934195, 
          -0.02046728900079833, 
          0.38142340580513545, 
          0.0
        ], 
        [
          0.15418552983686581, 
          0.9335853844692519, 
          -0.32348925676871154, 
          0.0
        ], 
        [
          -9.416242960035149, 
          7.984121981285465, 
          56.52491251530025, 
          1.0
        ]
      ], 
      "projected_cuboid": [
        [
          496.8058700060156, 
          424.7847902616883
        ], 
        [
          306.20541027322594, 
          451.4434424603557
        ], 
        [
          297.0726542178001, 
          257.63531301252624
        ], 
        [
          469.71935105401764, 
          256.13031965305356
        ], 
        [
          477.4741055595302, 
          430.5155844553603
        ], 
        [
          302.27524742068823, 
          455.42578262466117
        ], 
        [
          294.3215620839578, 
          277.61184671399946
        ], 
        [
          454.2171669518166, 
          274.07721675989023
        ]
      ], 
      "projected_cuboid_centroid": [
        392.0132657581632, 
        348.6177223666239
      ], 
      "quaternion_xyzw": [
        0.9648458568801402, 
        -0.045254072863620314, 
        0.18938102645101304, 
        0.17652030968482224
      ], 
      "visibility": 0.9314101770459329
    }, 
    {
      "bounding_box": {
        "bottom_right": [
          294, 
          307
        ], 
        "top_left": [
          229, 
          224
        ]
      }, 
      "class": "061_foam_brick", 
      "cuboid": [
        [
          -25.08604040596978, 
          -4.6079636465263505, 
          52.37957194855293
        ], 
        [
          -18.088215202451558, 
          -4.629037293752727, 
          55.79623603534299
        ], 
        [
          -17.08690070644979, 
          -0.0340280822055233, 
          53.77373981150869
        ], 
        [
          -24.084725909968014, 
          -0.012954434979146369, 
          50.35707572471861
        ], 
        [
          -27.150281214368743, 
          -2.290949780654549, 
          56.62172860188378
        ], 
        [
          -20.15245601085052, 
          -2.312023427880926, 
          60.03839268867386
        ], 
        [
          -19.151141514848753, 
          2.282985783666278, 
          58.01589646483954
        ], 
        [
          -26.148966718366978, 
          2.304059430892655, 
          54.59923237804948
        ]
      ], 
      "cuboid_centroid": [
        -22.118590960409268, 
        -1.1624889314300364, 
        55.19773420669624
      ], 
      "location": [
        -22.118590960409268, 
        -1.1624889314300364, 
        55.19773420669624
      ], 
      "pose_transform_permuted": [
        [
          0.392739876696907, 
          -0.44083216274234166, 
          -0.8071074237943843, 
          0.0
        ], 
        [
          -0.898608702679994, 
          0.002706121151084151, 
          -0.43874260834354073, 
          0.0
        ], 
        [
          -0.19559598339402623, 
          -0.8975854729217855, 
          0.395072816174308, 
          0.0
        ], 
        [
          -22.118590960409268, 
          -1.1624889314300364, 
          55.19773420669624, 
          1.0
        ]
      ], 
      "projected_cuboid": [
        [
          224.04685671146632, 
          226.36906309930015
        ], 
        [
          307.26288504664035, 
          229.0406100227087
        ], 
        [
          310.71960347836625, 
          272.9490527575774
        ], 
        [
          224.39589553522518, 
          273.1493407005395
        ], 
        [
          223.7376806358453, 
          251.7081013590666
        ], 
        [
          301.091475461591, 
          252.74889005949169
        ], 
        [
          304.0802946565657, 
          294.2732175075967
        ], 
        [
          224.04814776688625, 
          295.7923491763053
        ]
      ], 
      "projected_cuboid_centroid": [
        266.10665967512455, 
        262.0545894012683
      ], 
      "quaternion_xyzw": [
        0.05223324657869909, 
        0.9491182222721471, 
        -0.2201793620913552, 
        0.21901446667252772
      ], 
      "visibility": 0.9674409748667174
    }
  ]
}