{
  "camera_data": {
    "location_worldframe": [
      -23.36508635649664, 
      12.713383541327577, 
      76.36706073190147
    ], 
    "quaternion_xyzw_worldframe": [
      0.934677370173174, 
      0.03592273999813177, 
      -0.11489026110309408, 
      -0.334501888745622
    ]
  }, 
  "objects": [
    {
      "bounding_box": {
        "bottom_right": [
          526, 
          262
        ], 
        "top_left": [
          339, 
          26
        ]
      }, 
      "class": "003_cracker_box", 
      "cuboid": [
        [
          -35.18431143675809, 
          24.121039877014102, 
          56.16991841722614
        ], 
        [
          -51.22722421683205, 
          22.521608256472962, 
          59.19396929466005
        ], 
        [
          -46.92661199514153, 
          8.225757001866027, 
          74.44804804662651
        ], 
        [
          -30.883699215067562, 
          9.825188622407168, 
          71.4239971691926
        ], 
        [
          -34.798080412207646, 
          29.406372059237885, 
          61.01434685143455
        ], 
        [
          -50.840993192281616, 
          27.80694043869675, 
          64.03839772886846
        ], 
        [
          -46.54038097059109, 
          13.511089184089812, 
          79.29247648083492
        ], 
        [
          -30.497468190517125, 
          15.110520804630953, 
          76.26842560340101
        ]
      ], 
      "cuboid_centroid": [
        -40.86234620367459, 
        18.816064530551955, 
        67.73119744903053
      ], 
      "location": [
        -40.86234620367459, 
        18.816064530551955, 
        67.73119744903053
      ], 
      "pose_transform_permuted": [
        [
          -0.05379262308977045, 
          -0.7361187059313281, 
          -0.6747114972187065, 
          0.0
        ], 
        [
          0.9780116622300801, 
          0.09750491069001371, 
          -0.18435287069445946, 
          0.0
        ], 
        [
          -0.2014932808881664, 
          0.6697925374093975, 
          -0.714687634276404, 
          0.0
        ], 
        [
          -40.86234620367459, 
          18.816064530551955, 
          67.73119744903053, 
          1.0
        ]
      ], 
      "projected_cuboid": [
        [
          144.7467190165526, 
          502.30988883106977
        ], 
        [
          16.20915465736765, 
          476.199349384497
        ], 
        [
          142.62990915367456, 
          332.2129626575367
        ], 
        [
          249.06818758208883, 
          346.6507532082502
        ], 
        [
          174.89616183737448, 
          530.3243479148152
        ], 
        [
          54.658580011785425, 
          504.86612788340534
        ], 
        [
          165.95877183566887, 
          364.1618488766446
        ], 
        [
          266.56128072613245, 
          378.9493544519163
        ]
      ], 
      "projected_cuboid_centroid": [
        157.16312580262576, 
        421.4453786679138
      ], 
      "quaternion_xyzw": [
        0.9113884595574743, 
        0.08201722011143277, 
        -0.06532491477340566, 
        0.3979659619873212
      ], 
      "visibility": 0.3672292653123568
    }, 
    {
      "bounding_box": {
        "bottom_right": [
          539, 
          307
        ], 
        "top_left": [
          402, 
          195
        ]
      }, 
      "class": "006_mustard_bottle", 
      "cuboid": [
        [
          -29.329272065003536, 
          32.83846284658463, 
          64.02872540666476
        ], 
        [
          -38.43022109026823, 
          29.792202571507744, 
          64.34351579125043
        ], 
        [
          -33.912203827359946, 
          17.75834256388601, 
          78.51159501581067
        ], 
        [
          -24.811254802095245, 
          20.8046028389629, 
          78.196804631225
        ], 
        [
          -30.577728993815533, 
          36.9722976111562, 
          67.93797364914015
        ], 
        [
          -39.67867801908023, 
          33.92603733607931, 
          68.25276403372582
        ], 
        [
          -35.16066075617194, 
          21.892177328457578, 
          82.42084325828607
        ], 
        [
          -26.059711730907242, 
          24.938437603534467, 
          82.10605287370039
        ]
      ], 
      "cuboid_centroid": [
        -32.244966410587736, 
        27.365320087521106, 
        73.22478433247541
      ], 
      "location": [
        -32.244966410587736, 
        27.365320087521106, 
        73.22478433247541
      ], 
      "pose_transform_permuted": [
        [
          0.21433104372577005, 
          -0.7096833693122314, 
          -0.6711270822856383, 
          0.0
        ], 
        [
          0.9477785959896454, 
          0.317239474533529, 
          -0.03278247003751111, 
          0.0
        ], 
        [
          -0.2361732141393577, 
          0.6290536824274173, 
          -0.7406170923949776, 
          0.0
        ], 
        [
          -32.244966410587736, 
          27.365320087521106, 
          73.22478433247541, 
          1.0
        ]
      ], 
      "projected_cuboid": [
        [
          235.2665809399515, 
          546.8105727968882
        ], 
        [
          160.4086813404418, 
          520.223076369153
        ], 
        [
          249.31592667849034, 
          393.91676912213296
        ], 
        [
          310.96861270146877, 
          415.1785521940766
        ], 
        [
          239.5586108332865, 
          563.522606144044
        ], 
        [
          168.9684801194453, 
          538.3808582903681
        ], 
        [
          252.1874021973314, 
          414.9439928916409
        ], 
        [
          310.9156784698416, 
          435.2740733963404
        ]
      ], 
      "projected_cuboid_centroid": [
        244.78950660896885, 
        472.5969386260573
      ], 
      "quaternion_xyzw": [
        0.9011047886764755, 
        0.1535372732525726, 
        0.05036833006816939, 
        0.40236731619121163
      ], 
      "visibility": 0.8643095624101512
    }, 
    {
      "bounding_box": {
        "bottom_right": [
          407, 
          234
        ], 
        "top_left": [
          325, 
          108
        ]
      }, 
      "class": "008_pudding_box", 
      "cuboid": [
        [
          -34.207002949053184, 
          14.154739276803275, 
          62.91167156591624
        ], 
        [
          -45.350184589683074, 
          12.650155741463417, 
          64.56639265775969
        ], 
        [
          -43.58285802613481, 
          6.655222842290291, 
          71.01683815043684
        ], 
        [
          -32.43967638550492, 
          8.159806377630147, 
          69.36211705859337
        ], 
        [
          -34.198908949719986, 
          16.973828136460945, 
          65.52946430746806
        ], 
        [
          -45.342090590349876, 
          15.46924460112109, 
          67.18418539931152
        ], 
        [
          -43.57476402680161, 
          9.474311701947963, 
          73.63463089198865
        ], 
        [
          -32.43158238617172, 
          10.97889523728782, 
          71.9799098001452
        ]
      ], 
      "cuboid_centroid": [
        -38.8908834879274, 
        11.814525489375619, 
        68.27315122895244
      ], 
      "location": [
        -38.8908834879274, 
        11.814525489375619, 
        68.27315122895244
      ], 
      "pose_transform_permuted": [
        [
          -0.002103922251115697, 
          -0.7327828352269018, 
          -0.6804587165172515, 
          0.0
        ], 
        [
          0.9804477917578528, 
          0.13238280163723506, 
          -0.14559285604370314, 
          0.0
        ], 
        [
          -0.19676971783263708, 
          0.6674608300050446, 
          -0.7181764624985917, 
          0.0
        ], 
        [
          -38.8908834879274, 
          11.814525489375619, 
          68.27315122895244, 
          1.0
        ]
      ], 
      "projected_cuboid": [
        [
          189.19829974555302, 
          393.2801649683042
        ], 
        [
          103.88203081575162, 
          377.7770555615052
        ], 
        [
          151.5726206555394, 
          323.2656804580778
        ], 
        [
          230.09248057317512, 
          336.026614562414
        ], 
        [
          200.94556558723716, 
          411.4301202955111
        ], 
        [
          118.66426477930985, 
          396.0840539981574
        ], 
        [
          163.36446719272692, 
          341.9069127495002
        ], 
        [
          239.29976563064247, 
          354.6322891484949
        ]
      ], 
      "projected_cuboid_centroid": [
        175.26702009673772, 
        365.5763722125914
      ], 
      "quaternion_xyzw": [
        0.9121906788440876, 
        0.09020935181199412, 
        -0.04047859228346251, 
        0.3976578941708011
      ], 
      "visibility": 0.4519619157530294
    }, 
    {
      "bounding_box": {
        "bottom_right": [
          539, 
          242
        ], 
        "top_left": [
          372, 
          43
        ]
      }, 
      "class": "019_pitcher_base", 
      "cuboid": [
        [
          -57.75750373211339, 
          36.8571316389812, 
          71.4970700821385
        ], 
        [
          -39.40065129186641, 
          40.8252369398702, 
          69.75130872616103
        ], 
        [
          -34.3170310244167, 
          25.114135445840734, 
          87.49483471526491
        ], 
        [
          -52.67388346466368, 
          21.146030144951734, 
          89.2405960712424
        ], 
        [
          -56.50616441939993, 
          27.115801985463996, 
          62.513041041762584
        ], 
        [
          -38.14931197915294, 
          31.083907286352996, 
          60.767279685785105
        ], 
        [
          -33.06569171170324, 
          15.372805792323533, 
          78.510805674889
        ], 
        [
          -51.42254415195022, 
          11.40470049143453, 
          80.25656703086648
        ]
      ], 
      "cuboid_centroid": [
        -45.411597721908315, 
        26.114968715652363, 
        75.00393787851375
      ], 
      "location": [
        -45.411597721908315, 
        26.114968715652363, 
        75.00393787851375
      ], 
      "pose_transform_permuted": [
        [
          -0.09401073477670767, 
          0.731847508605355, 
          0.6749529586100531, 
          0.0
        ], 
        [
          -0.973229128704144, 
          -0.21037787807911038, 
          0.09255539907692745, 
          0.0
        ], 
        [
          -0.20973154854326073, 
          0.6481824904904225, 
          -0.7320328794304796, 
          0.0
        ], 
        [
          -45.411597721908315, 
          26.114968715652363, 
          75.00393787851375, 
          1.0
        ]
      ], 
      "projected_cuboid": [
        [
          47.17496996157402, 
          548.2157072467381
        ], 
        [
          177.8285387178896, 
          585.4369297843153
        ], 
        [
          270.6764525447673, 
          426.3682632200416
        ], 
        [
          164.1841376099016, 
          399.65942744114955
        ], 
        [
          -4.493217095155593, 
          504.6204800076737
        ], 
        [
          143.99223647222078, 
          546.0921755384873
        ], 
        [
          255.11182195115757, 
          377.7131618946224
        ], 
        [
          137.03717856977613, 
          349.0728609865591
        ]
      ], 
      "projected_cuboid_centroid": [
        156.00452105557753, 
        458.97844461863383
      ], 
      "quaternion_xyzw": [
        -0.00040078879182369224, 
        0.40314193638201945, 
        0.907794659849437, 
        -0.11569505891675126
      ], 
      "visibility": 0.12062542807697814
    }, 
    {
      "bounding_box": {
        "bottom_right": [
          483, 
          259
        ], 
        "top_left": [
          308, 
          32
        ]
      }, 
      "class": "035_power_drill", 
      "cuboid": [
        [
          -28.23888773523229, 
          18.16976486015314, 
          47.59218247269733
        ], 
        [
          -46.050448260802234, 
          15.60701698908325, 
          51.60094587107522
        ], 
        [
          -41.33238803592202, 
          2.8457560455826423, 
          64.40590847840558
        ], 
        [
          -23.520827510352078, 
          5.408503916652532, 
          60.39714508002769
        ], 
        [
          -27.934358300102964, 
          22.270722121405623, 
          51.56693908516633
        ], 
        [
          -45.74591882567291, 
          19.707974250335734, 
          55.57570248354422
        ], 
        [
          -41.0278586007927, 
          6.946713306835125, 
          68.38066509087459
        ], 
        [
          -23.216298075222753, 
          9.509461177905017, 
          64.37190169249669
        ]
      ], 
      "cuboid_centroid": [
        -34.6333731680125, 
        12.558239083494133, 
        57.98642378178596
      ], 
      "location": [
        -34.6333731680125, 
        12.558239083494133, 
        57.98642378178596
      ], 
      "pose_transform_permuted": [
        [
          -0.053246857598873557, 
          -0.7170508401470139, 
          -0.6949847040055082, 
          0.0
        ], 
        [
          0.9661240999817313, 
          0.13900704976765468, 
          -0.21744096620493164, 
          0.0
        ], 
        [
          -0.252524157988898, 
          0.6830194022620641, 
          -0.6853584410482007, 
          0.0
        ], 
        [
          -34.6333731680125, 
          12.558239083494133, 
          57.98642378178596, 
          1.0
        ]
      ], 
      "projected_cuboid": [
        [
          162.51404036126755, 
          476.8975286539836
        ], 
        [
          1.6780741664239929, 
          434.59225931373726
        ], 
        [
          136.4878767594322, 
          296.85110626239924
        ], 
        [
          272.17235725658907, 
          321.0447730865326
        ], 
        [
          190.2845921225408, 
          503.61652167684304
        ], 
        [
          38.948429350942696, 
          462.40962851634816
        ], 
        [
          158.94290867332248, 
          327.46586250668275
        ], 
        [
          287.64769983077394, 
          352.07218417547404
        ]
      ], 
      "projected_cuboid_centroid": [
        160.4084064557542, 
        388.788657211565
      ], 
      "quaternion_xyzw": [
        0.9143478832273446, 
        0.10705203537371834, 
        -0.07401116926316026, 
        0.38344521459523023
      ], 
      "visibility": 0.8651073572179939
    }, 
    {
      "bounding_box": {
        "bottom_right": [
          337, 
          177
        ], 
        "top_left": [
          273, 
          84
        ]
      }, 
      "class": "061_foam_brick", 
      "cuboid": [
        [
          -46.80240406718564, 
          -0.28019639440047817, 
          68.39696880152675
        ], 
        [
          -39.25628006750947, 
          1.131122204154028, 
          67.09014534196965
        ], 
        [
          -40.51022927167475, 
          4.293867398945461, 
          63.26498056437797
        ], 
        [
          -48.05635327135092, 
          2.8825488003909547, 
          64.57180402393507
        ], 
        [
          -46.969233283460746, 
          3.7414796937342607, 
          71.77688387380643
        ], 
        [
          -39.42310928378458, 
          5.152798292288767, 
          70.47006041424933
        ], 
        [
          -40.67705848794986, 
          8.3155434870802, 
          66.64489563665765
        ], 
        [
          -48.223182487626026, 
          6.904224888525694, 
          67.95171909621476
        ]
      ], 
      "cuboid_centroid": [
        -43.73973127756775, 
        4.017673546339861, 
        67.5209322190922
      ], 
      "location": [
        -43.73973127756775, 
        4.017673546339861, 
        67.5209322190922
      ], 
      "pose_transform_permuted": [
        [
          0.0317407182159839, 
          -0.7651590669762913, 
          -0.6430584180547708, 
          0.0
        ], 
        [
          -0.9690171589599224, 
          -0.18123104507920562, 
          0.16781255596867387, 
          0.0
        ], 
        [
          0.24494544790294395, 
          -0.6178081502565905, 
          0.7472046687676384, 
          0.0
        ], 
        [
          -43.73973127756775, 
          4.017673546339861, 
          67.5209322190922, 
          1.0
        ]
      ], 
      "projected_cuboid": [
        [
          113.61805926082361, 
          271.10173027889886
        ], 
        [
          166.93662550243536, 
          282.2781658779048
        ], 
        [
          137.25263933426257, 
          309.4835548929867
        ], 
        [
          81.37629149466193, 
          297.09444838339874
        ], 
        [
          129.69598003071656, 
          301.0866357707717
        ], 
        [
          180.75541351873727, 
          312.2830738330316
        ], 
        [
          153.37000538839774, 
          339.8309018671487
        ], 
        [
          99.96298077435976, 
          327.47439943133764
        ]
      ], 
      "projected_cuboid_centroid": [
        133.23615556042648, 
        305.02045975400586
      ], 
      "quaternion_xyzw": [
        -0.11856760607166053, 
        0.8985938636657947, 
        -0.4207584195974457, 
        -0.03785687930184271
      ], 
      "visibility": 0.9241212121212121
    }
  ]
}