{
  "camera_data": {
    "location_worldframe": [
      -21.98777728185832, 
      9.789208787792877, 
      80.95049731095197
    ], 
    "quaternion_xyzw_worldframe": [
      0.9455204486941226, 
      0.03655856381752747, 
      -0.11154122278123542, 
      -0.30366890626848725
    ]
  }, 
  "objects": [
    {
      "bounding_box": {
        "bottom_right": [
          480, 
          283
        ], 
        "top_left": [
          313, 
          65
        ]
      }, 
      "class": "003_cracker_box", 
      "cuboid": [
        [
          -33.62838476938798, 
          19.805079747879056, 
          59.928314551762696
        ], 
        [
          -49.69716476113793, 
          18.313682497241377, 
          62.86908987549676
        ], 
        [
          -45.503307872436714, 
          5.054924810539167, 
          79.06076848362149
        ], 
        [
          -29.434527880686765, 
          6.546322061176848, 
          76.11999315988743
        ], 
        [
          -33.32399402934134, 
          25.393690838816934, 
          64.42577715711725
        ], 
        [
          -49.39277402109129, 
          23.90229358817926, 
          67.36655248085133
        ], 
        [
          -45.19891713239008, 
          10.643535901477048, 
          83.55823108897606
        ], 
        [
          -29.130137140640127, 
          12.134933152114726, 
          80.61745576524198
        ]
      ], 
      "cuboid_centroid": [
        -39.41365095088903, 
        15.224307824678052, 
        71.74327282036937
      ], 
      "location": [
        -39.41365095088903, 
        15.224307824678052, 
        71.74327282036937
      ], 
      "pose_transform_permuted": [
        [
          -0.04239425450196316, 
          -0.7783581092690673, 
          -0.6263875644681217, 
          0.0
        ], 
        [
          0.9795885850143208, 
          0.09091889509947232, 
          -0.17927620763372942, 
          0.0
        ], 
        [
          -0.1964915552762095, 
          0.6212023891204651, 
          -0.7586162801154234, 
          0.0
        ], 
        [
          -39.41365095088903, 
          15.224307824678052, 
          71.74327282036937, 
          1.0
        ]
      ], 
      "projected_cuboid": [
        [
          179.83428064019145, 
          449.53773000664916
        ], 
        [
          56.50189037121228, 
          428.64182521558644
        ], 
        [
          172.0877873721694, 
          307.38550317776674
        ], 
        [
          273.6513071677308, 
          319.15204069683347
        ], 
        [
          203.44062752966707, 
          483.4966931543737
        ], 
        [
          87.31154265449725, 
          462.5133988469299
        ], 
        [
          190.7059029990304, 
          341.2200743484079
        ], 
        [
          287.2825817497748, 
          353.5644062056745
        ]
      ], 
      "projected_cuboid_centroid": [
        186.16528212409662, 
        386.45981798297476
      ], 
      "quaternion_xyzw": [
        0.8982174762554594, 
        0.07999467221842949, 
        -0.06169732497852444, 
        0.4277845928226418
      ], 
      "visibility": 0.43613327922809864
    }, 
    {
      "bounding_box": {
        "bottom_right": [
          504, 
          324
        ], 
        "top_left": [
          378, 
          219
        ]
      }, 
      "class": "006_mustard_bottle", 
      "cuboid": [
        [
          -27.90718345307704, 
          29.043516190291374, 
          67.27366533696565
        ], 
        [
          -36.9961765497221, 
          25.972785186848597, 
          67.68217898892766
        ], 
        [
          -32.583468882190544, 
          14.902506618266342, 
          82.64672639402106
        ], 
        [
          -23.494475785545482, 
          17.97323762170912, 
          82.23821274205905
        ], 
        [
          -29.220906016630877, 
          33.41359178817472, 
          70.89389028577341
        ], 
        [
          -38.30989911327594, 
          30.342860784731947, 
          71.30240393773542
        ], 
        [
          -33.89719144574438, 
          19.27258221614969, 
          86.26695134282882
        ], 
        [
          -24.80819834909932, 
          22.34331321959247, 
          85.85843769086681
        ]
      ], 
      "cuboid_centroid": [
        -30.90218744941071, 
        24.158049203220532, 
        76.77030833989723
      ], 
      "location": [
        -30.90218744941071, 
        24.158049203220532, 
        76.77030833989723
      ], 
      "pose_transform_permuted": [
        [
          0.22553563660424067, 
          -0.7502404307581085, 
          -0.6215084989262663, 
          0.0
        ], 
        [
          0.946533498010367, 
          0.3197878716851976, 
          -0.04254287046596202, 
          0.0
        ], 
        [
          -0.2306682981170076, 
          0.5786837718448953, 
          -0.7822513844328871, 
          0.0
        ], 
        [
          -30.90218744941071, 
          24.158049203220532, 
          76.77030833989723, 
          1.0
        ]
      ], 
      "projected_cuboid": [
        [
          258.5160310029104, 
          503.5322941899857
        ], 
        [
          187.6465367288037, 
          477.9459502014503
        ], 
        [
          269.58362458370766, 
          369.4524596655881
        ], 
        [
          327.96430795830577, 
          389.84402721956843
        ], 
        [
          259.9425406109316, 
          524.6498469053381
        ], 
        [
          192.66311831889323, 
          500.2416050232785
        ], 
        [
          270.29146966560376, 
          392.4335039302094
        ], 
        [
          326.21389677817126, 
          412.07460370235356
        ]
      ], 
      "projected_cuboid_centroid": [
        265.1320731689616, 
        441.111326104552
      ], 
      "quaternion_xyzw": [
        0.8869506424798294, 
        0.15515411552755132, 
        0.05157918529340267, 
        0.4319552131182562
      ], 
      "visibility": 0.930754665945361
    }, 
    {
      "bounding_box": {
        "bottom_right": [
          371, 
          259
        ], 
        "top_left": [
          298, 
          143
        ]
      }, 
      "class": "008_pudding_box", 
      "cuboid": [
        [
          -32.68035490124059, 
          10.299570573384036, 
          67.30939891472187
        ], 
        [
          -43.8344348394103, 
          8.842171271842123, 
          68.93262366547684
        ], 
        [
          -42.11251576608085, 
          3.285383417197734, 
          75.77572341231608
        ], 
        [
          -30.958435827911142, 
          4.742782718739647, 
          74.15249866156111
        ], 
        [
          -32.71627617289934, 
          13.281490148843364, 
          69.73983748768097
        ], 
        [
          -43.87035611106905, 
          11.824090847301452, 
          71.36306223843593
        ], 
        [
          -42.1484370377396, 
          6.267302992657061, 
          78.20616198527517
        ], 
        [
          -30.994357099569893, 
          7.724702294198976, 
          76.5829372345202
        ]
      ], 
      "cuboid_centroid": [
        -37.414395969490094, 
        8.28343678302055, 
        72.75778044999852
      ], 
      "location": [
        -37.414395969490094, 
        8.28343678302055, 
        72.75778044999852
      ], 
      "pose_transform_permuted": [
        [
          0.009337233624572665, 
          -0.7751084090300819, 
          -0.63175861315491, 
          0.0
        ], 
        [
          0.9814066930933452, 
          0.12823123350122778, 
          -0.1428216082022366, 
          0.0
        ], 
        [
          -0.19171416147869116, 
          0.6186788569617626, 
          -0.7618936047578815, 
          0.0
        ], 
        [
          -37.414395969490094, 
          8.28343678302055, 
          72.75778044999852, 
          1.0
        ]
      ], 
      "projected_cuboid": [
        [
          220.49952196412283, 
          354.89420011489625
        ], 
        [
          139.63153021105435, 
          341.69686166085233
        ], 
        [
          182.73359858966177, 
          296.4095018505272
        ], 
        [
          257.08227678731896, 
          307.3975787189031
        ], 
        [
          229.32180209380644, 
          374.85372031569324
        ], 
        [
          151.00729021245306, 
          361.65184916989153
        ], 
        [
          191.77447364961887, 
          316.0258226465038
        ], 
        [
          263.9552469696415, 
          327.08096212381975
        ]
      ], 
      "projected_cuboid_centroid": [
        205.06147693564094, 
        334.0047048224517
      ], 
      "quaternion_xyzw": [
        0.898866531139359, 
        0.08898579040827446, 
        -0.03712574947263463, 
        0.42748338060816854
      ], 
      "visibility": 0.4288405548895359
    }, 
    {
      "bounding_box": {
        "bottom_right": [
          529, 
          261
        ], 
        "top_left": [
          350, 
          72
        ]
      }, 
      "class": "019_pitcher_base", 
      "cuboid": [
        [
          -56.43904780277046, 
          33.375342934421994, 
          74.14790289841795
        ], 
        [
          -38.08283875177776, 
          37.32575120901752, 
          72.35585444923174
        ], 
        [
          -33.12795755814657, 
          22.819503165828845, 
          91.13170435734004
        ], 
        [
          -51.48416660913927, 
          18.869094891233313, 
          92.92375280652625
        ], 
        [
          -55.03643018347073, 
          23.082510235865268, 
          65.8254999914502
        ], 
        [
          -36.68022113247804, 
          27.032918510460796, 
          64.03345154226399
        ], 
        [
          -31.725339938846847, 
          12.526670467272124, 
          82.80930145037229
        ], 
        [
          -50.08154898983954, 
          8.576262192676595, 
          84.6013498995585
        ]
      ], 
      "cuboid_centroid": [
        -44.08219387080865, 
        22.951006700847056, 
        78.47860217439512
      ], 
      "location": [
        -44.08219387080865, 
        22.951006700847056, 
        78.47860217439512
      ], 
      "pose_transform_permuted": [
        [
          -0.1053759852834721, 
          0.7732808800090943, 
          0.6252462497124507, 
          0.0
        ], 
        [
          -0.9731950179999584, 
          -0.20943963109279756, 
          0.0950094116883168, 
          0.0
        ], 
        [
          -0.20442024598927833, 
          0.5984746510535285, 
          -0.7746227824406153, 
          0.0
        ], 
        [
          -44.08219387080865, 
          22.951006700847056, 
          78.47860217439512, 
          1.0
        ]
      ], 
      "projected_cuboid": [
        [
          72.2680399167993, 
          513.3435495245054
        ], 
        [
          198.55735471192617, 
          548.4066955398048
        ], 
        [
          286.11050726737807, 
          406.83048958857154
        ], 
        [
          183.65029602710965, 
          381.5823990317498
        ], 
        [
          31.97478249611977, 
          460.3015206117882
        ], 
        [
          173.5502183345655, 
          498.43736906513396
        ], 
        [
          275.57255284915607, 
          353.9624832571194
        ], 
        [
          163.2563447956959, 
          327.35055212772255
        ]
      ], 
      "projected_cuboid_centroid": [
        179.52979172670535, 
        429.2554389036726
      ], 
      "quaternion_xyzw": [
        -0.0028989427081308225, 
        0.43286086708964844, 
        0.8939960736443334, 
        -0.11573313610735317
      ], 
      "visibility": 0.21400770470360383
    }, 
    {
      "bounding_box": {
        "bottom_right": [
          423, 
          287
        ], 
        "top_left": [
          276, 
          80
        ]
      }, 
      "class": "035_power_drill", 
      "cuboid": [
        [
          -26.555301500171424, 
          13.35254991823901, 
          51.830759647501004
        ], 
        [
          -44.399270276033405, 
          10.953424560180473, 
          55.796427918205495
        ], 
        [
          -39.76723659201923, 
          -0.9294610292434113, 
          69.44993422785576
        ], 
        [
          -21.92326781615725, 
          1.4696643288151234, 
          65.48426595715127
        ], 
        [
          -26.31675328261393, 
          17.70276086234943, 
          55.53589638633909
        ], 
        [
          -44.16072205847591, 
          15.303635504290893, 
          59.501564657043595
        ], 
        [
          -39.52868837446174, 
          3.4207499148670086, 
          73.15507096669386
        ], 
        [
          -21.684719598599756, 
          5.819875272925544, 
          69.18940269598937
        ]
      ], 
      "cuboid_centroid": [
        -33.04199493731658, 
        8.386649916553008, 
        62.49291530709743
      ], 
      "location": [
        -33.04199493731658, 
        8.386649916553008, 
        62.49291530709743
      ], 
      "pose_transform_permuted": [
        [
          -0.04171006643530156, 
          -0.7606327531778351, 
          -0.6478417701510041, 
          0.0
        ], 
        [
          0.967881969069082, 
          0.13013193447986682, 
          -0.21510342585425382, 
          0.0
        ], 
        [
          -0.24791977000708829, 
          0.6360062260595378, 
          -0.7307749414173873, 
          0.0
        ], 
        [
          -33.04199493731658, 
          8.386649916553008, 
          62.49291530709743, 
          1.0
        ]
      ], 
      "projected_cuboid": [
        [
          206.07562726531611, 
          410.6793989986764
        ], 
        [
          53.67845739692773, 
          377.98277103233255
        ], 
        [
          173.67181091745462, 
          266.149025553222
        ], 
        [
          301.56077469754, 
          285.25583710678626
        ], 
        [
          226.76724006377728, 
          443.28881863984276
        ], 
        [
          82.48071877095757, 
          410.45483859998717
        ], 
        [
          191.02109126260592, 
          298.22469872165516
        ], 
        [
          313.0559127632887, 
          318.1467815118311
        ]
      ], 
      "projected_cuboid_centroid": [
        197.26410323705687, 
        344.8588852742234
      ], 
      "quaternion_xyzw": [
        0.9016276899695936, 
        0.10482478208375132, 
        -0.07120829782252364, 
        0.4135320241344623
      ], 
      "visibility": 0.7774500907441017
    }, 
    {
      "bounding_box": {
        "bottom_right": [
          306, 
          208
        ], 
        "top_left": [
          248, 
          124
        ]
      }, 
      "class": "061_foam_brick", 
      "cuboid": [
        [
          -45.2676270813812, 
          -3.8223971431292774, 
          73.57270092513775
        ], 
        [
          -37.71389167637187, 
          -2.455827488341542, 
          72.26229489291522
        ], 
        [
          -38.9389930538856, 
          0.44675063861053094, 
          68.22727343308576
        ], 
        [
          -46.49272845889493, 
          -0.9198190161772039, 
          69.53767946530827
        ], 
        [
          -45.49315287293202, 
          0.40772133156933643, 
          76.68409486491136
        ], 
        [
          -37.939417467922695, 
          1.7742909863570713, 
          75.37368883268883
        ], 
        [
          -39.164518845436426, 
          4.676869113309144, 
          71.33866737285936
        ], 
        [
          -46.71825425044575, 
          3.31029945852141, 
          72.6490734050819
        ]
      ], 
      "cuboid_centroid": [
        -42.21607296340881, 
        0.4272359850899337, 
        72.45568414899856
      ], 
      "location": [
        -42.21607296340881, 
        0.4272359850899337, 
        72.45568414899856
      ], 
      "pose_transform_permuted": [
        [
          0.04290825527974074, 
          -0.8048170549709182, 
          -0.5919699229325646, 
          0.0
        ], 
        [
          -0.9699945590625381, 
          -0.17548471830837664, 
          0.1682726033236008, 
          0.0
        ], 
        [
          0.2393103362120425, 
          -0.5669873205532621, 
          0.7881979074533956, 
          0.0
        ], 
        [
          -42.21607296340881, 
          0.4272359850899337, 
          72.45568414899856, 
          1.0
        ]
      ], 
      "projected_cuboid": [
        [
          150.7229716285379, 
          245.5784448238581
        ], 
        [
          200.9365400367284, 
          255.1617206840682
        ], 
        [
          174.6818385566547, 
          276.77870251295343
        ], 
        [
          122.04931529979268, 
          266.23198140042
        ], 
        [
          162.56636637080445, 
          276.1221425613107
        ], 
        [
          210.91304278118199, 
          285.8408410004735
        ], 
        [
          186.36771051466854, 
          308.2502677217104
        ], 
        [
          135.77853440365533, 
          297.5875709422605
        ]
      ], 
      "projected_cuboid_centroid": [
        168.27058159769481, 
        276.43126458446227
      ], 
      "quaternion_xyzw": [
        -0.11724764743563555, 
        0.8844421691875004, 
        -0.4502880510230955, 
        -0.03543599355937172
      ], 
      "visibility": 0.902189365936878
    }
  ]
}