{
  "camera_data": {
    "location_worldframe": [
      -11.633513210230664, 
      -2.208325275645499, 
      71.90093735737064
    ], 
    "quaternion_xyzw_worldframe": [
      -0.8306787376042815, 
      -0.08193668670469491, 
      -0.15534630383900405, 
      0.5283248691679995
    ]
  }, 
  "objects": [
    {
      "bounding_box": {
        "bottom_right": [
          481, 
          365
        ], 
        "top_left": [
          269, 
          197
        ]
      }, 
      "class": "003_cracker_box", 
      "cuboid": [
        [
          -11.730676364343111, 
          18.794441511497656, 
          56.51818370580717
        ], 
        [
          -27.16304014080896, 
          19.99823943620902, 
          51.089451393891096
        ], 
        [
          -31.15062816306559, 
          0.2152454741872839, 
          58.03825264372998
        ], 
        [
          -15.718264386599746, 
          -0.98855245052408, 
          63.466984955646055
        ], 
        [
          -13.761580568343328, 
          21.43754675470664, 
          62.87757206652537
        ], 
        [
          -29.193944344809175, 
          22.641344679418005, 
          57.448839754609295
        ], 
        [
          -33.181532367065806, 
          2.8583507173962683, 
          64.39764100444818
        ], 
        [
          -17.74916859059996, 
          1.6545527926849046, 
          69.82637331636425
        ]
      ], 
      "cuboid_centroid": [
        -22.45610436570446, 
        10.826396114446963, 
        60.457912355127675
      ], 
      "location": [
        -22.45610436570446, 
        10.826396114446963, 
        60.457912355127675
      ], 
      "pose_transform_permuted": [
        [
          0.28285574548128467, 
          -0.36812051621184666, 
          -0.885708706512559, 
          0.0
        ], 
        [
          0.9407912363587041, 
          -0.07338620021660766, 
          0.33094760190765704, 
          0.0
        ], 
        [
          0.18682739852304275, 
          0.9268774197064525, 
          -0.3255668472056402, 
          0.0
        ], 
        [
          -22.45610436570446, 
          10.826396114446963, 
          60.457912355127675, 
          1.0
        ]
      ], 
      "projected_cuboid": [
        [
          369.98103263867205, 
          450.63554418837924
        ], 
        [
          195.6807947198585, 
          482.0469068890381
        ], 
        [
          192.9652410225332, 
          275.2644511911542
        ], 
        [
          348.4141706929372, 
          264.97963036285597
        ], 
        [
          363.90036716697836, 
          455.11708778917495
        ], 
        [
          208.3199607323314, 
          483.4748126000295
        ], 
        [
          204.50874901231794, 
          296.95843635195826
        ], 
        [
          344.9028121771073, 
          285.9236744074019
        ]
      ], 
      "projected_cuboid_centroid": [
        281.85340548407345, 
        368.78982015047046
      ], 
      "quaternion_xyzw": [
        0.9686817540577652, 
        -0.06715662746036742, 
        0.15841202356133643, 
        0.17902870589635372
      ], 
      "visibility": 0.501737633570431
    }, 
    {
      "bounding_box": {
        "bottom_right": [
          450, 
          387
        ], 
        "top_left": [
          306, 
          310
        ]
      }, 
      "class": "006_mustard_bottle", 
      "cuboid": [
        [
          -10.489597230188044, 
          21.960723757972247, 
          69.18584693282313
        ], 
        [
          -18.56540808867306, 
          21.312504291118632, 
          64.03151299806753
        ], 
        [
          -21.804333268946433, 
          3.9136285905041563, 
          71.29437907252802
        ], 
        [
          -13.728522410461414, 
          4.56184805735777, 
          76.44871300728362
        ], 
        [
          -13.482593336095098, 
          24.349983596150444, 
          73.5747953400011
        ], 
        [
          -21.558404194580117, 
          23.701764129296834, 
          68.42046140524549
        ], 
        [
          -24.797329374853486, 
          6.302888428682355, 
          75.68332747970598
        ], 
        [
          -16.72151851636847, 
          6.951107895535968, 
          80.83766141446158
        ]
      ], 
      "cuboid_centroid": [
        -17.643463302520765, 
        14.1318060933273, 
        72.43458720626455
      ], 
      "location": [
        -17.643463302520765, 
        14.1318060933273, 
        72.43458720626455
      ], 
      "pose_transform_permuted": [
        [
          0.513827881796975, 
          -0.4101803939172286, 
          -0.7534804535580958, 
          0.0
        ], 
        [
          0.8410200579834854, 
          0.06750598585731628, 
          0.5367756006964736, 
          0.0
        ], 
        [
          0.1693104133226921, 
          0.9095025887484531, 
          -0.379656456550341, 
          0.0
        ], 
        [
          -17.643463302520765, 
          14.1318060933273, 
          72.43458720626455, 
          1.0
        ]
      ], 
      "projected_cuboid": [
        [
          400.0640937657468, 
          442.57093009287996
        ], 
        [
          325.6768357849871, 
          450.7987561483817
        ], 
        [
          317.1298836486146, 
          302.56254537117667
        ], 
        [
          385.0263738007768, 
          305.1107873210984
        ], 
        [
          383.0517244717234, 
          449.79159031234923
        ], 
        [
          312.1545687229825, 
          458.0355838989813
        ], 
        [
          305.4009117703608, 
          317.70125838944665
        ], 
        [
          370.35893054200466, 
          319.14588003263543
        ]
      ], 
      "projected_cuboid_centroid": [
        350.6096488689573, 
        377.3358495856704
      ], 
      "quaternion_xyzw": [
        0.9359491306008615, 
        -0.02719283135612811, 
        0.280625155829511, 
        0.2109721630812642
      ], 
      "visibility": 0.08606953162723321
    }, 
    {
      "bounding_box": {
        "bottom_right": [
          355, 
          343
        ], 
        "top_left": [
          264, 
          229
        ]
      }, 
      "class": "008_pudding_box", 
      "cuboid": [
        [
          -14.325412319312397, 
          7.0442701982582765, 
          57.48517753340423
        ], 
        [
          -24.826024008146653, 
          7.71075969355341, 
          53.18804866686359
        ], 
        [
          -26.556292156854184, 
          -0.5980736435126581, 
          56.127499536029156
        ], 
        [
          -16.055680468019922, 
          -1.2645631388077923, 
          60.424628402569795
        ], 
        [
          -15.597153291982888, 
          8.4877243051854, 
          60.81673595084476
        ], 
        [
          -26.097764980817146, 
          9.154213800480534, 
          56.51960708430413
        ], 
        [
          -27.82803312952467, 
          0.8453804634144669, 
          59.45905795346968
        ], 
        [
          -17.32742144069041, 
          0.17889096811933292, 
          63.75618682001033
        ]
      ], 
      "cuboid_centroid": [
        -21.076722724418534, 
        3.9448253308363714, 
        58.47211774343696
      ], 
      "location": [
        -21.076722724418534, 
        3.9448253308363714, 
        58.47211774343696
      ], 
      "pose_transform_permuted": [
        [
          0.33057133067485617, 
          -0.37520576528489347, 
          -0.8659921500851794, 
          0.0
        ], 
        [
          0.9239104121650382, 
          -0.0586419727297007, 
          0.3780886504386676, 
          0.0
        ], 
        [
          0.19264372664236307, 
          0.925084715509765, 
          -0.327271105430206, 
          0.0
        ], 
        [
          -21.076722724418534, 
          3.9448253308363714, 
          58.47211774343696, 
          1.0
        ]
      ], 
      "projected_cuboid": [
        [
          347.58528352002344, 
          338.63985873437105
        ], 
        [
          230.59063528662713, 
          350.6027631254638
        ], 
        [
          227.1581846495348, 
          267.6036839633426
        ], 
        [
          338.70554513911844, 
          262.12525649883565
        ], 
        [
          343.681285071262, 
          347.71785228563874
        ], 
        [
          233.28609037143337, 
          359.6657918401837
        ], 
        [
          229.91270982629186, 
          280.8692002685179
        ], 
        [
          335.4455466036034, 
          274.7829583495452
        ]
      ], 
      "projected_cuboid_centroid": [
        287.7559097192528, 
        309.26697929802793
      ], 
      "quaternion_xyzw": [
        0.9637151132155164, 
        -0.0651867175076325, 
        0.18383544353398695, 
        0.18223146578329208
      ], 
      "visibility": 0.8320700330949077
    }, 
    {
      "bounding_box": {
        "bottom_right": [
          499, 
          325
        ], 
        "top_left": [
          293, 
          153
        ]
      }, 
      "class": "019_pitcher_base", 
      "cuboid": [
        [
          -38.8268001312, 
          29.311343768349353, 
          64.38374396150486
        ], 
        [
          -22.00353146436275, 
          29.13849795490348, 
          72.91107235861469
        ], 
        [
          -26.56366705374466, 
          6.91952183877092, 
          81.45723427274368
        ], 
        [
          -43.3869357205819, 
          7.092367652216793, 
          72.92990587563384
        ], 
        [
          -33.353578649661436, 
          23.993335618603922, 
          53.47802219604523
        ], 
        [
          -16.530309982824193, 
          23.82048980515805, 
          62.005350593155065
        ], 
        [
          -21.0904455722061, 
          1.6015136890254884, 
          70.55151250728404
        ], 
        [
          -37.913714239043344, 
          1.774359502471362, 
          62.024184110174204
        ]
      ], 
      "cuboid_centroid": [
        -29.958622851703048, 
        15.45642872868742, 
        67.46762823439445
      ], 
      "location": [
        -29.958622851703048, 
        15.45642872868742, 
        67.46762823439445
      ], 
      "pose_transform_permuted": [
        [
          -0.4111926859864615, 
          0.39953180454466325, 
          0.819326066099517, 
          0.0
        ], 
        [
          -0.8919227934024537, 
          0.009163803052165439, 
          -0.4520951733477929, 
          0.0
        ], 
        [
          0.18813448849673836, 
          0.9166735559931971, 
          -0.3525833319668663, 
          0.0
        ], 
        [
          -29.958622851703048, 
          15.45642872868742, 
          67.46762823439445, 
          1.0
        ]
      ], 
      "projected_cuboid": [
        [
          157.2969468408146, 
          516.085615494989
        ], 
        [
          319.30748668564485, 
          486.42469492840644
        ], 
        [
          306.22916653852604, 
          318.59026742602504
        ], 
        [
          161.6743625711457, 
          325.1513870383778
        ], 
        [
          146.20032615251304, 
          512.5645670770125
        ], 
        [
          338.2319267851591, 
          478.1710128258018
        ], 
        [
          320.8395977799404, 
          285.3928498480416
        ], 
        [
          152.87640001360458, 
          288.5435007908592
        ]
      ], 
      "projected_cuboid_centroid": [
        242.8059656484748, 
        395.4668538250529
      ], 
      "quaternion_xyzw": [
        -0.2266191687571018, 
        0.1974355427369485, 
        0.9523552928785518, 
        0.0517921969416891
      ], 
      "visibility": 0.2097569414410518
    }, 
    {
      "bounding_box": {
        "bottom_right": [
          453, 
          455
        ], 
        "top_left": [
          255, 
          255
        ]
      }, 
      "class": "035_power_drill", 
      "cuboid": [
        [
          -1.4887007318545837, 
          15.307137171062251, 
          50.179811516134706
        ], 
        [
          -18.953441781351426, 
          15.686646044351527, 
          44.28673574197366
        ], 
        [
          -21.346595324284074, 
          -1.8575234919808974, 
          50.249274792513596
        ], 
        [
          -3.8818542747872304, 
          -2.237032365270171, 
          56.14235056667464
        ], 
        [
          -3.167775365063802, 
          17.27031720206045, 
          55.282351207881256
        ], 
        [
          -20.632516414560644, 
          17.649826075349722, 
          49.38927543372021
        ], 
        [
          -23.025669957493292, 
          0.10565653901730143, 
          55.351814484260146
        ], 
        [
          -5.560928907996448, 
          -0.27385233427197203, 
          61.244890258421194
        ]
      ], 
      "cuboid_centroid": [
        -12.257185344673937, 
        7.706396855039777, 
        52.765813000197426
      ], 
      "location": [
        -12.257185344673937, 
        7.706396855039777, 
        52.765813000197426
      ], 
      "pose_transform_permuted": [
        [
          0.29358557032230503, 
          -0.34326129264687094, 
          -0.8921771527394339, 
          0.0
        ], 
        [
          0.947312123698337, 
          -0.020585095175423847, 
          0.31964872029388347, 
          0.0
        ], 
        [
          0.12808846317398556, 
          0.9390144314847751, 
          -0.3191322453396087, 
          0.0
        ], 
        [
          -12.257185344673937, 
          7.706396855039777, 
          52.765813000197426, 
          1.0
        ]
      ], 
      "projected_cuboid": [
        [
          465.6430496996174, 
          435.97339887148775
        ], 
        [
          251.44962577992752, 
          462.1917573335539
        ], 
        [
          253.14738667314026, 
          253.57175287131358
        ], 
        [
          444.41441589990563, 
          252.03603534761024
        ], 
        [
          450.78225080463136, 
          439.8966435610843
        ], 
        [
          256.9445544083745, 
          463.87442984433267
        ], 
        [
          257.8938914376588, 
          274.30454799380874
        ], 
        [
          432.7690369275813, 
          270.90183597367405
        ]
      ], 
      "projected_cuboid_centroid": [
        356.6776778656412, 
        351.17735638815367
      ], 
      "quaternion_xyzw": [
        0.9719186833169926, 
        -0.03824228325409177, 
        0.1577380652163524, 
        0.1703829624217747
      ], 
      "visibility": 0.9152132801008616
    }, 
    {
      "bounding_box": {
        "bottom_right": [
          292, 
          266
        ], 
        "top_left": [
          223, 
          175
        ]
      }, 
      "class": "061_foam_brick", 
      "cuboid": [
        [
          -28.10425350039236, 
          -4.9154719031643115, 
          49.47225709543018
        ], 
        [
          -20.89716343002322, 
          -4.945055875308614, 
          52.42193041051814
        ], 
        [
          -20.053070535878366, 
          -0.3157428523373281, 
          50.40594443067265
        ], 
        [
          -27.260160606247506, 
          -0.2861588801930255, 
          47.456271115584684
        ], 
        [
          -29.896681667627302, 
          -2.671635309028793, 
          53.874294696953164
        ], 
        [
          -22.689591597258154, 
          -2.701219281173096, 
          56.823968012041114
        ], 
        [
          -21.8454987031133, 
          1.9280937417981905, 
          54.807982032195625
        ], 
        [
          -29.052588773482448, 
          1.9576777139424935, 
          51.85830871710767
        ]
      ], 
      "cuboid_centroid": [
        -24.974876101752834, 
        -1.4936890806830605, 
        52.1401195638129
      ], 
      "location": [
        -24.974876101752834, 
        -1.4936890806830605, 
        52.1401195638129
      ], 
      "pose_transform_permuted": [
        [
          0.34102514325056155, 
          -0.4269095464653122, 
          -0.8375261732075694, 
          0.0
        ], 
        [
          -0.9254809415611346, 
          0.003798953825732476, 
          -0.37877512425837284, 
          0.0
        ], 
        [
          -0.16488443976934214, 
          -0.904286352372196, 
          0.3938011102515314, 
          0.0
        ], 
        [
          -24.974876101752834, 
          -1.4936890806830605, 
          52.1401195638129, 
          1.0
        ]
      ], 
      "projected_cuboid": [
        [
          176.10350224222336, 
          220.29689125017228
        ], 
        [
          267.2260514877827, 
          222.97753338116868
        ], 
        [
          267.65762400227777, 
          269.94582393868154
        ], 
        [
          172.69092983110951, 
          270.0706482556379
        ], 
        [
          183.17349355432907, 
          246.83913041143643
        ], 
        [
          266.86996771925715, 
          247.9343284915273
        ], 
        [
          267.25377970281255, 
          292.0482240089679
        ], 
        [
          180.32544544334573, 
          293.4196253923408
        ]
      ], 
      "projected_cuboid_centroid": [
        224.01059193709298, 
        258.00821402358116
      ], 
      "quaternion_xyzw": [
        0.04404225038028483, 
        0.9575089382273281, 
        -0.21428276644504643, 
        0.18793565228788556
      ], 
      "visibility": 0.9880577210150937
    }
  ]
}