{
  "camera_data": {
    "location_worldframe": [
      -16.632595343436883, 
      6.669421371845134, 
      73.92663526072943
    ], 
    "quaternion_xyzw_worldframe": [
      -0.8596825349635978, 
      -0.018602325446037904, 
      -0.028000816360450376, 
      0.5097242919025773
    ]
  }, 
  "objects": [
    {
      "bounding_box": {
        "bottom_right": [
          526, 
          308
        ], 
        "top_left": [
          335, 
          132
        ]
      }, 
      "class": "003_cracker_box", 
      "cuboid": [
        [
          -21.623690160990126, 
          26.630299329626077, 
          57.976477750729394
        ], 
        [
          -37.98659811813494, 
          27.33063314320317, 
          57.05838656641087
        ], 
        [
          -39.316253653560594, 
          8.001343314763721, 
          66.01182825280691
        ], 
        [
          -22.953345696415777, 
          7.30100950118663, 
          66.92991943712543
        ], 
        [
          -21.859028629164932, 
          29.659791147091276, 
          64.48179808628946
        ], 
        [
          -38.22193658630975, 
          30.360124960668365, 
          63.56370690197092
        ], 
        [
          -39.5515921217354, 
          11.030835132228916, 
          72.51714858836696
        ], 
        [
          -23.188684164590583, 
          10.330501318651823, 
          73.43523977268549
        ]
      ], 
      "cuboid_centroid": [
        -30.587641141362766, 
        18.830567230927496, 
        65.24681316954818
      ], 
      "location": [
        -30.587641141362766, 
        18.830567230927496, 
        65.24681316954818
      ], 
      "pose_transform_permuted": [
        [
          0.03277694621188609, 
          -0.42193480360656044, 
          -0.9060334945809211, 
          0.0
        ], 
        [
          0.9975192802869073, 
          -0.04269390767885883, 
          0.05596888155930069, 
          0.0
        ], 
        [
          0.0622973294203939, 
          0.9056203684506008, 
          -0.41948872570604845, 
          0.0
        ], 
        [
          -30.587641141362766, 
          18.830567230927496, 
          65.24681316954818, 
          1.0
        ]
      ], 
      "projected_cuboid": [
        [
          281.0253380755384, 
          518.2558891597297
        ], 
        [
          123.58088853091058, 
          528.7434962459575
        ], 
        [
          161.30800741898406, 
          337.9306054824375
        ], 
        [
          297.17306996820065, 
          331.46337991771264
        ], 
        [
          299.2975766824695, 
          518.5983611775272
        ], 
        [
          158.230431282988, 
          528.0175783535549
        ], 
        [
          188.29509149732345, 
          354.4116305873748
        ], 
        [
          311.78704324729796, 
          348.31126281744815
        ]
      ], 
      "projected_cuboid_centroid": [
        229.49383222042346, 
        427.20532387489834
      ], 
      "quaternion_xyzw": [
        0.9758551561730906, 
        -0.02689723890761255, 
        0.022735399615864103, 
        0.2155605583446245
      ], 
      "visibility": 0.2464375821754735
    }, 
    {
      "bounding_box": {
        "bottom_right": [
          510, 
          358
        ], 
        "top_left": [
          366, 
          281
        ]
      }, 
      "class": "006_mustard_bottle", 
      "cuboid": [
        [
          -16.962937948458414, 
          30.621925886335355, 
          69.56867904127894
        ], 
        [
          -26.140176027621443, 
          29.563199580707067, 
          66.94885697511943
        ], 
        [
          -26.729002605807967, 
          12.640504668314648, 
          75.85034088215986
        ], 
        [
          -17.551764526644938, 
          13.699230973942933, 
          78.47016294831938
        ], 
        [
          -18.667607047134315, 
          33.26123608126136, 
          74.47353391621208
        ], 
        [
          -27.844845126297347, 
          32.20250977563307, 
          71.85371185005255
        ], 
        [
          -28.433671704483864, 
          15.279814863240649, 
          80.75519575709298
        ], 
        [
          -19.25643362532084, 
          16.338541168868936, 
          83.3750178232525
        ]
      ], 
      "cuboid_centroid": [
        -22.69830482647114, 
        22.950870374788003, 
        75.16193739918596
      ], 
      "location": [
        -22.69830482647114, 
        22.950870374788003, 
        75.16193739918596
      ], 
      "pose_transform_permuted": [
        [
          0.29265207208545524, 
          -0.4531082296390073, 
          -0.8420496057226482, 
          0.0
        ], 
        [
          0.9557233863837477, 
          0.11025642806042384, 
          0.27282992935290623, 
          0.0
        ], 
        [
          0.030780109381758555, 
          0.8846108849940005, 
          -0.46531297748566836, 
          0.0
        ], 
        [
          -22.69830482647114, 
          22.950870374788003, 
          75.16193739918596, 
          1.0
        ]
      ], 
      "projected_cuboid": [
        [
          350.4740150081585, 
          508.0369022927631
        ], 
        [
          271.6271499345739, 
          508.7891886607069
        ], 
        [
          292.09369091441755, 
          362.1645654546655
        ], 
        [
          361.3130393897812, 
          366.39285862970866
        ], 
        [
          346.80062745559434, 
          511.4767732208805
        ], 
        [
          273.20204808711804, 
          512.3031266643593
        ], 
        [
          292.25190816134887, 
          374.1967570378979
        ], 
        [
          357.39419172304184, 
          377.7982273735497
        ]
      ], 
      "projected_cuboid_centroid": [
        319.19663048017924, 
        436.13689875233104
      ], 
      "quaternion_xyzw": [
        0.9594769248268034, 
        0.020708241288088215, 
        0.147341219680827, 
        0.23930257814445652
      ], 
      "visibility": 0.387860470973429
    }, 
    {
      "bounding_box": {
        "bottom_right": [
          413, 
          283
        ], 
        "top_left": [
          331, 
          169
        ]
      }, 
      "class": "008_pudding_box", 
      "cuboid": [
        [
          -23.518000666248085, 
          14.94282602484594, 
          60.3320058447944
        ], 
        [
          -34.8169875360134, 
          15.228014079322316, 
          59.13871875731992
        ], 
        [
          -35.42277861569345, 
          7.110553585032687, 
          62.93486983350718
        ], 
        [
          -24.123791745928138, 
          6.8253655305563115, 
          64.12815692098167
        ], 
        [
          -23.842249765882396, 
          16.586560488795758, 
          63.795120899568424
        ], 
        [
          -35.14123663564771, 
          16.87174854327213, 
          62.60183381209394
        ], 
        [
          -35.74702771532776, 
          8.754288048982502, 
          66.3979848882812
        ], 
        [
          -24.44804084556245, 
          8.469099994506127, 
          67.59127197575569
        ]
      ], 
      "cuboid_centroid": [
        -29.632514190787923, 
        11.848557036914222, 
        63.364995366537805
      ], 
      "location": [
        -29.632514190787923, 
        11.848557036914222, 
        63.364995366537805
      ], 
      "pose_transform_permuted": [
        [
          0.08428403160681228, 
          -0.4272658510663558, 
          -0.900188463325855, 
          0.0
        ], 
        [
          0.9941565239473352, 
          -0.0250926537199725, 
          0.10499296588522444, 
          0.0
        ], 
        [
          0.06744726315596822, 
          0.9037777419992518, 
          -0.42265396306370173, 
          0.0
        ], 
        [
          -29.632514190787923, 
          11.848557036914222, 
          63.364995366537805, 
          1.0
        ]
      ], 
      "projected_cuboid": [
        [
          271.97144249573944, 
          405.37731857757535
        ], 
        [
          164.9969888194873, 
          410.61447291075393
        ], 
        [
          178.91755611145757, 
          333.54244196785646
        ], 
        [
          279.30048367900946, 
          330.0494526591845
        ], 
        [
          280.6176862368365, 
          411.94820052540234
        ], 
        [
          179.72583859344957, 
          417.0208881200402
        ], 
        [
          192.0782639417232, 
          343.6024257466904
        ], 
        [
          287.0856138674209, 
          340.11080015133297
        ]
      ], 
      "projected_cuboid_centroid": [
        230.11279458121842, 
        373.0114328315601
      ], 
      "quaternion_xyzw": [
        0.9744386498482653, 
        -0.023741853037733712, 
        0.04856052187623868, 
        0.2180537005234764
      ], 
      "visibility": 0.7282738807756763
    }, 
    {
      "bounding_box": {
        "bottom_right": [
          539, 
          284
        ], 
        "top_left": [
          351, 
          129
        ]
      }, 
      "class": "019_pitcher_base", 
      "cuboid": [
        [
          -45.69956744014024, 
          37.37153259660052, 
          72.52473506606727
        ], 
        [
          -27.160516798895824, 
          37.91400754128339, 
          75.95648333185481
        ], 
        [
          -28.52382341328173, 
          16.251816685525956, 
          86.7456214860002
        ], 
        [
          -47.06287405452615, 
          15.70934174084308, 
          83.31387322021267
        ], 
        [
          -43.36483910379948, 
          31.411883333349277, 
          60.85409859898159
        ], 
        [
          -24.825788462555067, 
          31.954358278032153, 
          64.28584686476911
        ], 
        [
          -26.189095076940973, 
          10.292167422274717, 
          75.07498501891452
        ], 
        [
          -44.72814571818539, 
          9.749692477591845, 
          71.64323675312698
        ]
      ], 
      "cuboid_centroid": [
        -35.94433125854061, 
        23.831850009437616, 
        73.79986004249089
      ], 
      "location": [
        -35.94433125854061, 
        23.831850009437616, 
        73.79986004249089
      ], 
      "pose_transform_permuted": [
        [
          -0.17540368481466753, 
          0.4477370770321251, 
          0.8767926480335879, 
          0.0
        ], 
        [
          -0.9828887692653671, 
          -0.028760508887679292, 
          -0.1819417236977812, 
          0.0
        ], 
        [
          0.05624503647631168, 
          0.8937026359163676, 
          -0.44512031455317214, 
          0.0
        ], 
        [
          -35.94433125854061, 
          23.831850009437616, 
          73.79986004249089, 
          1.0
        ]
      ], 
      "projected_cuboid": [
        [
          142.7391197732729, 
          548.1027116459029
        ], 
        [
          289.30342938372354, 
          539.4953171572989
        ], 
        [
          304.7687102782963, 
          373.20411251742945
        ], 
        [
          177.82148810566088, 
          373.8472161169334
        ], 
        [
          98.38458799823887, 
          548.5773221956449
        ], 
        [
          273.92436351380746, 
          538.381980734031
        ], 
        [
          294.0039182233784, 
          346.40029802004574
        ], 
        [
          145.86143735267825, 
          345.86424613431524
        ]
      ], 
      "projected_cuboid_centroid": [
        219.67830685975488, 
        445.5089826569758
      ], 
      "quaternion_xyzw": [
        -0.09222458473082995, 
        0.23043083862636923, 
        0.9686826174262809, 
        0.007093274694465143
      ], 
      "visibility": 0.1027438604030202
    }, 
    {
      "bounding_box": {
        "bottom_right": [
          520, 
          343
        ], 
        "top_left": [
          329, 
          147
        ]
      }, 
      "class": "035_power_drill", 
      "cuboid": [
        [
          -13.481793531323966, 
          22.8393127184415, 
          49.22591739739884
        ], 
        [
          -31.902202119901474, 
          22.667386773034377, 
          48.48528395901981
        ], 
        [
          -32.04078502611324, 
          5.523698727611698, 
          55.911702712913026
        ], 
        [
          -13.620376437535736, 
          5.695624673018824, 
          56.65233615129206
        ], 
        [
          -13.713813672991954, 
          25.112369607243217, 
          54.46888009018783
        ], 
        [
          -32.13422226156946, 
          24.940443661836092, 
          53.728246651808796
        ], 
        [
          -32.27280516778123, 
          7.796755616413415, 
          61.15466540570201
        ], 
        [
          -13.852396579203724, 
          7.968681561820541, 
          61.89529884408105
        ]
      ], 
      "cuboid_centroid": [
        -22.877299349552597, 
        15.318034167427458, 
        55.190291401550425
      ], 
      "location": [
        -22.877299349552597, 
        15.318034167427458, 
        55.190291401550425
      ], 
      "pose_transform_permuted": [
        [
          0.04056863481265545, 
          -0.3974431450961859, 
          -0.9167300618430742, 
          0.0
        ], 
        [
          0.9991488754389045, 
          0.009325505142096655, 
          0.04017299961129726, 
          0.0
        ], 
        [
          0.0074173558697357995, 
          0.9175795098301475, 
          -0.3974832989223791, 
          0.0
        ], 
        [
          -22.877299349552597, 
          15.318034167427458, 
          55.190291401550425, 
          1.0
        ]
      ], 
      "projected_cuboid": [
        [
          334.3164527079528, 
          520.7304330455077
        ], 
        [
          127.76070909603429, 
          522.6191246605505
        ], 
        [
          173.42578376702596, 
          325.97491197174287
        ], 
        [
          352.30763719435464, 
          326.9045947620366
        ], 
        [
          346.20240836720967, 
          519.1685621610975
        ], 
        [
          159.96683639651775, 
          520.8514195237973
        ], 
        [
          197.80591009991372, 
          341.2807364264354
        ], 
        [
          361.2434949223112, 
          341.9485205284366
        ]
      ], 
      "projected_cuboid_centroid": [
        258.6848846772128, 
        421.30908668905585
      ], 
      "quaternion_xyzw": [
        0.9789609858304016, 
        0.00048728940682510254, 
        0.02061921659611997, 
        0.20300258527265785
      ], 
      "visibility": 0.8406964091403699
    }, 
    {
      "bounding_box": {
        "bottom_right": [
          356, 
          207
        ], 
        "top_left": [
          297, 
          107
        ]
      }, 
      "class": "061_foam_brick", 
      "cuboid": [
        [
          -38.65790011465752, 
          2.356559535646692, 
          57.254880678540395
        ], 
        [
          -30.914528422964903, 
          2.5877800734934233, 
          58.04881207780276
        ], 
        [
          -30.798286412521197, 
          7.084821688781402, 
          55.605385006063756
        ], 
        [
          -38.54165810421381, 
          6.853601150934671, 
          54.81145360680139
        ], 
        [
          -39.20310622214135, 
          4.8632171789218415, 
          61.8423586567844
        ], 
        [
          -31.459734530448742, 
          5.094437716768572, 
          62.63629005604676
        ], 
        [
          -31.34349252000503, 
          9.59147933205655, 
          60.19286298430776
        ], 
        [
          -39.086864211697645, 
          9.360258794209821, 
          59.3989315850454
        ]
      ], 
      "cuboid_centroid": [
        -35.000696317331276, 
        5.9740194338516215, 
        58.72387183142408
      ], 
      "location": [
        -35.000696317331276, 
        5.9740194338516215, 
        58.72387183142408
      ], 
      "pose_transform_permuted": [
        [
          0.10373023271140425, 
          -0.4769135508491362, 
          -0.872807827553183, 
          0.0
        ], 
        [
          -0.9943462415641018, 
          -0.02969162296922756, 
          -0.1019507695547156, 
          0.0
        ], 
        [
          -0.022706622579841462, 
          -0.8784485599862534, 
          0.4772971157980056, 
          0.0
        ], 
        [
          -35.000696317331276, 
          5.9740194338516215, 
          58.72387183142408, 
          1.0
        ]
      ], 
      "projected_cuboid": [
        [
          118.50439576966228, 
          295.23749367943816
        ], 
        [
          195.20497218939934, 
          297.06159453701724
        ], 
        [
          183.74443770880544, 
          341.23812485545375
        ], 
        [
          103.45864086364148, 
          339.97259479099597
        ], 
        [
          140.69771837092745, 
          315.22622163948756
        ], 
        [
          211.49944317316516, 
          316.66336309619294
        ], 
        [
          201.57379665917483, 
          358.26876852761507
        ], 
        [
          127.72691382620617, 
          357.32861054556275
        ]
      ], 
      "projected_cuboid_centroid": [
        161.07809629374182, 
        327.54150201827787
      ], 
      "quaternion_xyzw": [
        -0.0018045777087813378, 
        0.9676779718872824, 
        -0.24652071618054006, 
        0.0531377710978002
      ], 
      "visibility": 0.9840667678300455
    }
  ]
}