{
  "camera_data": {
    "location_worldframe": [
      -11.356658868259881, 
      -2.224376100834796, 
      72.39073509020186
    ], 
    "quaternion_xyzw_worldframe": [
      -0.8302043781353919, 
      -0.08416533428590851, 
      -0.16017287584764783, 
      0.5272794661508651
    ]
  }, 
  "objects": [
    {
      "bounding_box": {
        "bottom_right": [
          479, 
          370
        ], 
        "top_left": [
          269, 
          203
        ]
      }, 
      "class": "003_cracker_box", 
      "cuboid": [
        [
          -11.25456959797953, 
          18.76087205887163, 
          56.984205223484054
        ], 
        [
          -26.625988646943043, 
          19.983778272403896, 
          51.389377924878474
        ], 
        [
          -30.72035183783829, 
          0.2153194411596518, 
          58.31742040777647
        ], 
        [
          -15.348932788874778, 
          -1.0075867723726124, 
          63.91224770638204
        ], 
        [
          -13.348988829642517, 
          21.414582260401865, 
          63.31852663806961
        ], 
        [
          -28.720407878606025, 
          22.637488473934127, 
          57.72369933946404
        ], 
        [
          -32.814771069501276, 
          2.869029642689884, 
          64.65174182236203
        ], 
        [
          -17.443352020537763, 
          1.6461234291576199, 
          70.2465691209676
        ]
      ], 
      "cuboid_centroid": [
        -22.0346703337404, 
        10.814950850780757, 
        60.81797352292304
      ], 
      "location": [
        -22.0346703337404, 
        10.814950850780757, 
        60.81797352292304
      ], 
      "pose_transform_permuted": [
        [
          0.2917018498240844, 
          -0.36959752994092676, 
          -0.8822174883047679, 
          0.0
        ], 
        [
          0.9370759101541789, 
          -0.07455108402345059, 
          0.3410731218956516, 
          0.0
        ], 
        [
          0.19183005347943982, 
          0.926196416389361, 
          -0.32459425264409913, 
          0.0
        ], 
        [
          -22.0346703337404, 
          10.814950850780757, 
          60.81797352292304, 
          1.0
        ]
      ], 
      "projected_cuboid": [
        [
          375.38689135182364, 
          448.8709903244008
        ], 
        [
          202.96947694544713, 
          480.67842962882247
        ], 
        [
          198.31465163327434, 
          275.2556592800961
        ], 
        [
          352.44961987314963, 
          264.8786697443609
        ], 
        [
          368.22415523422814, 
          453.6573818923084
        ], 
        [
          214.03275649901087, 
          482.4383431344736
        ], 
        [
          208.64845801624975, 
          296.95349033283793
        ], 
        [
          348.06162126195625, 
          285.78408586273895
        ]
      ], 
      "projected_cuboid_centroid": [
        286.76234897198293, 
        368.1240464620632
      ], 
      "quaternion_xyzw": [
        0.9676633989730504, 
        -0.06882071229148276, 
        0.16348013482562207, 
        0.17934743200005007
      ], 
      "visibility": 0.5044057951882777
    }, 
    {
      "bounding_box": {
        "bottom_right": [
          449, 
          389
        ], 
        "top_left": [
          305, 
          312
        ]
      }, 
      "class": "006_mustard_bottle", 
      "cuboid": [
        [
          -10.14386931831666, 
          21.93962555341862, 
          69.66080102431073
        ], 
        [
          -18.1651707032006, 
          21.29873573630891, 
          64.42113957099242
        ], 
        [
          -21.51027839289998, 
          3.913522800986781, 
          71.66857783028192
        ], 
        [
          -13.488977008016043, 
          4.554412618096489, 
          76.90823928360022
        ], 
        [
          -13.179670053962797, 
          24.338813165901342, 
          74.0147956360134
        ], 
        [
          -21.200971438846736, 
          23.697923348791633, 
          68.7751341826951
        ], 
        [
          -24.54607912854612, 
          6.3127104134695005, 
          76.0225724419846
        ], 
        [
          -16.524777743662177, 
          6.953600230579209, 
          81.2622338953029
        ]
      ], 
      "cuboid_centroid": [
        -17.34497422343139, 
        14.12616798344406, 
        72.84168673314765
      ], 
      "location": [
        -17.34497422343139, 
        14.12616798344406, 
        72.84168673314765
      ], 
      "pose_transform_permuted": [
        [
          0.5211764420528766, 
          -0.4118847620691898, 
          -0.7474796991119455, 
          0.0
        ], 
        [
          0.8353434068766235, 
          0.0667426714904199, 
          0.5456616625256454, 
          0.0
        ], 
        [
          0.17486095974100765, 
          0.9087883862553338, 
          -0.37884998847285195, 
          0.0
        ], 
        [
          -17.34497422343139, 
          14.12616798344406, 
          72.84168673314765, 
          1.0
        ]
      ], 
      "projected_cuboid": [
        [
          403.2889267837288, 
          441.25520591272675
        ], 
        [
          329.96089428665283, 
          449.6111565865273
        ], 
        [
          320.1950421148911, 
          302.4089011165827
        ], 
        [
          387.2783518945019, 
          304.8690766235671
        ], 
        [
          385.8384810970614, 
          448.66182046351
        ], 
        [
          315.8232073968806, 
          457.0530511637441
        ], 
        [
          307.9644530243675, 
          317.57196503615563
        ], 
        [
          372.24207789750176, 
          318.92263483411654
        ]
      ], 
      "projected_cuboid_centroid": [
        353.54535248668174, 
        376.7130559358529
      ], 
      "quaternion_xyzw": [
        0.9342927127303176, 
        -0.028930517914088655, 
        0.28546677343250976, 
        0.21158645994124498
      ], 
      "visibility": 0.09073123012961604
    }, 
    {
      "bounding_box": {
        "bottom_right": [
          354, 
          348
        ], 
        "top_left": [
          263, 
          235
        ]
      }, 
      "class": "008_pudding_box", 
      "cuboid": [
        [
          -13.878958729499901, 
          7.016125132676293, 
          57.93661878354567
        ], 
        [
          -24.331913103446006, 
          7.694906763440171, 
          53.526701444567884
        ], 
        [
          -26.107221040111938, 
          -0.6077160033511074, 
          56.456829022708554
        ], 
        [
          -15.654266666165839, 
          -1.2864976341149839, 
          60.86674636168634
        ], 
        [
          -15.183862219035127, 
          8.46546719652554, 
          61.252761243415044
        ], 
        [
          -25.636816592981226, 
          9.144248827289413, 
          56.84284390443726
        ], 
        [
          -27.412124529647166, 
          0.8416260604981373, 
          59.77297148257793
        ], 
        [
          -16.959170155701063, 
          0.16284442973426086, 
          64.18288882155572
        ]
      ], 
      "cuboid_centroid": [
        -20.645541629573533, 
        3.9288755965872153, 
        58.8547951330618
      ], 
      "location": [
        -20.645541629573533, 
        3.9288755965872153, 
        58.8547951330618
      ], 
      "pose_transform_permuted": [
        [
          0.339191464463172, 
          -0.37673625757579915, 
          -0.8619849868990931, 
          0.0
        ], 
        [
          0.9197172193543929, 
          -0.05972351276601984, 
          0.38801249555786943, 
          0.0
        ], 
        [
          0.19765834394660634, 
          0.9243932461538715, 
          -0.3262330735338501, 
          0.0
        ], 
        [
          -20.645541629573533, 
          3.9288755965872153, 
          58.8547951330618, 
          1.0
        ]
      ], 
      "projected_cuboid": [
        [
          352.77345519060714, 
          337.87154500808316
        ], 
        [
          237.14286215558843, 
          349.9556462370349
        ], 
        [
          232.91990596619155, 
          267.5457471647339
        ], 
        [
          343.2899992875463, 
          262.01413682662746
        ], 
        [
          348.29149091804635, 
          346.9942263362254
        ], 
        [
          239.0589315190025, 
          359.0811013425153
        ], 
        [
          234.97633302697903, 
          280.79587955568957
        ], 
        [
          339.5026316391677, 
          274.63967313914185
        ]
      ], 
      "projected_cuboid_centroid": [
        292.9560349795821, 
        308.8885019465789
      ], 
      "quaternion_xyzw": [
        0.9625610957761795, 
        -0.06684818705068311, 
        0.188872156586239, 
        0.18257784731648555
      ], 
      "visibility": 0.8311970454051706
    }, 
    {
      "bounding_box": {
        "bottom_right": [
          498, 
          329
        ], 
        "top_left": [
          293, 
          158
        ]
      }, 
      "class": "019_pitcher_base", 
      "cuboid": [
        [
          -38.41589636972811, 
          29.331191057045714, 
          64.54779438501662
        ], 
        [
          -21.685064833423098, 
          29.140509540159687, 
          73.25471637656273
        ], 
        [
          -26.372976261885604, 
          6.938799043115989, 
          81.7765798552671
        ], 
        [
          -43.103807798190616, 
          7.129480560002014, 
          73.06965786372099
        ], 
        [
          -32.835177558435404, 
          23.991784254500576, 
          53.707201973226006
        ], 
        [
          -16.104346022130393, 
          23.801102737614553, 
          62.4141239647721
        ], 
        [
          -20.792257450592903, 
          1.5993922405708516, 
          70.93598744347648
        ], 
        [
          -37.52308898689791, 
          1.7900737574568755, 
          62.229065451930374
        ]
      ], 
      "cuboid_centroid": [
        -29.604076910160504, 
        15.465291648808282, 
        67.74189091424655
      ], 
      "location": [
        -29.604076910160504, 
        15.465291648808282, 
        67.74189091424655
      ], 
      "pose_transform_permuted": [
        [
          -0.4192687552460512, 
          0.40113944449690764, 
          0.8144330220372481, 
          0.0
        ], 
        [
          -0.8870220345005322, 
          0.010109402314096938, 
          -0.46161672493203026, 
          0.0
        ], 
        [
          0.19340605151421636, 
          0.9159612398016729, 
          -0.35158086753784257, 
          0.0
        ], 
        [
          -29.604076910160504, 
          15.465291648808282, 
          67.74189091424655, 
          1.0
        ]
      ], 
      "projected_cuboid": [
        [
          161.54450994865968, 
          515.6325195520774
        ], 
        [
          322.4066692422205, 
          485.4394909935505
        ], 
        [
          308.1679809482337, 
          318.5390714076618
        ], 
        [
          164.36995263058523, 
          325.3230701296841
        ], 
        [
          152.82222398796026, 
          511.5281128175432
        ], 
        [
          342.84101084000326, 
          476.66348833649806
        ], 
        [
          323.9714645360549, 
          285.31128358391373
        ], 
        [
          157.33433192694335, 
          288.6279444968515
        ]
      ], 
      "projected_cuboid_centroid": [
        246.5872822686634, 
        395.0419655971712
      ], 
      "quaternion_xyzw": [
        -0.23157422028383975, 
        0.19788113582711894, 
        0.950975327800287, 
        0.05350177020340461
      ], 
      "visibility": 0.2214345105247035
    }, 
    {
      "bounding_box": {
        "bottom_right": [
          451, 
          461
        ], 
        "top_left": [
          255, 
          263
        ]
      }, 
      "class": "035_power_drill", 
      "cuboid": [
        [
          -0.9513078755842092, 
          15.249602430158943, 
          50.75963004088945
        ], 
        [
          -18.351396230996745, 
          15.650978687142786, 
          44.67971463727929
        ], 
        [
          -20.837102895401806, 
          -1.8824221297659414, 
          50.636060723681275
        ], 
        [
          -3.4370145399892693, 
          -2.283798386749784, 
          56.715976127291434
        ], 
        [
          -2.681597983328801, 
          17.2213599337255, 
          55.84171103729396
        ], 
        [
          -20.081686338741335, 
          17.622736190709343, 
          49.76179563368381
        ], 
        [
          -22.567393003146396, 
          0.08933537380061557, 
          55.71814172008579
        ], 
        [
          -5.167304647733861, 
          -0.3120408831832275, 
          61.79805712369595
        ]
      ], 
      "cuboid_centroid": [
        -11.759350439365303, 
        7.669468901979778, 
        53.238885880487615
      ], 
      "location": [
        -11.759350439365303, 
        7.669468901979778, 
        53.238885880487615
      ], 
      "pose_transform_permuted": [
        [
          0.30254057684995234, 
          -0.34476106051072813, 
          -0.88859995752652, 
          0.0
        ], 
        [
          0.9438052706186235, 
          -0.021771212829772176, 
          0.3297831646387969, 
          0.0
        ], 
        [
          0.13304217252805778, 
          0.9384380586375725, 
          -0.3188007800806139, 
          0.0
        ], 
        [
          -11.759350439365303, 
          7.669468901979778, 
          53.238885880487615, 
          1.0
        ]
      ], 
      "projected_cuboid": [
        [
          471.51860429508656, 
          433.5105507456453
        ], 
        [
          260.7200861104862, 
          460.10450442124386
        ], 
        [
          260.3033110003551, 
          253.460102606114
        ], 
        [
          449.00831943765, 
          251.81120621715954
        ], 
        [
          455.7728800049951, 
          437.76016049205043
        ], 
        [
          264.57900950765594, 
          462.15734137347107
        ], 
        [
          263.7877244486411, 
          274.1416329800649
        ], 
        [
          436.63140775818437, 
          270.59361329258087
        ]
      ], 
      "projected_cuboid_centroid": [
        362.8163051062483, 
        350.1153049682183
      ], 
      "quaternion_xyzw": [
        0.9709329645735997, 
        -0.0398620169997572, 
        0.1628134393826159, 
        0.17085675963292574
      ], 
      "visibility": 0.9138023630504833
    }, 
    {
      "bounding_box": {
        "bottom_right": [
          292, 
          272
        ], 
        "top_left": [
          223, 
          183
        ]
      }, 
      "class": "061_foam_brick", 
      "cuboid": [
        [
          -27.5910187686091, 
          -4.93018814682422, 
          49.790265793594735
        ], 
        [
          -20.41593601038585, 
          -4.968191438790158, 
          52.81687087553233
        ], 
        [
          -19.542710980768824, 
          -0.34256991362157047, 
          50.80482343496878
        ], 
        [
          -26.71779373899208, 
          -0.3045666216556322, 
          47.778218353031185
        ], 
        [
          -29.426710079287627, 
          -2.678398423218305, 
          54.17035904530333
        ], 
        [
          -22.251627321064372, 
          -2.716401715184243, 
          57.19696412724093
        ], 
        [
          -21.378402291447347, 
          1.9092198099843447, 
          55.184916686677376
        ], 
        [
          -28.553485049670602, 
          1.9472231019502826, 
          52.15831160473978
        ]
      ], 
      "cuboid_centroid": [
        -24.484710530028224, 
        -1.5104841684199375, 
        52.487591240136055
      ], 
      "location": [
        -24.484710530028224, 
        -1.5104841684199375, 
        52.487591240136055
      ], 
      "pose_transform_permuted": [
        [
          0.3492563348598072, 
          -0.4284226989399892, 
          -0.833351068633904, 
          0.0
        ], 
        [
          -0.9213708004233948, 
          0.004880100302292689, 
          -0.38865412997701765, 
          0.0
        ], 
        [
          -0.1705750881208835, 
          -0.9035652581048117, 
          0.3930317590965619, 
          0.0
        ], 
        [
          -24.484710530028224, 
          -1.5104841684199375, 
          52.487591240136055, 
          1.0
        ]
      ], 
      "projected_cuboid": [
        [
          183.59791459400364, 
          220.4777038547079
        ], 
        [
          273.72871956289697, 
          223.12010927546146
        ], 
        [
          274.73941138825995, 
          269.69043762743075
        ], 
        [
          180.87702126227026, 
          269.8868435326171
        ], 
        [
          189.47004386453705, 
          246.91709248002346
        ], 
        [
          272.38798442353743, 
          247.95809175053697
        ], 
        [
          273.2695730885223, 
          291.7376723561432
        ], 
        [
          187.2041646707273, 
          293.19692582035026
        ]
      ], 
      "projected_cuboid_centroid": [
        230.73784696903112, 
        257.93870494023577
      ], 
      "quaternion_xyzw": [
        0.04586668209522438, 
        0.9563324640471679, 
        -0.21474081684945173, 
        0.19290113338671255
      ], 
      "visibility": 0.978202095302467
    }
  ]
}