{
  "camera_data": {
    "location_worldframe": [
      -16.414290609216128, 
      10.13397915591814, 
      75.24901274695583
    ], 
    "quaternion_xyzw_worldframe": [
      0.8712568271346012, 
      0.005357307553685297, 
      -0.006767790463118978, 
      -0.49075509218384633
    ]
  }, 
  "objects": [
    {
      "bounding_box": {
        "bottom_right": [
          539, 
          312
        ], 
        "top_left": [
          357, 
          133
        ]
      }, 
      "class": "003_cracker_box", 
      "cuboid": [
        [
          -22.810342357531287, 
          29.302852262631916, 
          58.83557518713963
        ], 
        [
          -39.204267986865915, 
          29.804995864433316, 
          59.090859244948525
        ], 
        [
          -39.62981567814605, 
          10.889683224798034, 
          68.96929049964152
        ], 
        [
          -23.235890048811424, 
          10.38753962299664, 
          68.71400644183264
        ], 
        [
          -22.609589679829135, 
          32.621758958882225, 
          65.19929691572919
        ], 
        [
          -39.00351530916376, 
          33.12390256068362, 
          65.45458097353809
        ], 
        [
          -39.4290630004439, 
          14.208589921048343, 
          75.33301222823108
        ], 
        [
          -23.035137371109272, 
          13.706446319246945, 
          75.0777281704222
        ]
      ], 
      "cuboid_centroid": [
        -31.119702678987593, 
        21.75572109184013, 
        67.08429370768536
      ], 
      "location": [
        -31.119702678987593, 
        21.75572109184013, 
        67.08429370768536
      ], 
      "pose_transform_permuted": [
        [
          -0.027959983635348795, 
          -0.4622432835096972, 
          -0.8863122396567052, 
          0.0
        ], 
        [
          0.9994101866050256, 
          -0.030611791350380835, 
          -0.015562684229551038, 
          0.0
        ], 
        [
          0.019937859093167587, 
          0.8862246132220062, 
          -0.46282655141455165, 
          0.0
        ], 
        [
          -31.119702678987593, 
          21.75572109184013, 
          67.08429370768536, 
          1.0
        ]
      ], 
      "projected_cuboid": [
        [
          273.10788011622753, 
          538.9044894457467
        ], 
        [
          124.81355066185402, 
          542.2890228656966
        ], 
        [
          172.59738604239874, 
          357.49330995548195
        ], 
        [
          299.7502195659252, 
          353.9087952005643
        ], 
        [
          295.1130982182872, 
          540.1271898483949
        ], 
        [
          161.15063448290135, 
          543.1778984319324
        ], 
        [
          200.13306399373252, 
          373.8761603794559
        ], 
        [
          316.601825829279, 
          370.65118147657887
        ]
      ], 
      "projected_cuboid_centroid": [
        232.13396199417508, 
        446.24434170887656
      ], 
      "quaternion_xyzw": [
        0.9710750536755304, 
        -0.013013837151983619, 
        -0.011204764168373502, 
        0.23815611147224114
      ], 
      "visibility": 0.22100412956608861
    }, 
    {
      "bounding_box": {
        "bottom_right": [
          532, 
          363
        ], 
        "top_left": [
          388, 
          284
        ]
      }, 
      "class": "006_mustard_bottle", 
      "cuboid": [
        [
          -17.36838105077456, 
          33.86008985648297, 
          69.8651521804889
        ], 
        [
          -26.697872124388983, 
          32.59635384411622, 
          67.97580430129834
        ], 
        [
          -26.419276690383086, 
          16.08975066571665, 
          77.64095674083033
        ], 
        [
          -17.089785616768662, 
          17.353486678083403, 
          79.5303046200209
        ], 
        [
          -18.74460895319544, 
          36.7026884569736, 
          74.75954553843052
        ], 
        [
          -28.074100026809855, 
          35.43895244460685, 
          72.87019765923995
        ], 
        [
          -27.79550459280396, 
          18.932349266207275, 
          82.53535009877196
        ], 
        [
          -18.46601351918954, 
          20.196085278574028, 
          84.42469797796251
        ]
      ], 
      "cuboid_centroid": [
        -22.581942821789262, 
        26.396219561345124, 
        76.20025113963042
      ], 
      "location": [
        -22.581942821789262, 
        26.396219561345124, 
        76.20025113963042
      ], 
      "pose_transform_permuted": [
        [
          0.2362663508232355, 
          -0.48800812497097934, 
          -0.8402536063541497, 
          0.0
        ], 
        [
          0.9715791096622507, 
          0.13160626877235745, 
          0.19675788484302154, 
          0.0
        ], 
        [
          -0.014563197806678543, 
          0.8628602549110485, 
          -0.5052327124845387, 
          0.0
        ], 
        [
          -22.581942821789262, 
          26.396219561345124, 
          76.20025113963042, 
          1.0
        ]
      ], 
      "projected_cuboid": [
        [
          347.909671517194, 
          531.7594453579987
        ], 
        [
          270.3872845511659, 
          529.0286218556996
        ], 
        [
          298.60941699786866, 
          383.807833423626
        ], 
        [
          366.0402153874156, 
          389.6566980850548
        ], 
        [
          346.76243159153154, 
          535.1161460690247
        ], 
        [
          274.41716137084285, 
          532.6557719467722
        ], 
        [
          300.493793845026, 
          395.6219083048288
        ], 
        [
          363.97322369967634, 
          400.8673057002556
        ]
      ], 
      "projected_cuboid_centroid": [
        322.2307137356651, 
        458.03160906990945
      ], 
      "quaternion_xyzw": [
        0.9584744350956171, 
        0.038125551717102975, 
        0.11294621426784814, 
        0.2590681611023962
      ], 
      "visibility": 0.485167587003981
    }, 
    {
      "bounding_box": {
        "bottom_right": [
          431, 
          286
        ], 
        "top_left": [
          353, 
          173
        ]
      }, 
      "class": "008_pudding_box", 
      "cuboid": [
        [
          -24.377928724107946, 
          17.71664588735623, 
          61.841713397332896
        ], 
        [
          -35.736568321230834, 
          17.839851561280618, 
          61.469560945690894
        ], 
        [
          -35.95992582417675, 
          9.897436624028263, 
          65.65752788588979
        ], 
        [
          -24.601286227053862, 
          9.774230950103876, 
          66.02968033753179
        ], 
        [
          -24.469874691722577, 
          19.512529251506663, 
          65.24267138451822
        ], 
        [
          -35.82851428884546, 
          19.635734925431052, 
          64.87051893287622
        ], 
        [
          -36.05187179179138, 
          11.693319988178697, 
          69.05848587307511
        ], 
        [
          -24.69323219466849, 
          11.57011431425431, 
          69.43063832471712
        ]
      ], 
      "cuboid_centroid": [
        -30.21490025794966, 
        14.704982937767463, 
        65.45009963520401
      ], 
      "location": [
        -30.21490025794966, 
        14.704982937767463, 
        65.45009963520401
      ], 
      "pose_transform_permuted": [
        [
          0.023900072041188037, 
          -0.46681483586820477, 
          -0.8840316004227944, 
          0.0
        ], 
        [
          0.9994051492229761, 
          -0.010840416572835835, 
          0.032744332918282014, 
          0.0
        ], 
        [
          0.024868065549941, 
          0.8842886076329753, 
          -0.4662777610612448, 
          0.0
        ], 
        [
          -30.21490025794966, 
          14.704982937767463, 
          65.45009963520401, 
          1.0
        ]
      ], 
      "projected_cuboid": [
        [
          269.6111428252759, 
          426.0739314860128
        ], 
        [
          168.95711741712753, 
          428.0678972773528
        ], 
        [
          187.06946785073976, 
          353.6809260242413
        ], 
        [
          281.23737543676845, 
          352.2326838582754
        ], 
        [
          279.90363977473044, 
          432.7897242580429
        ], 
        [
          184.58563595730848, 
          434.71768016985914
        ], 
        [
          200.85822607416583, 
          363.59081359854247
        ], 
        [
          290.3395482352217, 
          362.1603938498164
        ]
      ], 
      "projected_cuboid_centroid": [
        233.33944609255295, 
        393.10996704602115
      ], 
      "quaternion_xyzw": [
        0.9705314726064717, 
        -0.00919817726953194, 
        0.014591078846558454, 
        0.24035608923209986
      ], 
      "visibility": 0.655609631147541
    }, 
    {
      "bounding_box": {
        "bottom_right": [
          539, 
          287
        ], 
        "top_left": [
          372, 
          137
        ]
      }, 
      "class": "019_pitcher_base", 
      "cuboid": [
        [
          -45.89718920549578, 
          40.46283064880715, 
          74.61931607052456
        ], 
        [
          -27.165760354694857, 
          41.3368335473102, 
          76.65334312166242
        ], 
        [
          -27.461145959942137, 
          20.174028823998835, 
          88.46702431308316
        ], 
        [
          -46.19257481074305, 
          19.300025925495788, 
          86.4329972619453
        ], 
        [
          -44.34333673218771, 
          34.0027356520724, 
          63.0856762973779
        ], 
        [
          -25.6119078813868, 
          34.876738550575446, 
          65.11970334851576
        ], 
        [
          -25.90729348663407, 
          13.713933827264086, 
          76.9333845399365
        ], 
        [
          -44.63872233743499, 
          12.83993092876104, 
          74.89935748879864
        ]
      ], 
      "cuboid_centroid": [
        -35.902241346064926, 
        27.088382238035617, 
        75.77635030523054
      ], 
      "location": [
        -35.902241346064926, 
        27.088382238035617, 
        75.77635030523054
      ], 
      "pose_transform_permuted": [
        [
          -0.11673797128097212, 
          0.4853346100454801, 
          0.8665003478330462, 
          0.0
        ], 
        [
          -0.9930881254936625, 
          -0.0463371965408451, 
          -0.10783844241180358, 
          0.0
        ], 
        [
          0.012186527936119518, 
          0.8730997935778921, 
          -0.4873892068881953, 
          0.0
        ], 
        [
          -35.902241346064926, 
          27.088382238035617, 
          75.77635030523054, 
          1.0
        ]
      ], 
      "projected_cuboid": [
        [
          150.82672471416143, 
          562.4827020839182
        ], 
        [
          291.01479518180105, 
          560.8896866409267
        ], 
        [
          314.66915104241383, 
          394.9047875703567
        ], 
        [
          194.19867483889436, 
          392.3739479735164
        ], 
        [
          103.59920452934195, 
          560.7420408622949
        ], 
        [
          270.09176765894614, 
          558.9212492855348
        ], 
        [
          300.5052021612443, 
          368.3546220925205
        ], 
        [
          161.09901037140395, 
          364.7130447027677
        ]
      ], 
      "projected_cuboid_centroid": [
        226.80868885207923, 
        463.93658467512785
      ], 
      "quaternion_xyzw": [
        -0.05811968953984879, 
        0.2517379510990942, 
        0.9660083160750482, 
        -0.008838088667673657
      ], 
      "visibility": 0.0013851870789314687
    }, 
    {
      "bounding_box": {
        "bottom_right": [
          538, 
          331
        ], 
        "top_left": [
          350, 
          143
        ]
      }, 
      "class": "035_power_drill", 
      "cuboid": [
        [
          -15.28009418284651, 
          25.19671910717834, 
          49.6883431213385
        ], 
        [
          -33.70176103211183, 
          24.81602255750948, 
          50.31028332958884
        ], 
        [
          -33.078872819464344, 
          8.026099307199486, 
          58.482640887361526
        ], 
        [
          -14.657205970199023, 
          8.406795856868342, 
          57.86070067911117
        ], 
        [
          -15.15836951902305, 
          27.70281851809327, 
          54.82779130306721
        ], 
        [
          -33.580036368288376, 
          27.322121968424412, 
          55.449731511317566
        ], 
        [
          -32.95714815564089, 
          10.532198718114415, 
          63.62208906909024
        ], 
        [
          -14.535481306375564, 
          10.912895267783272, 
          63.000148860839886
        ]
      ], 
      "cuboid_centroid": [
        -24.1186211692437, 
        17.864458912646377, 
        56.655216095214364
      ], 
      "location": [
        -24.1186211692437, 
        17.864458912646377, 
        56.655216095214364
      ], 
      "pose_transform_permuted": [
        [
          -0.021283511848783798, 
          -0.43819054274651503, 
          -0.8986305883800162, 
          0.0
        ], 
        [
          0.9992171252687165, 
          0.02064951641306028, 
          -0.03373491183300445, 
          0.0
        ], 
        [
          -0.03333876930831472, 
          0.8986450001473651, 
          -0.43740808991329655, 
          0.0
        ], 
        [
          -24.1186211692437, 
          17.864458912646377, 
          56.655216095214364, 
          1.0
        ]
      ], 
      "projected_cuboid": [
        [
          316.22458283396054, 
          543.7303259480723
        ], 
        [
          121.36068756224293, 
          536.3514609045169
        ], 
        [
          177.4277073390657, 
          346.4787856648138
        ], 
        [
          345.3713082655196, 
          350.7745187622931
        ], 
        [
          332.9201754601352, 
          542.7567331798484
        ], 
        [
          155.93029336883734, 
          536.0727102927871
        ], 
        [
          203.02764977119955, 
          361.5739223224407
        ], 
        [
          357.52341261780384, 
          365.66823644790054
        ]
      ], 
      "projected_cuboid_centroid": [
        252.66622180358792, 
        441.4522681210719
      ], 
      "quaternion_xyzw": [
        0.9742295306800264, 
        0.013854098038808778, 
        -0.014118444870836697, 
        0.2246900255755517
      ], 
      "visibility": 0.7571134224322015
    }, 
    {
      "bounding_box": {
        "bottom_right": [
          376, 
          213
        ], 
        "top_left": [
          318, 
          116
        ]
      }, 
      "class": "061_foam_brick", 
      "cuboid": [
        [
          -39.53934044397066, 
          4.860237508778438, 
          60.44762360086408
        ], 
        [
          -31.762293720676954, 
          5.200931274488261, 
          60.65991392395125
        ], 
        [
          -31.88213285998253, 
          9.583477826958855, 
          58.01678024484049
        ], 
        [
          -39.65917958327624, 
          9.242784061249033, 
          57.80448992175332
        ], 
        [
          -39.780725376239054, 
          7.5669886062454506, 
          64.94659773414557
        ], 
        [
          -32.00367865294535, 
          7.907682371955273, 
          65.15888805723274
        ], 
        [
          -32.12351779225093, 
          12.290228924425868, 
          62.51575437812199
        ], 
        [
          -39.90056451554463, 
          11.949535158716046, 
          62.303464055034816
        ]
      ], 
      "cuboid_centroid": [
        -35.83142911811079, 
        8.575233216602154, 
        61.48168898949303
      ], 
      "location": [
        -35.83142911811079, 
        8.575233216602154, 
        61.48168898949303
      ], 
      "pose_transform_permuted": [
        [
          0.04592559557482434, 
          -0.5149830814036268, 
          -0.8559691966064686, 
          0.0
        ], 
        [
          -0.9986705388392824, 
          -0.04374936125322848, 
          -0.027260745484892324, 
          0.0
        ], 
        [
          0.023409282892802252, 
          -0.8560831847770168, 
          0.5163076468700467, 
          0.0
        ], 
        [
          -35.83142911811079, 
          8.575233216602154, 
          61.48168898949303, 
          1.0
        ]
      ], 
      "projected_cuboid": [
        [
          129.84073339795626, 
          316.1676255724027
        ], 
        [
          200.01706705430783, 
          319.01292168335226
        ], 
        [
          186.07801768904497, 
          361.3827125439342
        ], 
        [
          112.64165083264292, 
          358.5629196182049
        ], 
        [
          152.20887238050673, 
          335.4240994571445
        ], 
        [
          217.46691999952708, 
          338.01020028145314
        ], 
        [
          205.26877127018417, 
          378.1340253429028
        ], 
        [
          137.2006825870745, 
          375.5749292706573
        ]
      ], 
      "projected_cuboid_centroid": [
        168.18906740070076, 
        347.6719343464438
      ], 
      "quaternion_xyzw": [
        -0.017431817103857612, 
        0.9631618400122027, 
        -0.26768365539186223, 
        0.018996376833925813
      ], 
      "visibility": 0.9574512680779711
    }
  ]
}