{
  "camera_data": {
    "location_worldframe": [
      -15.95853933481182, 
      9.499600295931986, 
      76.44543307925171
    ], 
    "quaternion_xyzw_worldframe": [
      0.8670220127385824, 
      0.011028792602373914, 
      0.002263627949184679, 
      -0.4981430048723699
    ]
  }, 
  "objects": [
    {
      "bounding_box": {
        "bottom_right": [
          533, 
          318
        ], 
        "top_left": [
          352, 
          146
        ]
      }, 
      "class": "003_cracker_box", 
      "cuboid": [
        [
          -22.027748712104177, 
          28.943077989619585, 
          60.23219610591486
        ], 
        [
          -38.42396923699955, 
          29.427981820809862, 
          60.148910689106614
        ], 
        [
          -39.0367897955714, 
          10.345125432242657, 
          69.68948667605346
        ], 
        [
          -22.640569270676032, 
          9.86022160105238, 
          69.77277209286171
        ], 
        [
          -21.96546829922494, 
          32.15212109489232, 
          66.65485607150667
        ], 
        [
          -38.36168882412031, 
          32.637024926082596, 
          66.57157065469842
        ], 
        [
          -38.97450938269217, 
          13.554168537515393, 
          76.11214664164527
        ], 
        [
          -22.578288857796796, 
          13.069264706325118, 
          76.19543205845352
        ]
      ], 
      "cuboid_centroid": [
        -30.501129047398173, 
        21.248623263567488, 
        68.17217137378006
      ], 
      "location": [
        -30.501129047398173, 
        21.248623263567488, 
        68.17217137378006
      ], 
      "pose_transform_permuted": [
        [
          -0.008674152418976733, 
          -0.4469419473531205, 
          -0.8945209079591223, 
          0.0
        ], 
        [
          0.999550088545077, 
          -0.029560816571487347, 
          0.005077264337766174, 
          0.0
        ], 
        [
          0.028712010889887618, 
          0.8940744117912263, 
          -0.4469972780798911, 
          0.0
        ], 
        [
          -30.501129047398173, 
          21.248623263567488, 
          68.17217137378006, 
          1.0
        ]
      ], 
      "projected_cuboid": [
        [
          284.92931635516277, 
          529.5599480023931
        ], 
        [
          138.06585895249853, 
          534.2142724729717
        ], 
        [
          180.36682727932336, 
          352.4556960069986
        ], 
        [
          307.0980040415564, 
          348.6547527808925
        ], 
        [
          304.38209659692234, 
          530.542450468901
        ], 
        [
          171.71199788906776, 
          534.7489664376908
        ], 
        [
          206.2259268651212, 
          368.2609124225304
        ], 
        [
          322.24642295762135, 
          364.7630821420294
        ]
      ], 
      "projected_cuboid_centroid": [
        240.99435138817842, 
        439.51722527688304
      ], 
      "quaternion_xyzw": [
        0.9731579276118837, 
        -0.014970033590636127, 
        -0.0009240247597934265, 
        0.22964906313477973
      ], 
      "visibility": 0.2306014334683702
    }, 
    {
      "bounding_box": {
        "bottom_right": [
          522, 
          367
        ], 
        "top_left": [
          381, 
          291
        ]
      }, 
      "class": "006_mustard_bottle", 
      "cuboid": [
        [
          -16.825665126131504, 
          33.31406219869007, 
          71.45122578378765
        ], 
        [
          -26.11164138619053, 
          32.07573829326336, 
          69.34332004275593
        ], 
        [
          -26.018681181473376, 
          15.40546254158719, 
          78.727029349198
        ], 
        [
          -16.732704921414342, 
          16.643786447013902, 
          80.83493509022972
        ], 
        [
          -18.308390669701392, 
          36.07092934483591, 
          76.36352309626001
        ], 
        [
          -27.594366929760422, 
          34.8326054394092, 
          74.2556173552283
        ], 
        [
          -27.50140672504326, 
          18.16232968773303, 
          83.63932666167037
        ], 
        [
          -18.21543046498423, 
          19.40065359315974, 
          85.7472324027021
        ]
      ], 
      "cuboid_centroid": [
        -22.163535925587382, 
        25.73819594321155, 
        77.54527622272902
      ], 
      "location": [
        -22.163535925587382, 
        25.73819594321155, 
        77.54527622272902
      ], 
      "pose_transform_permuted": [
        [
          0.25454952107526835, 
          -0.4732900264400741, 
          -0.8433272993048896, 
          0.0
        ], 
        [
          0.9670474494165128, 
          0.12895983585971213, 
          0.2195186390086886, 
          0.0
        ], 
        [
          -0.004859368403779048, 
          0.8714160163098685, 
          -0.49052065507719006, 
          0.0
        ], 
        [
          -22.163535925587382, 
          25.73819594321155, 
          77.54527622272902, 
          1.0
        ]
      ], 
      "projected_cuboid": [
        [
          354.9619109025407, 
          521.9462575404291
        ], 
        [
          279.09881584103306, 
          519.9810914859733
        ], 
        [
          303.87017344272346, 
          377.64758055037686
        ], 
        [
          370.2807599175288, 
          383.09620431447445
        ], 
        [
          352.6664838288997, 
          525.2043676307313
        ], 
        [
          281.75686632478966, 
          523.4616934156885
        ], 
        [
          304.7751413481421, 
          389.0972036705659
        ], 
        [
          367.3589438754245, 
          393.9522224312774
        ]
      ], 
      "projected_cuboid_centroid": [
        327.89651235525963, 
        450.3016264645099
      ], 
      "quaternion_xyzw": [
        0.9593996514788912, 
        0.03487055786845767, 
        0.12353250268362939, 
        0.25114942454679173
      ], 
      "visibility": 0.452384132496327
    }, 
    {
      "bounding_box": {
        "bottom_right": [
          425, 
          293
        ], 
        "top_left": [
          348, 
          183
        ]
      }, 
      "class": "008_pudding_box", 
      "cuboid": [
        [
          -23.645368840869878, 
          17.305661511403613, 
          63.00487687932935
        ], 
        [
          -34.99372609996435, 
          17.42637422459724, 
          62.39447820345465
        ], 
        [
          -35.2965363058952, 
          9.412877566754235, 
          66.43960959757939
        ], 
        [
          -23.94817904680073, 
          9.292164853560612, 
          67.0500082734541
        ], 
        [
          -23.811306211100327, 
          19.042666738810095, 
          66.43349817342354
        ], 
        [
          -35.15966347019479, 
          19.163379452003714, 
          65.82309949754884
        ], 
        [
          -35.46247367612565, 
          11.149882794160714, 
          69.86823089167359
        ], 
        [
          -24.114116417031173, 
          11.029170080967091, 
          70.4786295675483
        ]
      ], 
      "cuboid_centroid": [
        -29.553921258497763, 
        14.227772152782164, 
        66.43655388550147
      ], 
      "location": [
        -29.553921258497763, 
        14.227772152782164, 
        66.43655388550147
      ], 
      "pose_transform_permuted": [
        [
          0.043133105297833776, 
          -0.45151028531162835, 
          -0.8912222912727766, 
          0.0
        ], 
        [
          0.9985004439117648, 
          -0.010621070077172064, 
          0.0537067467042963, 
          0.0
        ], 
        [
          0.03371413071403659, 
          0.8922026685610243, 
          -0.45037480872794555, 
          0.0
        ], 
        [
          -29.553921258497763, 
          14.227772152782164, 
          66.43655388550147, 
          1.0
        ]
      ], 
      "projected_cuboid": [
        [
          279.7773183025372, 
          419.77437576325474
        ], 
        [
          179.99398997626062, 
          422.2392483052794
        ], 
        [
          195.9059385470651, 
          348.8449581881261
        ], 
        [
          289.52447559285, 
          347.1969462583054
        ], 
        [
          288.8499753931995, 
          426.1586185859762
        ], 
        [
          194.34833669903782, 
          428.55430293792585
        ], 
        [
          208.64837578203145, 
          358.39604724335607
        ], 
        [
          297.60222966825415, 
          356.74548754383454
        ]
      ], 
      "projected_cuboid_centroid": [
        242.37581951567878, 
        387.50001038780186
      ], 
      "quaternion_xyzw": [
        0.9723586534486087, 
        -0.011398880606956995, 
        0.024898182285588176, 
        0.23188077023866396
      ], 
      "visibility": 0.7050924079244781
    }, 
    {
      "bounding_box": {
        "bottom_right": [
          539, 
          292
        ], 
        "top_left": [
          366, 
          146
        ]
      }, 
      "class": "019_pitcher_base", 
      "cuboid": [
        [
          -45.456125691774766, 
          39.8117208655309, 
          75.71308491677804
        ], 
        [
          -26.772935483574678, 
          40.66520027355662, 
          78.1579878695068
        ], 
        [
          -27.293975935609993, 
          19.301973013022423, 
          89.59720364539969
        ], 
        [
          -45.97716614381008, 
          18.448493604996706, 
          87.15230069267093
        ], 
        [
          -43.65121419173414, 
          33.55231059200552, 
          64.10557834572413
        ], 
        [
          -24.968023983534053, 
          34.40579000003123, 
          66.55048129845288
        ], 
        [
          -25.489064435569368, 
          13.042562739497038, 
          77.98969707434577
        ], 
        [
          -44.17225464376946, 
          12.18908333147132, 
          75.54479412161702
        ]
      ], 
      "cuboid_centroid": [
        -35.47259506367207, 
        26.42714180251397, 
        76.85139099556191
      ], 
      "location": [
        -35.47259506367207, 
        26.42714180251397, 
        76.85139099556191
      ], 
      "pose_transform_permuted": [
        [
          -0.1355995568922104, 
          0.4702575497344272, 
          0.8720498194082692, 
          0.0
        ], 
        [
          -0.9905306471753568, 
          -0.0452490983050373, 
          -0.12962193699577304, 
          0.0
        ], 
        [
          0.021496220234771546, 
          0.8813684932216996, 
          -0.47194013568643356, 
          0.0
        ], 
        [
          -35.47259506367207, 
          26.42714180251397, 
          76.85139099556191, 
          1.0
        ]
      ], 
      "projected_cuboid": [
        [
          158.73783262753466, 
          553.7185188030993
        ], 
        [
          297.38657767107657, 
          550.7699821007242
        ], 
        [
          317.77813765809316, 
          388.17985811703926
        ], 
        [
          197.89984713877024, 
          386.1802062076807
        ], 
        [
          115.41907128835912, 
          552.4214395161115
        ], 
        [
          279.8418806692519, 
          549.00628070127
        ], 
        [
          305.8417807021711, 
          362.4759358717901
        ], 
        [
          167.15780944978516, 
          359.33716419815926
        ]
      ], 
      "projected_cuboid_centroid": [
        233.37924249768082, 
        456.6809055776628
      ], 
      "quaternion_xyzw": [
        -0.06853521215942618, 
        0.2434709092382676, 
        0.9674643352348092, 
        -0.006137920852788024
      ], 
      "visibility": 0.05958102961043283
    }, 
    {
      "bounding_box": {
        "bottom_right": [
          530, 
          343
        ], 
        "top_left": [
          346, 
          159
        ]
      }, 
      "class": "035_power_drill", 
      "cuboid": [
        [
          -14.301092961171873, 
          25.00092943195916, 
          51.17731518930667
        ], 
        [
          -32.73134611736055, 
          24.59517006653539, 
          51.40243055319288
        ], 
        [
          -32.26224681110191, 
          7.667556063421518, 
          59.29627439072161
        ], 
        [
          -13.831993654913244, 
          8.07331542884529, 
          59.07115902683541
        ], 
        [
          -14.291003154403914, 
          27.418286718393524, 
          56.36051504165347
        ], 
        [
          -32.72125631059259, 
          27.01252735296975, 
          56.58563040553967
        ], 
        [
          -32.25215700433395, 
          10.084913349855881, 
          64.4794742430684
        ], 
        [
          -13.82190384814528, 
          10.490672715279652, 
          64.25435887918219
        ]
      ], 
      "cuboid_centroid": [
        -23.276624982752914, 
        17.54292139090752, 
        57.82839471618754
      ], 
      "location": [
        -23.276624982752914, 
        17.54292139090752, 
        57.82839471618754
      ], 
      "pose_transform_permuted": [
        [
          -0.001764198931855829, 
          -0.4226740155404284, 
          -0.9062805515900556, 
          0.0
        ], 
        [
          0.9996828586353455, 
          0.022008958797654556, 
          -0.012210574026593032, 
          0.0
        ], 
        [
          -0.02510754455855753, 
          0.9060146053998157, 
          -0.4225012342690911, 
          0.0
        ], 
        [
          -23.276624982752914, 
          17.54292139090752, 
          57.82839471618754, 
          1.0
        ]
      ], 
      "projected_cuboid": [
        [
          331.32319909521743, 
          533.821605407748
        ], 
        [
          139.16695426282263, 
          528.4706938032908
        ], 
        [
          189.00743091911752, 
          342.2496869432058
        ], 
        [
          355.6752384687746, 
          346.17586824436324
        ], 
        [
          345.2394210339222, 
          532.7360698587363
        ], 
        [
          170.62917608456374, 
          527.8796162070801
        ], 
        [
          212.61147735967856, 
          356.7003971544642
        ], 
        [
          365.91740663438395, 
          360.36049369886655
        ]
      ], 
      "projected_cuboid_centroid": [
        265.1405785887699, 
        435.0752850099604
      ], 
      "quaternion_xyzw": [
        0.9762143739498534, 
        0.012066126204835105, 
        -0.003578817658130161, 
        0.2164420214357894
      ], 
      "visibility": 0.8150607093725701
    }, 
    {
      "bounding_box": {
        "bottom_right": [
          371, 
          222
        ], 
        "top_left": [
          314, 
          128
        ]
      }, 
      "class": "061_foam_brick", 
      "cuboid": [
        [
          -38.75911528640342, 
          4.46330489973834, 
          61.069267802865724
        ], 
        [
          -30.988697340086347, 
          4.80638942555088, 
          61.45201198278857
        ], 
        [
          -31.057617387672632, 
          9.233687924195836, 
          58.88267172107394
        ], 
        [
          -38.82803533398971, 
          8.890603398383297, 
          58.499927541151095
        ], 
        [
          -39.09874224768078, 
          7.092023661309425, 
          65.607993135031
        ], 
        [
          -31.328324301363708, 
          7.4351081871219655, 
          65.99073731495383
        ], 
        [
          -31.397244348949993, 
          11.86240668576692, 
          63.42139705323922
        ], 
        [
          -39.16766229526707, 
          11.519322159954381, 
          63.03865287331637
        ]
      ], 
      "cuboid_centroid": [
        -35.078179817676705, 
        8.16285579275263, 
        62.24533242805247
      ], 
      "location": [
        -35.078179817676705, 
        8.16285579275263, 
        62.24533242805247
      ], 
      "pose_transform_permuted": [
        [
          0.06461700124922487, 
          -0.500136746686551, 
          -0.8635322100323475, 
          0.0
        ], 
        [
          -0.9978193205670214, 
          -0.04405636489676645, 
          -0.049149162915052946, 
          0.0
        ], 
        [
          0.013462787702594292, 
          -0.8648249946236959, 
          0.5018928989549456, 
          0.0
        ], 
        [
          -35.078179817676705, 
          8.16285579275263, 
          62.24533242805247, 
          1.0
        ]
      ], 
      "projected_cuboid": [
        [
          140.29188706554476, 
          312.2647015379088
        ], 
        [
          210.4162590455555, 
          314.99943756413626
        ], 
        [
          197.95387454847133, 
          356.91906434151366
        ], 
        [
          124.66807510754931, 
          354.338482793339
        ], 
        [
          161.1193998605964, 
          330.9367559221803
        ], 
        [
          226.29994356883995, 
          333.3751043549724
        ], 
        [
          215.37290731210447, 
          373.0392095245907
        ], 
        [
          147.46937941975926, 
          370.7423022267001
        ]
      ], 
      "projected_cuboid_centroid": [
        178.5416883797502, 
        343.2260929498175
      ], 
      "quaternion_xyzw": [
        -0.014898782178671948, 
        0.965165338843955, 
        -0.25954870251601053, 
        0.02946805059860091
      ], 
      "visibility": 0.9848123237144717
    }
  ]
}