{
  "camera_data": {
    "location_worldframe": [
      -23.398621323789257, 
      15.460924521230224, 
      74.79501536012921
    ], 
    "quaternion_xyzw_worldframe": [
      0.9242820596903032, 
      0.03598989962915248, 
      -0.1135356752644297, 
      -0.3626533409937339
    ]
  }, 
  "objects": [
    {
      "bounding_box": {
        "bottom_right": [
          539, 
          257
        ], 
        "top_left": [
          363, 
          19
        ]
      }, 
      "class": "003_cracker_box", 
      "cuboid": [
        [
          -35.17591275740608, 
          28.12940453745194, 
          55.33843743994725
        ], 
        [
          -51.22398368155763, 
          26.455735072259866, 
          58.29417183630997
        ], 
        [
          -46.992126982050955, 
          11.247719685942519, 
          72.65944955833021
        ], 
        [
          -30.944056057899417, 
          12.921389151134594, 
          69.70371516196748
        ], 
        [
          -34.74713656001461, 
          33.113646016266465, 
          60.488766107940975
        ], 
        [
          -50.79520748416615, 
          31.439976551074388, 
          63.44450050430369
        ], 
        [
          -46.563350784659484, 
          16.231961164757045, 
          77.80977822632393
        ], 
        [
          -30.51527986050794, 
          17.90563062994912, 
          74.8540438299612
        ]
      ], 
      "cuboid_centroid": [
        -40.869631771032786, 
        22.180682851104493, 
        66.57410783313559
      ], 
      "location": [
        -40.869631771032786, 
        22.180682851104493, 
        66.57410783313559
      ], 
      "pose_transform_permuted": [
        [
          -0.05971813476918833, 
          -0.6941840665709078, 
          -0.717315987622447, 
          0.0
        ], 
        [
          0.9783261141711017, 
          0.10203061489614865, 
          -0.18018814598853666, 
          0.0
        ], 
        [
          -0.19827193122215114, 
          0.7125294627894283, 
          -0.6730453223568584, 
          0.0
        ], 
        [
          -40.869631771032786, 
          22.180682851104493, 
          66.57410783313559, 
          1.0
        ]
      ], 
      "projected_cuboid": [
        [
          139.76703105484341, 
          544.3813320664033
        ], 
        [
          9.055571268736912, 
          515.3237975696316
        ], 
        [
          133.80094394172406, 
          355.8446802601917
        ], 
        [
          242.86374082693516, 
          372.15113737993806
        ], 
        [
          172.68417556548377, 
          565.2441530393767
        ], 
        [
          51.05013994906538, 
          537.5735140920307
        ], 
        [
          159.78540001945453, 
          384.54277029273294
        ], 
        [
          262.3701754912699, 
          400.8604535025989
        ]
      ], 
      "projected_cuboid_centroid": [
        151.4654593198772, 
        450.9741243063193
      ], 
      "quaternion_xyzw": [
        0.9230616941167824, 
        0.08133328141344867, 
        -0.0649756896767544, 
        0.3702974020160102
      ], 
      "visibility": 0.26145474017733156
    }, 
    {
      "bounding_box": {
        "bottom_right": [
          539, 
          305
        ], 
        "top_left": [
          422, 
          197
        ]
      }, 
      "class": "006_mustard_bottle", 
      "cuboid": [
        [
          -29.25097368917705, 
          36.32434354760018, 
          63.691409606957436
        ], 
        [
          -38.37116406896798, 
          33.323441639950566, 
          63.8423499502708
        ], 
        [
          -33.90889704607347, 
          20.43673221044266, 
          77.25807313913435
        ], 
        [
          -24.788706666282543, 
          23.437634118092276, 
          77.10713279582097
        ], 
        [
          -30.465901831505104, 
          40.22550210856318, 
          67.84283922533957
        ], 
        [
          -39.586092211296034, 
          37.22460020091356, 
          67.99377956865295
        ], 
        [
          -35.123825188401526, 
          24.337890771405657, 
          81.40950275751649
        ], 
        [
          -26.0036348086106, 
          27.338792679055267, 
          81.25856241420313
        ]
      ], 
      "cuboid_centroid": [
        -32.187399438789285, 
        30.331117159502917, 
        72.55045618223697
      ], 
      "location": [
        -32.187399438789285, 
        30.331117159502917, 
        72.55045618223697
      ], 
      "pose_transform_permuted": [
        [
          0.2085749302098639, 
          -0.6697382719535019, 
          -0.7127039968520311, 
          0.0
        ], 
        [
          0.9497824028373908, 
          0.31251582541987444, 
          -0.01571902295756249, 
          0.0
        ], 
        [
          -0.2332589460861585, 
          0.6736352272562421, 
          -0.7012887027966478, 
          0.0
        ], 
        [
          -32.187399438789285, 
          30.331117159502917, 
          72.55045618223697, 
          1.0
        ]
      ], 
      "projected_cuboid": [
        [
          234.62308573884627, 
          577.4481804905283
        ], 
        [
          158.38479112472558, 
          551.6604389905574
        ], 
        [
          245.5701534042152, 
          414.36317969659933
        ], 
        [
          308.71456121679705, 
          435.39539620442235
        ], 
        [
          240.10561675560615, 
          589.5033747522662
        ], 
        [
          168.50995829444975, 
          565.2633686386966
        ], 
        [
          249.58079685882566, 
          432.72583341764897
        ], 
        [
          309.50666142921636, 
          452.71764139765355
        ]
      ], 
      "projected_cuboid_centroid": [
        243.01517511185727, 
        496.25107344884685
      ], 
      "quaternion_xyzw": [
        0.9132526521923799, 
        0.1494041025218571, 
        0.0527936893447082, 
        0.3753142603689198
      ], 
      "visibility": 0.6673857941957785
    }, 
    {
      "bounding_box": {
        "bottom_right": [
          439, 
          228
        ], 
        "top_left": [
          351, 
          98
        ]
      }, 
      "class": "008_pudding_box", 
      "cuboid": [
        [
          -34.25288524716644, 
          17.77248000458445, 
          61.47160147011858
        ], 
        [
          -45.40295999717478, 
          16.243685865957218, 
          63.05621250554769
        ], 
        [
          -43.66438671262129, 
          9.863247218561625, 
          69.13389926144981
        ], 
        [
          -32.51431196261294, 
          11.392041357188857, 
          67.54928822602069
        ], 
        [
          -34.22201805734474, 
          20.430220382445064, 
          64.25290146286915
        ], 
        [
          -45.37209280735308, 
          18.901426243817834, 
          65.83751249829828
        ], 
        [
          -43.63351952279958, 
          12.52098759642224, 
          71.91519925420039
        ], 
        [
          -32.483444772791245, 
          14.049781735049471, 
          70.33058821877127
        ]
      ], 
      "cuboid_centroid": [
        -38.94320238498301, 
        15.146733800503345, 
        66.69340036215948
      ], 
      "location": [
        -38.94320238498301, 
        15.146733800503345, 
        66.69340036215948
      ], 
      "pose_transform_permuted": [
        [
          -0.008023495533156481, 
          -0.6908425474825977, 
          -0.7229601462622292, 
          0.0
        ], 
        [
          0.9810542912376605, 
          0.13451300406018418, 
          -0.1394241286363689, 
          0.0
        ], 
        [
          -0.19356839968846495, 
          0.7103820754981802, 
          -0.6766744373677004, 
          0.0
        ], 
        [
          -38.94320238498301, 
          15.146733800503345, 
          66.69340036215948, 
          1.0
        ]
      ], 
      "projected_cuboid": [
        [
          181.94700708144083, 
          427.478252550153
        ], 
        [
          94.38576636523683, 
          410.6730924693558
        ], 
        [
          141.9498586034419, 
          349.374578024194
        ], 
        [
          222.7486415709876, 
          363.2297321681066
        ], 
        [
          195.17623035406464, 
          442.8638857803792
        ], 
        [
          110.99559890658126, 
          426.3983489107079
        ], 
        [
          155.3164356011681, 
          366.14156661329935
        ], 
        [
          233.22110330222085, 
          379.8265787852211
        ]
      ], 
      "projected_cuboid_centroid": [
        167.58919323586238, 
        394.4087136843263
      ], 
      "quaternion_xyzw": [
        0.9239042852208866, 
        0.08877580962572644, 
        -0.03989797063617734, 
        0.37003751544548596
      ], 
      "visibility": 0.48112955032119914
    }, 
    {
      "bounding_box": {
        "bottom_right": [
          539, 
          239
        ], 
        "top_left": [
          392, 
          40
        ]
      }, 
      "class": "019_pitcher_base", 
      "cuboid": [
        [
          -57.639916780315005, 
          40.07336785645001, 
          71.44381507307041
        ], 
        [
          -39.260330312695935, 
          44.020149503477434, 
          69.90067223652838
        ], 
        [
          -34.25073711528036, 
          27.245826081098024, 
          86.66493987407064
        ], 
        [
          -52.63032358289943, 
          23.29904443407061, 
          88.20808271061267
        ], 
        [
          -56.467203884237684, 
          30.877616931159956, 
          61.89211152471032
        ], 
        [
          -38.08761741661861, 
          34.82439857818737, 
          60.34896868816829
        ], 
        [
          -33.07802421920304, 
          18.050075155807964, 
          77.11323632571056
        ], 
        [
          -51.45761068682211, 
          14.103293508780549, 
          78.65637916225259
        ]
      ], 
      "cuboid_centroid": [
        -45.358970499759025, 
        29.06172150612899, 
        74.27852569939049
      ], 
      "location": [
        -45.358970499759025, 
        29.06172150612899, 
        74.27852569939049
      ], 
      "pose_transform_permuted": [
        [
          -0.08810368212861776, 
          0.6908592198190342, 
          0.7176012611666738, 
          0.0
        ], 
        [
          -0.974434423442079, 
          -0.20924735741190684, 
          0.08181313017372809, 
          0.0
        ], 
        [
          -0.20667746282962285, 
          0.6920471321722164, 
          -0.6916322673289046, 
          0.0
        ], 
        [
          -45.358970499759025, 
          29.06172150612899, 
          74.27852569939049, 
          1.0
        ]
      ], 
      "projected_cuboid": [
        [
          47.73623448496849, 
          572.4294633642328
        ], 
        [
          179.5571559646193, 
          609.146080288636
        ], 
        [
          269.0680575830289, 
          440.9521779719405
        ], 
        [
          160.7342479147108, 
          414.1561304725271
        ], 
        [
          -9.03137593012381, 
          539.3565974020102
        ], 
        [
          142.2018711874181, 
          581.0388349572399
        ], 
        [
          250.9210911032304, 
          398.12189721396896
        ], 
        [
          129.78769564656568, 
          368.9121273557905
        ]
      ], 
      "projected_cuboid_centroid": [
        153.20576096439765, 
        481.94960787879324
      ], 
      "quaternion_xyzw": [
        -0.0017097722597853389, 
        0.3757612386107988, 
        0.9197938378763157, 
        -0.11304838190747338
      ], 
      "visibility": 0.0057805617418349485
    }, 
    {
      "bounding_box": {
        "bottom_right": [
          533, 
          252
        ], 
        "top_left": [
          341, 
          21
        ]
      }, 
      "class": "035_power_drill", 
      "cuboid": [
        [
          -28.283724939150968, 
          22.656005533640585, 
          46.40692445174923
        ], 
        [
          -46.10510141305594, 
          19.9734493867904, 
          50.291764485165245
        ], 
        [
          -41.44978912707162, 
          6.440665220366639, 
          62.3029576296365
        ], 
        [
          -23.628412653166645, 
          9.123221367216823, 
          58.41811759622048
        ], 
        [
          -27.945805104192452, 
          26.510416860936985, 
          50.61864645931294
        ], 
        [
          -45.76718157809743, 
          23.827860714086803, 
          54.50348649272896
        ], 
        [
          -41.1118692921131, 
          10.295076547663042, 
          66.51467963720022
        ], 
        [
          -23.290492818208126, 
          12.977632694513225, 
          62.6298396037842
        ]
      ], 
      "cuboid_centroid": [
        -34.697797115632035, 
        16.475541040651812, 
        56.460802044474725
      ], 
      "location": [
        -34.697797115632035, 
        16.475541040651812, 
        56.460802044474725
      ], 
      "pose_transform_permuted": [
        [
          -0.059085156494740804, 
          -0.6739423759968546, 
          -0.7364180145264123, 
          0.0
        ], 
        [
          0.9666565308283732, 
          0.14550561919072305, 
          -0.21071918855559982, 
          0.0
        ], 
        [
          -0.2491657077614798, 
          0.7243135449714223, 
          -0.6428736155708225, 
          0.0
        ], 
        [
          -34.697797115632035, 
          16.475541040651812, 
          56.460802044474725, 
          1.0
        ]
      ], 
      "projected_cuboid": [
        [
          153.84491266417703, 
          533.6548250478907
        ], 
        [
          -11.399444994054507, 
          485.0952070647232
        ], 
        [
          123.82584944223726, 
          328.41928001095465
        ], 
        [
          264.0873196237085, 
          356.5756410362888
        ], 
        [
          184.70551854276698, 
          552.6010882298837
        ], 
        [
          30.030664189230087, 
          506.44345255041736
        ], 
        [
          149.2120357234752, 
          355.83321734699194
        ], 
        [
          281.61589280664145, 
          383.7965712654392
        ]
      ], 
      "projected_cuboid_centroid": [
        151.11598999259843, 
        428.9118277780295
      ], 
      "quaternion_xyzw": [
        0.9256603170610438, 
        0.10659183495228516, 
        -0.07286807592307862, 
        0.35564233642113613
      ], 
      "visibility": 0.8739496222979436
    }, 
    {
      "bounding_box": {
        "bottom_right": [
          368, 
          168
        ], 
        "top_left": [
          301, 
          70
        ]
      }, 
      "class": "061_foam_brick", 
      "cuboid": [
        [
          -46.93359196780072, 
          3.1174695532199177, 
          66.11148532374507
        ], 
        [
          -39.38053560599059, 
          4.555618860877367, 
          64.87590395298584
        ], 
        [
          -40.620003962901365, 
          7.948993923519426, 
          61.24879005541012
        ], 
        [
          -48.17306032471149, 
          6.510844615861979, 
          62.484371426169375
        ], 
        [
          -47.06853711708244, 
          6.931284474440435, 
          69.72564386958423
        ], 
        [
          -39.515480755272314, 
          8.369433782097884, 
          68.49006249882498
        ], 
        [
          -40.754949112183084, 
          11.762808844739943, 
          64.86294860124927
        ], 
        [
          -48.30800547399321, 
          10.324659537082495, 
          66.0985299720085
        ]
      ], 
      "cuboid_centroid": [
        -43.8442705399919, 
        7.440139198979931, 
        65.48721696249717
      ], 
      "location": [
        -43.8442705399919, 
        7.440139198979931, 
        65.48721696249717
      ], 
      "pose_transform_permuted": [
        [
          0.025674495472674974, 
          -0.7256116611059057, 
          -0.687625288619719, 
          0.0
        ], 
        [
          -0.9699073613817509, 
          -0.18467644532825123, 
          0.15866417641802788, 
          0.0
        ], 
        [
          0.24211677062878814, 
          -0.6628592066253962, 
          0.7085175661705482, 
          0.0
        ], 
        [
          -43.8442705399919, 
          7.440139198979931, 
          65.48721696249717, 
          1.0
        ]
      ], 
      "projected_cuboid": [
        [
          99.8298638323702, 
          298.4350814535758
        ], 
        [
          155.16716582940765, 
          310.7365094489682
        ], 
        [
          124.95367229408384, 
          342.50185018737625
        ], 
        [
          67.00158097227828, 
          328.8582090628432
        ], 
        [
          118.5776084104364, 
          326.30275327323454
        ], 
        [
          171.33302607973067, 
          338.4577872575404
        ], 
        [
          143.70701547356452, 
          370.0033300064858
        ], 
        [
          88.57309219130254, 
          356.5916148573152
        ]
      ], 
      "projected_cuboid_centroid": [
        121.55930633793464, 
        333.8780873002532
      ], 
      "quaternion_xyzw": [
        -0.11710969282319447, 
        0.9110971211439078, 
        -0.3935171108530847, 
        -0.036491631314338004
      ], 
      "visibility": 0.9544211485870556
    }
  ]
}