{
  "camera_data": {
    "location_worldframe": [
      -17.292619312000284, 
      12.577109467947551, 
      72.48314796969643
    ], 
    "quaternion_xyzw_worldframe": [
      0.8880193615343417, 
      0.014681340381276744, 
      -0.02261998766389838, 
      -0.459015704158436
    ]
  }, 
  "objects": [
    {
      "bounding_box": {
        "bottom_right": [
          539, 
          298
        ], 
        "top_left": [
          375, 
          102
        ]
      }, 
      "class": "003_cracker_box", 
      "cuboid": [
        [
          -24.5852956407317, 
          30.303624185371437, 
          54.866674736610946
        ], 
        [
          -40.98030463648723, 
          30.308076714921494, 
          55.39750040595284
        ], 
        [
          -40.62225009946203, 
          12.14944911376575, 
          66.60863717870946
        ], 
        [
          -24.227241103706497, 
          12.14499658421569, 
          66.07781150936758
        ], 
        [
          -24.38659752527413, 
          34.076961994186654, 
          60.9719870443002
        ], 
        [
          -40.78160652102966, 
          34.08141452373671, 
          61.502812713642086
        ], 
        [
          -40.423551984004455, 
          15.922786922580967, 
          72.71394948639872
        ], 
        [
          -24.028542988248923, 
          15.918334393030905, 
          72.18312381705682
        ]
      ], 
      "cuboid_centroid": [
        -32.504423812368074, 
        23.1132055539762, 
        63.79031211150483
      ], 
      "location": [
        -32.504423812368074, 
        23.1132055539762, 
        63.79031211150483
      ], 
      "pose_transform_permuted": [
        [
          -0.027673832898064132, 
          -0.5255345263271862, 
          -0.8503220687544164, 
          0.0
        ], 
        [
          0.999476231032782, 
          -0.00027143610927005124, 
          -0.032360314011821434, 
          0.0
        ], 
        [
          -0.01677565418203225, 
          0.8507722303651541, 
          -0.5252667793286251, 
          0.0
        ], 
        [
          -32.504423812368074, 
          23.1132055539762, 
          63.79031211150483, 
          1.0
        ]
      ], 
      "projected_cuboid": [
        [
          240.62953413016612, 
          567.8463285410262
        ], 
        [
          83.78610087864851, 
          565.0666854948075
        ], 
        [
          153.63382961243371, 
          370.56429971867266
        ], 
        [
          284.42742593056045, 
          371.30982852262775
        ], 
        [
          266.51084176784684, 
          571.3563901788718
        ], 
        [
          125.0136933334975, 
          568.8223839973127
        ], 
        [
          182.64024054706394, 
          390.0720261092981
        ], 
        [
          302.58450859487044, 
          390.8979548104762
        ]
      ], 
      "projected_cuboid_centroid": [
        207.57882137473223, 
        466.5247389522753
      ], 
      "quaternion_xyzw": [
        0.9618433513509818, 
        0.004289736486087047, 
        -0.015603930417973743, 
        0.2731217365540556
      ], 
      "visibility": 0.18039378539337197
    }, 
    {
      "bounding_box": {
        "bottom_right": [
          539, 
          350
        ], 
        "top_left": [
          409, 
          262
        ]
      }, 
      "class": "006_mustard_bottle", 
      "cuboid": [
        [
          -19.11137004464713, 
          35.8120858022164, 
          65.43680530773224
        ], 
        [
          -28.424907206031726, 
          34.12333480734041, 
          63.820570971065926
        ], 
        [
          -27.445394117742104, 
          18.372697379872392, 
          74.63346652788618
        ], 
        [
          -18.131856956357517, 
          20.061448374748377, 
          76.24970086455252
        ], 
        [
          -20.49762112190984, 
          38.955247247265405, 
          70.14087806081777
        ], 
        [
          -29.811158283294432, 
          37.266496252389416, 
          68.52464372415143
        ], 
        [
          -28.831645195004818, 
          21.51585882492139, 
          79.3375392809717
        ], 
        [
          -19.518108033620223, 
          23.204609819797376, 
          80.95377361763802
        ]
      ], 
      "cuboid_centroid": [
        -23.971507619825974, 
        28.663972313568898, 
        72.38717229435197
      ], 
      "location": [
        -23.971507619825974, 
        28.663972313568898, 
        72.38717229435197
      ], 
      "pose_transform_permuted": [
        [
          0.23798709703058746, 
          -0.5396077810685934, 
          -0.8075799810652534, 
          0.0
        ], 
        [
          0.9699176591375027, 
          0.175867598253373, 
          0.1683156675357065, 
          0.0
        ], 
        [
          -0.05120271590197837, 
          0.8233431723530573, 
          -0.5652294245913462, 
          0.0
        ], 
        [
          -23.971507619825974, 
          28.663972313568898, 
          72.38717229435197, 
          1.0
        ]
      ], 
      "projected_cuboid": [
        [
          324.53855909382685, 
          565.1603020307094
        ], 
        [
          242.08350673376341, 
          558.4397796237085
        ], 
        [
          283.8420123118066, 
          404.57508404812506
        ], 
        [
          353.7190559847504, 
          413.6039840004812
        ], 
        [
          324.44358891899793, 
          569.4846580880352
        ], 
        [
          247.64666259990287, 
          563.3274804426721
        ], 
        [
          286.1710261315509, 
          417.91957001231907
        ], 
        [
          351.94114662529324, 
          426.157396049095
        ]
      ], 
      "projected_cuboid_centroid": [
        303.5128334229123, 
        484.47116202144053
      ], 
      "quaternion_xyzw": [
        0.9487940783641904, 
        0.05983129514963927, 
        0.10705767822318146, 
        0.291116173375782
      ], 
      "visibility": 0.552205811068481
    }, 
    {
      "bounding_box": {
        "bottom_right": [
          450, 
          269
        ], 
        "top_left": [
          367, 
          145
        ]
      }, 
      "class": "008_pudding_box", 
      "cuboid": [
        [
          -25.723024603418605, 
          18.920601945128418, 
          58.722362670122244
        ], 
        [
          -37.0842623427541, 
          18.66009932031608, 
          58.55869839349727
        ], 
        [
          -36.97786406109642, 
          11.036889205311443, 
          63.30698836463022
        ], 
        [
          -25.616626321760926, 
          11.297391830123784, 
          63.470652641255185
        ], 
        [
          -25.816658294938232, 
          20.95301969081705, 
          61.987431917169665
        ], 
        [
          -37.17789603427373, 
          20.692517066004708, 
          61.8237676405447
        ], 
        [
          -37.071497752616054, 
          13.069306951000076, 
          66.57205761167765
        ], 
        [
          -25.710260013280557, 
          13.329809575812416, 
          66.73572188830262
        ]
      ], 
      "cuboid_centroid": [
        -31.397261178017327, 
        15.994954448064247, 
        62.647210140899944
      ], 
      "location": [
        -31.397261178017327, 
        15.994954448064247, 
        62.647210140899944
      ], 
      "pose_transform_permuted": [
        [
          0.02433877233399662, 
          -0.5282986497389215, 
          -0.8487092174718185, 
          0.0
        ], 
        [
          0.9996337502524822, 
          0.022920673061015143, 
          0.014400221030366688, 
          0.0
        ], 
        [
          -0.011846118477178959, 
          0.848749141356637, 
          -0.5286627254283638, 
          0.0
        ], 
        [
          -31.397261178017327, 
          15.994954448064247, 
          62.647210140899944, 
          1.0
        ]
      ], 
      "projected_cuboid": [
        [
          246.03234669361433, 
          445.1244389768115
        ], 
        [
          141.039945000386, 
          443.2321936134985
        ], 
        [
          167.48696432155717, 
          366.26504323870694
        ], 
        [
          264.55660518966124, 
          368.2141943239267
        ], 
        [
          257.6279601665808, 
          453.55946399352445
        ], 
        [
          158.21116899967097, 
          451.78948268333806
        ], 
        [
          182.13632995875267, 
          377.9868820221827
        ], 
        [
          274.42087720660805, 
          379.8119232709152
        ]
      ], 
      "projected_cuboid_centroid": [
        212.0827957266762, 
        409.4525766589325
      ], 
      "quaternion_xyzw": [
        0.9613911936720838, 
        0.009040750468443685, 
        0.010073681145444472, 
        0.2748520534940012
      ], 
      "visibility": 0.6574502545118001
    }, 
    {
      "bounding_box": {
        "bottom_right": [
          539, 
          313
        ], 
        "top_left": [
          363, 
          101
        ]
      }, 
      "class": "035_power_drill", 
      "cuboid": [
        [
          -17.079214783330187, 
          25.78768761436651, 
          45.894576895661594
        ], 
        [
          -35.46561366064409, 
          24.874739144540055, 
          46.892780485437264
        ], 
        [
          -34.157753985363534, 
          8.744930474649156, 
          56.23064511667534
        ], 
        [
          -15.77135510804964, 
          9.65787894447561, 
          55.23244152689967
        ], 
        [
          -16.953427099427714, 
          28.660055104332706, 
          50.83855922016575
        ], 
        [
          -35.33982597674161, 
          27.747106634506245, 
          51.83676280994142
        ], 
        [
          -34.03196630146106, 
          11.617297964615348, 
          61.17462744117949
        ], 
        [
          -15.645567424147162, 
          12.530246434441805, 
          60.17642385140382
        ]
      ], 
      "cuboid_centroid": [
        -25.555590542395624, 
        18.70249278949093, 
        53.53460216842054
      ], 
      "location": [
        -25.555590542395624, 
        18.70249278949093, 
        53.53460216842054
      ], 
      "pose_transform_permuted": [
        [
          -0.021993929386835226, 
          -0.5022323790963359, 
          -0.8644534565022447, 
          0.0
        ], 
        [
          0.9973041408555408, 
          0.049519609327580726, 
          -0.05414396696943506, 
          0.0
        ], 
        [
          -0.07000041278113195, 
          0.8633137685285996, 
          -0.4997893818698714, 
          0.0
        ], 
        [
          -25.555590542395624, 
          18.70249278949093, 
          53.53460216842054, 
          1.0
        ]
      ], 
      "projected_cuboid": [
        [
          281.4734862189582, 
          572.9532903454107
        ], 
        [
          74.87921829639993, 
          556.1911850235729
        ], 
        [
          154.92802617386525, 
          356.22783566570206
        ], 
        [
          328.0411687116368, 
          366.5421651199996
        ], 
        [
          302.2658053372849, 
          573.9435368493693
        ], 
        [
          114.9752783724359, 
          558.7610649841547
        ], 
        [
          182.43436556512273, 
          374.5659861320752
        ], 
        [
          341.7811302242454, 
          384.3371019356829
        ]
      ], 
      "projected_cuboid_centroid": [
        224.88689490517845, 
        459.60352278638516
      ], 
      "quaternion_xyzw": [
        0.9650221973983791, 
        0.030963024071085848, 
        -0.019724389905623887, 
        0.2595851586801775
      ], 
      "visibility": 0.7276626009437674
    }, 
    {
      "bounding_box": {
        "bottom_right": [
          390, 
          196
        ], 
        "top_left": [
          326, 
          90
        ]
      }, 
      "class": "061_foam_brick", 
      "cuboid": [
        [
          -40.47746354981954, 
          5.527635489152933, 
          58.53944015277692
        ], 
        [
          -32.71323849165755, 
          6.126686230204723, 
          58.57871629589193
        ], 
        [
          -33.02044359827841, 
          10.301537090898574, 
          55.63194235428038
        ], 
        [
          -40.7846686564404, 
          9.702486349846783, 
          55.59266621116537
        ], 
        [
          -40.73181744103397, 
          8.542502519470856, 
          62.83727883386153
        ], 
        [
          -32.96759238287198, 
          9.141553260522647, 
          62.87655497697654
        ], 
        [
          -33.27479748949284, 
          13.316404121216499, 
          59.929781035365
        ], 
        [
          -41.03902254765484, 
          12.71735338016471, 
          59.890504892249986
        ]
      ], 
      "cuboid_centroid": [
        -36.87613051965619, 
        9.422019805184716, 
        59.23461059407096
      ], 
      "location": [
        -36.87613051965619, 
        9.422019805184716, 
        59.23461059407096
      ], 
      "pose_transform_permuted": [
        [
          0.048393053497673866, 
          -0.5736048337611315, 
          -0.817701416813641, 
          0.0
        ], 
        [
          -0.9970240758975657, 
          -0.07692564383937406, 
          -0.005043550386641282, 
          0.0
        ], 
        [
          0.06000920307566232, 
          -0.8155120722624297, 
          0.5756204961087308, 
          0.0
        ], 
        [
          -36.87613051965619, 
          9.422019805184716, 
          59.23461059407096, 
          1.0
        ]
      ], 
      "projected_cuboid": [
        [
          109.75676154687983, 
          323.6456846918131
        ], 
        [
          181.2831721761502, 
          329.0658713831528
        ], 
        [
          162.4062289347689, 
          372.04295803149677
        ], 
        [
          87.07511543875277, 
          366.3658293427974
        ], 
        [
          133.0124994409327, 
          345.78942110226825
        ], 
        [
          199.63529583554447, 
          350.8252863467675
        ], 
        [
          183.01448659432575, 
          391.79020965470266
        ], 
        [
          113.10276949400668, 
          386.5334310565888
        ]
      ], 
      "projected_cuboid_centroid": [
        146.81549610435707, 
        358.1178152488232
      ], 
      "quaternion_xyzw": [
        -0.03593490174484074, 
        0.9526591159713999, 
        -0.3015835650452023, 
        0.014023012793465829
      ], 
      "visibility": 0.9875047330556608
    }
  ]
}