{
  "camera_data": {
    "location_worldframe": [
      -9.602534178083047, 
      -0.37653296870171354, 
      80.13890107400728
    ], 
    "quaternion_xyzw_worldframe": [
      -0.8284518430020794, 
      -0.10923784033323017, 
      -0.20597936764047411, 
      0.5092225924125371
    ]
  }, 
  "objects": [
    {
      "bounding_box": {
        "bottom_right": [
          475, 
          412
        ], 
        "top_left": [
          282, 
          252
        ]
      }, 
      "class": "003_cracker_box", 
      "cuboid": [
        [
          -7.585045159881974, 
          20.149918744896688, 
          64.25345875360105
        ], 
        [
          -22.260379827079717, 
          21.37313918636316, 
          57.02736715132539
        ], 
        [
          -27.33405141081417, 
          1.8590025311147507, 
          64.0280724305877
        ], 
        [
          -12.658716743616427, 
          0.6357820896482763, 
          71.25416403286336
        ], 
        [
          -10.301230511977284, 
          23.008693159952305, 
          70.25363737692794
        ], 
        [
          -24.976565179175026, 
          24.231913601418782, 
          63.02754577465228
        ], 
        [
          -30.050236762909478, 
          4.7177769461703685, 
          70.02825105391459
        ], 
        [
          -15.374902095711734, 
          3.494556504703894, 
          77.25434265619025
        ]
      ], 
      "cuboid_centroid": [
        -18.817640961395725, 
        12.433847845533528, 
        67.14085490375781
      ], 
      "location": [
        -18.817640961395725, 
        12.433847845533528, 
        67.14085490375781
      ], 
      "pose_transform_permuted": [
        [
          0.3782988046009197, 
          -0.3981580060451209, 
          -0.83567949398061, 
          0.0
        ], 
        [
          0.8946410572944978, 
          -0.07457024005754917, 
          0.44051862378421897, 
          0.0
        ], 
        [
          0.23771283734897053, 
          0.9142808548361563, 
          -0.3279986668259014, 
          0.0
        ], 
        [
          -18.817640961395725, 
          12.433847845533528, 
          67.14085490375781, 
          1.0
        ]
      ], 
      "projected_cuboid": [
        [
          418.1146599154847, 
          440.5358421343961
        ], 
        [
          271.68326995212703, 
          473.16800281713296
        ], 
        [
          252.0216851755844, 
          288.7710343495407
        ], 
        [
          386.0601630318304, 
          278.045207788894
        ], 
        [
          402.7451930255048, 
          447.9534606283254
        ], 
        [
          268.49186442854307, 
          478.32949027333996
        ], 
        [
          250.83397256253917, 
          309.21607779657205
        ], 
        [
          374.5730644937984, 
          297.4109477476397
        ]
      ], 
      "projected_cuboid_centroid": [
        330.87735866861146, 
        372.0522531290725
      ], 
      "quaternion_xyzw": [
        0.9545419590189925, 
        -0.08178872454372281, 
        0.21445296894718446, 
        0.19018458696601254
      ], 
      "visibility": 0.5714402351404311
    }, 
    {
      "bounding_box": {
        "bottom_right": [
          446, 
          410
        ], 
        "top_left": [
          316, 
          337
        ]
      }, 
      "class": "006_mustard_bottle", 
      "cuboid": [
        [
          -7.777965079503356, 
          23.683680257109103, 
          76.88316130671052
        ], 
        [
          -15.208111249383444, 
          22.976165654614718, 
          70.84176918306227
        ], 
        [
          -19.53805803977514, 
          5.845443843984367, 
          78.17325379557843
        ], 
        [
          -12.107911869895055, 
          6.552958446478753, 
          84.21464591922668
        ], 
        [
          -11.224187016178117, 
          26.240521604531263, 
          80.82214252937078
        ], 
        [
          -18.654333186058203, 
          25.53300700203688, 
          74.78075040572253
        ], 
        [
          -22.9842799764499, 
          8.402285191406527, 
          82.11223501823869
        ], 
        [
          -15.554133806569814, 
          9.109799793900912, 
          88.15362714188694
        ]
      ], 
      "cuboid_centroid": [
        -15.381122527976629, 
        16.042982724257815, 
        79.4976981624746
      ], 
      "location": [
        -15.381122527976629, 
        16.042982724257815, 
        79.4976981624746
      ], 
      "pose_transform_permuted": [
        [
          0.5916362251287378, 
          -0.43895024488804, 
          -0.6762315440648423, 
          0.0
        ], 
        [
          0.7737801283511718, 
          0.07368101884020804, 
          0.6291544023462654, 
          0.0
        ], 
        [
          0.2263420857052978, 
          0.8954852084693976, 
          -0.38324339740052354, 
          0.0
        ], 
        [
          -15.381122527976629, 
          16.042982724257815, 
          79.4976981624746, 
          1.0
        ]
      ], 
      "projected_cuboid": [
        [
          427.1936122181666, 
          437.5744037247713
        ], 
        [
          366.15140613873814, 
          446.2584898552749
        ], 
        [
          347.1922172925945, 
          313.165774458866
        ], 
        [
          404.2803593635023, 
          314.7855080129176
        ], 
        [
          406.91501147044073, 
          446.43938454494236
        ], 
        [
          347.4498572935522, 
          455.3822320945849
        ], 
        [
          331.0699431000043, 
          327.8594434074132
        ], 
        [
          386.71210792114704, 
          328.3998076945007
        ]
      ], 
      "projected_cuboid_centroid": [
        377.55111003329415, 
        380.91275933235454
      ], 
      "quaternion_xyzw": [
        0.9145349748486129, 
        -0.04173188316017122, 
        0.33371895582153277, 
        0.22475729876396067
      ], 
      "visibility": 0.03236873508353222
    }, 
    {
      "bounding_box": {
        "bottom_right": [
          360, 
          391
        ], 
        "top_left": [
          277, 
          287
        ]
      }, 
      "class": "008_pudding_box", 
      "cuboid": [
        [
          -10.455550639462823, 
          8.466363820915781, 
          65.24777168182885
        ], 
        [
          -20.37321824334138, 
          9.127856535581152, 
          59.736449946518825
        ], 
        [
          -22.561680314721603, 
          0.9332366440532154, 
          62.69106486175148
        ], 
        [
          -12.644012710843045, 
          0.27174392938784164, 
          68.2023865970615
        ], 
        [
          -12.083949450264189, 
          10.025252391112055, 
          68.36519851944423
        ], 
        [
          -22.00161705414275, 
          10.68674510577743, 
          62.85387678413421
        ], 
        [
          -24.190079125522967, 
          2.492125214249491, 
          65.80849169936687
        ], 
        [
          -14.272411521644413, 
          1.830632499584118, 
          71.31981343467689
        ]
      ], 
      "cuboid_centroid": [
        -17.322814882492896, 
        5.479244517582636, 
        65.52813169059786
      ], 
      "location": [
        -17.322814882492896, 
        5.479244517582636, 
        65.52813169059786
      ], 
      "pose_transform_permuted": [
        [
          0.4232795618950592, 
          -0.40521134421067995, 
          -0.8103316320996118, 
          0.0
        ], 
        [
          0.8726192944891701, 
          -0.058202324279882416, 
          0.4849210395484792, 
          0.0
        ], 
        [
          0.24365789161701507, 
          0.9123684762392419, 
          -0.3289594323797152, 
          0.0
        ], 
        [
          -17.322814882492896, 
          5.479244517582636, 
          65.52813169059786, 
          1.0
        ]
      ], 
      "projected_cuboid": [
        [
          395.423721334375, 
          342.48855833492956
        ], 
        [
          298.1917326879621, 
          354.77890398511414
        ], 
        [
          288.0629525293359, 
          281.2256817669823
        ], 
        [
          381.9012165687278, 
          275.4114835497867
        ], 
        [
          386.54412772147464, 
          351.49392335007025
        ], 
        [
          293.35604736849103, 
          363.96432488778197
        ], 
        [
          283.9241881980955, 
          293.483007253905
        ], 
        [
          373.98055983051137, 
          286.97575160384577
        ]
      ], 
      "projected_cuboid_centroid": [
        339.43543117887407, 
        317.88094845551313
      ], 
      "quaternion_xyzw": [
        0.9480663746315476, 
        -0.07959891416205198, 
        0.23948761018881656, 
        0.19359688209481116
      ], 
      "visibility": 0.8231648533259882
    }, 
    {
      "bounding_box": {
        "bottom_right": [
          496, 
          360
        ], 
        "top_left": [
          306, 
          208
        ]
      }, 
      "class": "019_pitcher_base", 
      "cuboid": [
        [
          -35.247069236032864, 
          31.223825896314573, 
          68.59576857390412
        ], 
        [
          -19.535124959235123, 
          31.108297683651315, 
          79.03075943057722
        ], 
        [
          -25.400783385035037, 
          9.21471868727953, 
          87.62028035242126
        ], 
        [
          -41.11272766183278, 
          9.330246899942782, 
          77.18528949574817
        ], 
        [
          -28.62454559957544, 
          25.51260064704065, 
          58.56101804741007
        ], 
        [
          -12.912601322777698, 
          25.3970724343774, 
          68.99600890408317
        ], 
        [
          -18.778259748577614, 
          3.503493438005614, 
          77.58552982592721
        ], 
        [
          -34.490204025375355, 
          3.619021650668869, 
          67.15053896925411
        ]
      ], 
      "cuboid_centroid": [
        -27.012664492305237, 
        17.363659667160093, 
        73.09064919991567
      ], 
      "location": [
        -27.012664492305237, 
        17.363659667160093, 
        73.09064919991567
      ], 
      "pose_transform_permuted": [
        [
          -0.4975375638038799, 
          0.42907345490109494, 
          0.7538916588906684, 
          0.0
        ], 
        [
          -0.8330034731460852, 
          0.006124983687535285, 
          -0.5532341174791853, 
          0.0
        ], 
        [
          0.24199557798324728, 
          0.9032488629145417, 
          -0.3543721657807539, 
          0.0
        ], 
        [
          -27.012664492305237, 
          17.363659667160093, 
          73.09064919991567, 
          1.0
        ]
      ], 
      "projected_cuboid": [
        [
          205.2738211325329, 
          516.0460865400313
        ], 
        [
          348.67050528858874, 
          483.21321049914667
        ], 
        [
          325.70134183357635, 
          329.37389480765063
        ], 
        [
          195.15718196710893, 
          337.7548248800089
        ], 
        [
          218.73875202382766, 
          505.631705404517
        ], 
        [
          380.9545467591803, 
          469.5987058823232
        ], 
        [
          351.4404222029684, 
          297.3694006517317
        ], 
        [
          205.38795779238126, 
          302.029347016904
        ]
      ], 
      "projected_cuboid_centroid": [
        282.8515503704186, 
        399.98372616328726
      ], 
      "quaternion_xyzw": [
        -0.2812267911854088, 
        0.20968008740355853, 
        0.9340963540972762, 
        0.06640657588011083
      ], 
      "visibility": 0.31403701955849195
    }, 
    {
      "bounding_box": {
        "bottom_right": [
          441, 
          498
        ], 
        "top_left": [
          268, 
          334
        ]
      }, 
      "class": "035_power_drill", 
      "cuboid": [
        [
          3.269890411563614, 
          16.349847749437195, 
          59.257237134412975
        ], 
        [
          -13.382457072608526, 
          16.75943873933094, 
          51.3565341607357
        ], 
        [
          -16.723388439757446, 
          -0.5660456679936157, 
          57.50004359593588
        ], 
        [
          -0.0710409555853081, 
          -0.975636657887359, 
          65.40074656961316
        ], 
        [
          1.0388924429975104, 
          18.48674153458149, 
          64.0703039092574
        ], 
        [
          -15.613455041174628, 
          18.896332524475234, 
          56.169600935580135
        ], 
        [
          -18.95438640832355, 
          1.5708481171506792, 
          62.31311037078031
        ], 
        [
          -2.302038924151411, 
          1.1612571272569359, 
          70.21381334445759
        ]
      ], 
      "cuboid_centroid": [
        -7.842247998379968, 
        8.960347933293937, 
        60.78517375259664
      ], 
      "location": [
        -7.842247998379968, 
        8.960347933293937, 
        60.78517375259664
      ], 
      "pose_transform_permuted": [
        [
          0.39008915865609983, 
          -0.37363507745376423, 
          -0.8415629217096087, 
          0.0
        ], 
        [
          0.9032467538502806, 
          -0.022216791499185987, 
          0.4285452438998295, 
          0.0
        ], 
        [
          0.17881625926243877, 
          0.9273097741817184, 
          -0.3288183010127142, 
          0.0
        ], 
        [
          -7.842247998379968, 
          8.960347933293937, 
          60.78517375259664, 
          1.0
        ]
      ], 
      "projected_cuboid": [
        [
          511.2715779243538, 
          420.43639525309106
        ], 
        [
          341.46682080385125, 
          447.32742739713717
        ], 
        [
          325.19307361657405, 
          268.0363986627318
        ], 
        [
          481.0129279234251, 
          265.33057168130847
        ], 
        [
          490.31684941659074, 
          427.1697051875633
        ], 
        [
          332.1148905716321, 
          452.70358951033086
        ], 
        [
          318.0201439622484, 
          286.7309649740705
        ], 
        [
          463.96587031689336, 
          282.10704120670385
        ]
      ], 
      "projected_cuboid_centroid": [
        412.2170125561187, 
        351.9032257333332
      ], 
      "quaternion_xyzw": [
        0.9581387490522456, 
        -0.05245405505217251, 
        0.21360017099968334, 
        0.18328592261854523
      ], 
      "visibility": 0.9393629456458211
    }, 
    {
      "bounding_box": {
        "bottom_right": [
          303, 
          334
        ], 
        "top_left": [
          242, 
          253
        ]
      }, 
      "class": "061_foam_brick", 
      "cuboid": [
        [
          -23.39097743364281, 
          -3.565095968637861, 
          56.027319772362326
        ], 
        [
          -16.57743887291535, 
          -3.5914577731623694, 
          59.79807466976755
        ], 
        [
          -15.433217200959346, 
          0.964191225516723, 
          57.76238060734281
        ], 
        [
          -22.246755761686803, 
          0.9905530300412315, 
          53.99162570993759
        ], 
        [
          -25.648707541148163, 
          -1.167575807256967, 
          60.12367037729559
        ], 
        [
          -18.835168980420704, 
          -1.1939376117814755, 
          63.894425274700815
        ], 
        [
          -17.690947308464697, 
          3.3617113868976167, 
          61.858731212276076
        ], 
        [
          -24.504485869192155, 
          3.388073191422125, 
          58.08797631487085
        ]
      ], 
      "cuboid_centroid": [
        -20.54096237105375, 
        -0.10169229087012202, 
        58.9430254923192
      ], 
      "location": [
        -20.54096237105375, 
        -0.10169229087012202, 
        58.9430254923192
      ], 
      "pose_transform_permuted": [
        [
          0.429552908957495, 
          -0.45614918992391784, 
          -0.7793665472278801, 
          0.0
        ], 
        [
          -0.8749439816869344, 
          0.0033851870081239577, 
          -0.4842123185326175, 
          0.0
        ], 
        [
          -0.2235113583600779, 
          -0.8898968800038987, 
          0.3976508715485977, 
          0.0
        ], 
        [
          -20.54096237105375, 
          -0.10169229087012202, 
          58.9430254923192, 
          1.0
        ]
      ], 
      "projected_cuboid": [
        [
          257.0847051901896, 
          239.35067412637042
        ], 
        [
          332.5161800811626, 
          241.25549395305455
        ], 
        [
          337.91481773646296, 
          282.18890760476216
        ], 
        [
          260.0163219987193, 
          283.0710429327887
        ], 
        [
          252.18738847232646, 
          262.929701165928
        ], 
        [
          323.0718753349455, 
          263.3208749879883
        ], 
        [
          327.80220914840277, 
          302.2697789963452
        ], 
        [
          254.74064180108397, 
          304.39324709466007
        ]
      ], 
      "projected_cuboid_centroid": [
        294.19253120366943, 
        272.36642080513525
      ], 
      "quaternion_xyzw": [
        0.06026127599264463, 
        0.9413032732492108, 
        -0.22676009043433748, 
        0.2426861919687048
      ], 
      "visibility": 0.9807568954457986
    }
  ]
}