{
  "camera_data": {
    "location_worldframe": [
      -16.340745550633034, 
      5.167702429948773, 
      72.89988296545451
    ], 
    "quaternion_xyzw_worldframe": [
      -0.8554064122346906, 
      -0.028280626158171052, 
      -0.0462162286949889, 
      0.5151192352324626
    ]
  }, 
  "objects": [
    {
      "bounding_box": {
        "bottom_right": [
          521, 
          307
        ], 
        "top_left": [
          325, 
          131
        ]
      }, 
      "class": "003_cracker_box", 
      "cuboid": [
        [
          -20.646382309822584, 
          25.3544769015857, 
          57.03456621133507
        ], 
        [
          -36.956688681122344, 
          26.096067225665365, 
          55.452774330989776
        ], 
        [
          -38.677262895025954, 
          6.647968461019698, 
          64.07626700863688
        ], 
        [
          -22.366956523726202, 
          5.90637813694003, 
          65.65805888898217
        ], 
        [
          -21.14610709218563, 
          28.29472587248883, 
          63.565845463207395
        ], 
        [
          -37.45641346348538, 
          29.0363161965685, 
          61.984053582862096
        ], 
        [
          -39.17698767738899, 
          9.588217431922828, 
          70.6075462605092
        ], 
        [
          -22.866681306089244, 
          8.84662710784316, 
          72.1893381408545
        ]
      ], 
      "cuboid_centroid": [
        -29.911684993605792, 
        17.471347166754263, 
        63.821056235922136
      ], 
      "location": [
        -29.911684993605792, 
        17.471347166754263, 
        63.821056235922136
      ], 
      "pose_transform_permuted": [
        [
          0.06959955352515315, 
          -0.40950543749295243, 
          -0.9096489426217156, 
          0.0
        ], 
        [
          0.9943125705632113, 
          -0.045208996364284576, 
          0.09642955287521116, 
          0.0
        ], 
        [
          0.08061274197717366, 
          0.9111868322750499, 
          -0.4040298782509556, 
          0.0
        ], 
        [
          -29.911684993605792, 
          17.471347166754263, 
          63.821056235922136, 
          1.0
        ]
      ], 
      "projected_cuboid": [
        [
          286.9277265943971, 
          510.3715190887122
        ], 
        [
          123.20242373092849, 
          524.266653279656
        ], 
        [
          156.99575781455454, 
          328.61890882769643
        ], 
        [
          298.40334375724706, 
          321.2621738644603
        ], 
        [
          302.7020126698501, 
          510.68024050037513
        ], 
        [
          156.63104584892835, 
          523.1191183898436
        ], 
        [
          183.2157286372317, 
          345.7091669350124
        ], 
        [
          311.25503896016323, 
          338.64355056990973
        ]
      ], 
      "projected_cuboid_centroid": [
        229.55755657981283, 
        419.2855567687044
      ], 
      "quaternion_xyzw": [
        0.9766202365121226, 
        -0.032208460780726526, 
        0.042500938490000105, 
        0.20825272847339005
      ], 
      "visibility": 0.3017884517118038
    }, 
    {
      "bounding_box": {
        "bottom_right": [
          502, 
          357
        ], 
        "top_left": [
          356, 
          280
        ]
      }, 
      "class": "006_mustard_bottle", 
      "cuboid": [
        [
          -16.462814444796052, 
          29.17835882939619, 
          68.86292392616333
        ], 
        [
          -25.525497055765744, 
          28.1717952252861, 
          65.85282734732836
        ], 
        [
          -26.50081051801943, 
          11.129471602275778, 
          74.48814464105426
        ], 
        [
          -17.43812790704974, 
          12.13603520638587, 
          77.49824121988925
        ], 
        [
          -18.365109227840627, 
          31.753021597931387, 
          73.7293232698153
        ], 
        [
          -27.427791838810318, 
          30.74645799382129, 
          70.7192266909803
        ], 
        [
          -28.403105301064002, 
          13.704134370810973, 
          79.35454398470623
        ], 
        [
          -19.34042269009431, 
          14.710697974921064, 
          82.3646405635412
        ]
      ], 
      "cuboid_centroid": [
        -22.432959872930027, 
        21.441246600103582, 
        74.10873395543479
      ], 
      "location": [
        -22.432959872930027, 
        21.441246600103582, 
        74.10873395543479
      ], 
      "pose_transform_permuted": [
        [
          0.3265798097752633, 
          -0.4420097687688263, 
          -0.8354476846100264, 
          0.0
        ], 
        [
          0.9437935073671954, 
          0.10482417128470763, 
          0.31347336430098055, 
          0.0
        ], 
        [
          0.05098318615665586, 
          0.8908643133113128, 
          -0.4513994793945584, 
          0.0
        ], 
        [
          -22.432959872930027, 
          21.441246600103582, 
          74.10873395543479, 
          1.0
        ]
      ], 
      "projected_cuboid": [
        [
          353.0357368833224, 
          499.26285849313786
        ], 
        [
          273.1520500076266, 
          501.44029677888466
        ], 
        [
          290.2755855483027, 
          352.97123390779103
        ], 
        [
          360.5930620578907, 
          356.80308152796124
        ], 
        [
          347.6463628150634, 
          502.9713837389455
        ], 
        [
          273.0303153405062, 
          505.1568358978192
        ], 
        [
          289.11700106126807, 
          365.38817278852144
        ], 
        [
          355.32220963627424, 
          368.5398318519889
        ]
      ], 
      "projected_cuboid_centroid": [
        318.8141150682188, 
        427.58733478513483
      ], 
      "quaternion_xyzw": [
        0.9578759712625292, 
        0.014052180747651131, 
        0.16705011746787563, 
        0.23317456407895532
      ], 
      "visibility": 0.2764835703776361
    }, 
    {
      "bounding_box": {
        "bottom_right": [
          405, 
          284
        ], 
        "top_left": [
          321, 
          168
        ]
      }, 
      "class": "008_pudding_box", 
      "cuboid": [
        [
          -22.650084560286242, 
          13.639132290818143, 
          59.14854439230667
        ], 
        [
          -33.88992847078656, 
          13.960465135760375, 
          57.49475339794592
        ], 
        [
          -34.66130001101803, 
          5.792693879849309, 
          61.15035312437171
        ], 
        [
          -23.421456100517705, 
          5.471361034907077, 
          62.80414411873247
        ], 
        [
          -23.114878454638134, 
          15.235702164314691, 
          62.61770821432617
        ], 
        [
          -34.35472236513845, 
          15.557035009256923, 
          60.963917219965424
        ], 
        [
          -35.12609390536991, 
          7.3892637533458565, 
          64.61951694639122
        ], 
        [
          -23.886249994869598, 
          7.067930908403625, 
          66.27330794075196
        ]
      ], 
      "cuboid_centroid": [
        -28.88808923282808, 
        10.514198022081999, 
        61.884030669348945
      ], 
      "location": [
        -28.88808923282808, 
        10.514198022081999, 
        61.884030669348945
      ], 
      "pose_transform_permuted": [
        [
          0.12081669101437639, 
          -0.41500607351579716, 
          -0.9017607560177245, 
          0.0
        ], 
        [
          0.9889527513014723, 
          -0.028272901618524686, 
          0.14551102016841547, 
          0.0
        ], 
        [
          0.08588257736065345, 
          0.9093792163234533, 
          -0.4070053274329255, 
          0.0
        ], 
        [
          -28.88808923282808, 
          10.514198022081999, 
          61.884030669348945, 
          1.0
        ]
      ], 
      "projected_cuboid": [
        [
          275.6680711447582, 
          396.26532677308904
        ], 
        [
          164.61537909383273, 
          402.78338781651996
        ], 
        [
          176.78116853843505, 
          323.80721247624865
        ], 
        [
          281.0495333816294, 
          319.74818517782063
        ], 
        [
          283.0853339413579, 
          403.0501233841506
        ], 
        [
          178.55332825942745, 
          409.3813265853182
        ], 
        [
          189.2774993793139, 
          334.2718138098728
        ], 
        [
          287.775964237371, 
          330.1641269094266
        ]
      ], 
      "projected_cuboid_centroid": [
        230.5634055644458, 
        363.8984074066277
      ], 
      "quaternion_xyzw": [
        0.9746913259646166, 
        -0.02927990532443761, 
        0.06831078313927155, 
        0.21083890331516184
      ], 
      "visibility": 0.7486039886039886
    }, 
    {
      "bounding_box": {
        "bottom_right": [
          537, 
          284
        ], 
        "top_left": [
          343, 
          124
        ]
      }, 
      "class": "019_pitcher_base", 
      "cuboid": [
        [
          -45.288912152579684, 
          35.93701291653109, 
          70.72526063522696
        ], 
        [
          -26.906464497093673, 
          36.39984736049339, 
          74.92513877331245
        ], 
        [
          -28.73899862333972, 
          14.593901723149717, 
          85.34901392810409
        ], 
        [
          -47.121446278825736, 
          14.131067279187414, 
          81.14913579001858
        ], 
        [
          -42.48210195793591, 
          30.13417705279897, 
          59.07961579424963
        ], 
        [
          -24.099654302449895, 
          30.597011496761272, 
          63.27949393233513
        ], 
        [
          -25.932188428695945, 
          8.791065859417602, 
          73.70336908712675
        ], 
        [
          -44.314636084181956, 
          8.328231415455303, 
          69.50349094904125
        ]
      ], 
      "cuboid_centroid": [
        -35.61055029063782, 
        22.364039387974344, 
        72.21431486117686
      ], 
      "location": [
        -35.61055029063782, 
        22.364039387974344, 
        72.21431486117686
      ], 
      "pose_transform_permuted": [
        [
          -0.2108702940092461, 
          0.4359559855552989, 
          0.874915074852724, 
          0.0
        ], 
        [
          -0.9745861156444245, 
          -0.024538191615252468, 
          -0.22266582761382891, 
          0.0
        ], 
        [
          0.0756036446146216, 
          0.899633431563247, 
          -0.4300509013299736, 
          0.0
        ], 
        [
          -35.61055029063782, 
          22.364039387974344, 
          72.21431486117686, 
          1.0
        ]
      ], 
      "projected_cuboid": [
        [
          137.23994487261072, 
          544.2775895084229
        ], 
        [
          288.4799299091452, 
          532.3818394999992
        ], 
        [
          300.5194132893104, 
          364.4793148585911
        ], 
        [
          169.32980919196177, 
          366.1572116827641
        ], 
        [
          94.90962152688795, 
          545.3117793264963
        ], 
        [
          276.79254048387145, 
          531.1581548939267
        ], 
        [
          292.38729466120986, 
          336.89892962437824
        ], 
        [
          138.72484176071524, 
          337.1913699027551
        ]
      ], 
      "projected_cuboid_centroid": [
        216.41318362964128, 
        438.4501926854381
      ], 
      "quaternion_xyzw": [
        -0.11195146339057833, 
        0.22362782120705554, 
        0.9681341102941778, 
        0.013186564871640657
      ], 
      "visibility": 0.1240277677127713
    }, 
    {
      "bounding_box": {
        "bottom_right": [
          513, 
          353
        ], 
        "top_left": [
          318, 
          151
        ]
      }, 
      "class": "035_power_drill", 
      "cuboid": [
        [
          -12.155211974325567, 
          21.669866607170217, 
          48.5754303601786
        ], 
        [
          -30.52961976987551, 
          21.540382152952418, 
          47.07412395246614
        ], 
        [
          -30.994518275601557, 
          4.296560984287287, 
          54.25127111629868
        ], 
        [
          -12.620110480051617, 
          4.426045438505084, 
          55.75257752401114
        ], 
        [
          -12.600484051020452, 
          23.87108701610378, 
          53.835244069128365
        ], 
        [
          -30.974891846570397, 
          23.741602561885983, 
          52.33393766141591
        ], 
        [
          -31.43979035229645, 
          6.49778139322085, 
          59.51108482524844
        ], 
        [
          -13.065382556746503, 
          6.627265847438648, 
          61.01239123296091
        ]
      ], 
      "cuboid_centroid": [
        -21.797501163311004, 
        14.083824000195532, 
        54.04325759271352
      ], 
      "location": [
        -21.797501163311004, 
        14.083824000195532, 
        54.04325759271352
      ], 
      "pose_transform_permuted": [
        [
          0.07785565572818505, 
          -0.38488256351457467, 
          -0.9196764557032547, 
          0.0
        ], 
        [
          0.9966537277117641, 
          0.007023418953842231, 
          0.08143297157291607, 
          0.0
        ], 
        [
          0.024882705627554437, 
          0.9229389226880538, 
          -0.38414156622073137, 
          0.0
        ], 
        [
          -21.797501163311004, 
          14.083824000195532, 
          54.04325759271352, 
          1.0
        ]
      ], 
      "projected_cuboid": [
        [
          347.0303636649196, 
          511.2044347580032
        ], 
        [
          132.83368038503176, 
          517.325229869995
        ], 
        [
          174.3648819871849, 
          315.5240757581508
        ], 
        [
          359.86922048174034, 
          315.6253286381269
        ], 
        [
          355.7299527383276, 
          509.7657886545293
        ], 
        [
          163.31063708785402, 
          515.2301437547726
        ], 
        [
          197.4955772635544, 
          331.5176066024449
        ], 
        [
          366.4386156140385, 
          331.21658445060103
        ]
      ], 
      "projected_cuboid_centroid": [
        264.6983785639986, 
        412.27111218764963
      ], 
      "quaternion_xyzw": [
        0.9797026469933457, 
        -0.0045573232675550565, 
        0.04064718713120488, 
        0.19623916810253586
      ], 
      "visibility": 0.9229805232102762
    }, 
    {
      "bounding_box": {
        "bottom_right": [
          347, 
          207
        ], 
        "top_left": [
          286, 
          104
        ]
      }, 
      "class": "061_foam_brick", 
      "cuboid": [
        [
          -37.66514676054123, 
          1.122849612622307, 
          55.27683768820726
        ], 
        [
          -29.960819308569075, 
          1.3295805602391657, 
          56.39227302369254
        ], 
        [
          -29.73862316401943, 
          5.859552781767601, 
          54.0179916808313
        ], 
        [
          -37.44295061599157, 
          5.652821834150742, 
          52.90255634534602
        ], 
        [
          -38.39604055232404, 
          3.567203440337627, 
          59.872103194265414
        ], 
        [
          -30.691713100351897, 
          3.7739343879544855, 
          60.987538529750694
        ], 
        [
          -30.469516955802245, 
          8.303906609482919, 
          58.613257186889456
        ], 
        [
          -38.173844407774396, 
          8.09717566186606, 
          57.497821851404176
        ]
      ], 
      "cuboid_centroid": [
        -34.067331858171734, 
        4.713378111052614, 
        56.945047437548354
      ], 
      "location": [
        -34.067331858171734, 
        4.713378111052614, 
        56.945047437548354
      ], 
      "pose_transform_permuted": [
        [
          0.13905893948776116, 
          -0.46505970475659014, 
          -0.8742894728636805, 
          0.0
        ], 
        [
          -0.9893324704878113, 
          -0.026546851805957283, 
          -0.1432359155298582, 
          0.0
        ], 
        [
          -0.04340361951523514, 
          -0.8848811986198519, 
          0.4637902436900446, 
          0.0
        ], 
        [
          -34.067331858171734, 
          4.713378111052614, 
          56.945047437548354, 
          1.0
        ]
      ], 
      "projected_cuboid": [
        [
          115.16943862292642, 
          284.119966817314
        ], 
        [
          195.886816524088, 
          285.86080236480734
        ], 
        [
          185.5408667146796, 
          331.1378973138215
        ], 
        [
          100.98272919000219, 
          330.2735872395046
        ], 
        [
          136.7284585986265, 
          305.0619283617378
        ], 
        [
          210.96966965309153, 
          306.2885768113399
        ], 
        [
          202.0458097780835, 
          348.84343797661484
        ], 
        [
          124.56580628044004, 
          348.39168474699903
        ]
      ], 
      "projected_cuboid_centroid": [
        159.8801493442178, 
        317.4297420462206
      ], 
      "quaternion_xyzw": [
        0.0043532676237921135, 
        0.9680525737235741, 
        -0.2398759048989075, 
        0.07290276961192922
      ], 
      "visibility": 1.0
    }
  ]
}