{
  "camera_data": {
    "location_worldframe": [
      -15.962728290007517, 
      10.001758105715306, 
      76.16239031046807
    ], 
    "quaternion_xyzw_worldframe": [
      0.8693198030128242, 
      0.012368795098833093, 
      0.0003239123855984622, 
      -0.49409642795292136
    ]
  }, 
  "objects": [
    {
      "bounding_box": {
        "bottom_right": [
          537, 
          317
        ], 
        "top_left": [
          355, 
          143
        ]
      }, 
      "class": "003_cracker_box", 
      "cuboid": [
        [
          -22.144811202581028, 
          29.267143760518554, 
          59.7800371045771
        ], 
        [
          -38.543053014457406, 
          29.682711596521166, 
          59.72449846878555
        ], 
        [
          -39.057351235267035, 
          10.687587069817535, 
          69.44428697993585
        ], 
        [
          -22.659109423390657, 
          10.272019233814921, 
          69.4998256157274
        ], 
        [
          -22.083610927215013, 
          32.53638864053107, 
          66.1722738004254
        ], 
        [
          -38.481852739091394, 
          32.95195647653368, 
          66.11673516463385
        ], 
        [
          -38.99615095990102, 
          13.95683194983005, 
          75.83652367578416
        ], 
        [
          -22.59790914802464, 
          13.54126411382744, 
          75.89206231157571
        ]
      ], 
      "cuboid_centroid": [
        -30.570481081241024, 
        21.611987855174302, 
        67.80828039018063
      ], 
      "location": [
        -30.570481081241024, 
        21.611987855174302, 
        67.80828039018063
      ], 
      "pose_transform_permuted": [
        [
          -0.008523715435822532, 
          -0.45532659584603163, 
          -0.8902836836595589, 
          0.0
        ], 
        [
          0.9996733106972658, 
          -0.02533394001637146, 
          0.003385758824042906, 
          0.0
        ], 
        [
          0.024096019479092567, 
          0.8899639782589581, 
          -0.455393784813486, 
          0.0
        ], 
        [
          -30.570481081241024, 
          21.611987855174302, 
          67.80828039018063, 
          1.0
        ]
      ], 
      "projected_cuboid": [
        [
          282.3887175657404, 
          534.3894356538531
        ], 
        [
          134.5524294611001, 
          538.3431191483677
        ], 
        [
          179.14399427354428, 
          355.3652766230639
        ], 
        [
          306.2692374715862, 
          352.11075038153746
        ], 
        [
          302.1295873562394, 
          535.515599053096
        ], 
        [
          168.60285226298348, 
          539.0879821843098
        ], 
        [
          205.07164567964887, 
          371.43781703656816
        ], 
        [
          321.4704096368787, 
          368.4456509746699
        ]
      ], 
      "projected_cuboid_centroid": [
        239.15315755085336, 
        443.2671994596242
      ], 
      "quaternion_xyzw": [
        0.972100942882963, 
        -0.012712146783046375, 
        -0.0013213536745839303, 
        0.23421445769782692
      ], 
      "visibility": 0.23476723176873102
    }, 
    {
      "bounding_box": {
        "bottom_right": [
          527, 
          366
        ], 
        "top_left": [
          385, 
          289
        ]
      }, 
      "class": "006_mustard_bottle", 
      "cuboid": [
        [
          -16.93942322142248, 
          33.76463381504876, 
          70.94747164608826
        ], 
        [
          -26.224171869078873, 
          32.46785534314141, 
          68.86952170567919
        ], 
        [
          -26.04315462614534, 
          15.886647271807739, 
          78.40846856774372
        ], 
        [
          -16.758405978488955, 
          17.18342574371509, 
          80.48641850815281
        ], 
        [
          -18.42422193374988, 
          36.561126250619594, 
          75.83669031851868
        ], 
        [
          -27.708970581406266, 
          35.26434777871224, 
          73.7587403781096
        ], 
        [
          -27.527953338472745, 
          18.68313970737857, 
          83.29768724017413
        ], 
        [
          -18.243204690816352, 
          19.979918179285924, 
          85.37563718058321
        ]
      ], 
      "cuboid_centroid": [
        -22.23368827994761, 
        26.223886761213667, 
        77.1225794431312
      ], 
      "location": [
        -22.23368827994761, 
        26.223886761213667, 
        77.1225794431312
      ], 
      "pose_transform_permuted": [
        [
          0.2549054359757845, 
          -0.480092767843797, 
          -0.8393652330983518, 
          0.0
        ], 
        [
          0.9669196050833377, 
          0.1350473314378555, 
          0.21639902295798286, 
          0.0
        ], 
        [
          -0.009462430440280431, 
          0.8667601243293045, 
          -0.4986354873881438, 
          0.0
        ], 
        [
          -22.23368827994761, 
          26.223886761213667, 
          77.1225794431312, 
          1.0
        ]
      ], 
      "projected_cuboid": [
        [
          353.20049513376694, 
          527.0988305744019
        ], 
        [
          276.8270100204955, 
          524.7147844569339
        ], 
        [
          302.98024716331395, 
          381.34450998056013
        ], 
        [
          369.62702622804505, 
          387.1474554499169
        ], 
        [
          350.9494423311748, 
          530.4017223381373
        ], 
        [
          279.57508128872087, 
          528.2687565189792
        ], 
        [
          303.87853596711545, 
          392.9067172588951
        ], 
        [
          366.68678115204915, 
          398.0959331093671
        ]
      ], 
      "projected_cuboid_centroid": [
        326.5649419766929, 
        454.6304771702249
      ], 
      "quaternion_xyzw": [
        0.9582594850184101, 
        0.037701103964381734, 
        0.12295846435705061, 
        0.2553400906887808
      ], 
      "visibility": 0.47622810483339917
    }, 
    {
      "bounding_box": {
        "bottom_right": [
          428, 
          292
        ], 
        "top_left": [
          351, 
          181
        ]
      }, 
      "class": "008_pudding_box", 
      "cuboid": [
        [
          -23.708197905479764, 
          17.649516291896035, 
          62.66459343226235
        ], 
        [
          -35.05811859310971, 
          17.71709479269478, 
          62.07543800844131
        ], 
        [
          -35.31949159016081, 
          9.740611075303956, 
          66.19591156914062
        ], 
        [
          -23.969570902530858, 
          9.673032574505209, 
          66.78506699296166
        ], 
        [
          -23.87480626932624, 
          19.41782447067156, 
          66.077142946506
        ], 
        [
          -35.22472695695619, 
          19.48540297147031, 
          65.48798752268496
        ], 
        [
          -35.48609995400728, 
          11.508919254079487, 
          69.60846108338427
        ], 
        [
          -24.136179266377333, 
          11.441340753280741, 
          70.19761650720531
        ]
      ], 
      "cuboid_centroid": [
        -29.597148929743522, 
        14.579217772987759, 
        66.1365272578233
      ], 
      "location": [
        -29.597148929743522, 
        14.579217772987759, 
        66.1365272578233
      ], 
      "pose_transform_permuted": [
        [
          0.04330752073092142, 
          -0.4596470509820689, 
          -0.8870446562309857, 
          0.0
        ], 
        [
          0.9986380042697143, 
          -0.005945985088931314, 
          0.051837630662085174, 
          0.0
        ], 
        [
          0.029100615550958546, 
          0.8880817403753983, 
          -0.4587632170524446, 
          0.0
        ], 
        [
          -29.597148929743522, 
          14.579217772987759, 
          66.1365272578233, 
          1.0
        ]
      ], 
      "projected_cuboid": [
        [
          278.1422142493337, 
          423.4962841300508
        ], 
        [
          177.88604720187385, 
          425.5025176505396
        ], 
        [
          194.6676915131433, 
          351.7635694985161
        ], 
        [
          288.5902588289848, 
          350.5316158546027
        ], 
        [
          287.29369622949866, 
          430.01102077532425
        ], 
        [
          192.34416315490247, 
          431.97131947768423
        ], 
        [
          207.4472403085868, 
          361.46449686467196
        ], 
        [
          296.69664964158795, 
          360.21101469543316
        ]
      ], 
      "projected_cuboid_centroid": [
        240.9391091999735, 
        390.85216575230424
      ], 
      "quaternion_xyzw": [
        0.9713089622869876, 
        -0.009020456415168654, 
        0.024488899795844402, 
        0.2363846890365549
      ], 
      "visibility": 0.7086945101129498
    }, 
    {
      "bounding_box": {
        "bottom_right": [
          539, 
          290
        ], 
        "top_left": [
          370, 
          143
        ]
      }, 
      "class": "019_pitcher_base", 
      "cuboid": [
        [
          -45.588668092980114, 
          40.18219662695529, 
          75.20471770463672
        ], 
        [
          -26.904541277856232, 
          41.136586245021505, 
          77.6047426039379
        ], 
        [
          -27.31383944953337, 
          19.879363772414184, 
          89.24422659001158
        ], 
        [
          -45.99796626465725, 
          18.92497415434797, 
          86.84420169071039
        ], 
        [
          -43.779904391790964, 
          33.82202252277502, 
          63.65271828764708
        ], 
        [
          -25.09577757666708, 
          34.77641214084123, 
          66.05274318694826
        ], 
        [
          -25.505075748344215, 
          13.519189668233908, 
          77.69222717302195
        ], 
        [
          -44.1892025634681, 
          12.564800050167696, 
          75.29220227372076
        ]
      ], 
      "cuboid_centroid": [
        -35.54687192066216, 
        26.8506931475946, 
        76.44847243882933
      ], 
      "location": [
        -35.54687192066216, 
        26.8506931475946, 
        76.44847243882933
      ], 
      "pose_transform_permuted": [
        [
          -0.1358889654137856, 
          0.47782774405545475, 
          0.8678796728413632, 
          0.0
        ], 
        [
          -0.9905803034627484, 
          -0.05059907625549137, 
          -0.12724262774450396, 
          0.0
        ], 
        [
          0.016886143111715157, 
          0.8769951240172258, 
          -0.4802024683618584, 
          0.0
        ], 
        [
          -35.54687192066216, 
          26.8506931475946, 
          76.44847243882933, 
          1.0
        ]
      ], 
      "projected_cuboid": [
        [
          155.60760900117776, 
          558.2414319038352
        ], 
        [
          295.161372906937, 
          555.9876499643192
        ], 
        [
          317.0105114517331, 
          392.0847438252417
        ], 
        [
          196.76456826479279, 
          389.5068397520392
        ], 
        [
          111.72665477067625, 
          556.6671608220473
        ], 
        [
          277.2814641920697, 
          554.076414862827
        ], 
        [
          305.0580186914219, 
          366.08923988644386
        ], 
        [
          165.98187392968703, 
          362.2871744752769
        ]
      ], 
      "projected_cuboid_centroid": [
        231.54853241234443, 
        460.6022556210481
      ], 
      "quaternion_xyzw": [
        -0.06807242768617286, 
        0.24784345191386936, 
        0.9663662737701136, 
        -0.008721572259618223
      ], 
      "visibility": 0.029285828847436853
    }, 
    {
      "bounding_box": {
        "bottom_right": [
          534, 
          341
        ], 
        "top_left": [
          349, 
          155
        ]
      }, 
      "class": "035_power_drill", 
      "cuboid": [
        [
          -14.419113142911783, 
          25.272720333002813, 
          50.74721154679436
        ], 
        [
          -32.84703270973818, 
          24.79209064630673, 
          51.01239927979201
        ], 
        [
          -32.29167551890568, 
          7.941202275437938, 
          59.06324271585191
        ], 
        [
          -13.863755952079277, 
          8.421831962134018, 
          58.79805498285427
        ], 
        [
          -14.409164305429572, 
          27.738501234411032, 
          55.90755110255316
        ], 
        [
          -32.837083872255974, 
          27.257871547714952, 
          56.1727388355508
        ], 
        [
          -32.281726681423464, 
          10.40698317684616, 
          64.22358227161071
        ], 
        [
          -13.853807114597071, 
          10.887612863542238, 
          63.958394538613064
        ]
      ], 
      "cuboid_centroid": [
        -23.350419912167624, 
        17.839851754924485, 
        57.485396909202535
      ], 
      "location": [
        -23.350419912167624, 
        17.839851754924485, 
        57.485396909202535
      ], 
      "pose_transform_permuted": [
        [
          -0.0017395505050750782, 
          -0.43114086647009575, 
          -0.9022834372993733, 
          0.0
        ], 
        [
          0.9995562814654722, 
          0.02607003035007189, 
          -0.01438415570049312, 
          0.0
        ], 
        [
          -0.029724314721230216, 
          0.9019080288078763, 
          -0.43090430450007516, 
          0.0
        ], 
        [
          -23.350419912167624, 
          17.839851754924485, 
          57.485396909202535, 
          1.0
        ]
      ], 
      "projected_cuboid": [
        [
          328.798915650211, 
          538.8860904055015
        ], 
        [
          135.32924924919558, 
          532.4805307381598
        ], 
        [
          187.58508514663708, 
          344.9927039938481
        ], 
        [
          354.79986288485696, 
          349.6755939271207
        ], 
        [
          342.9980795647052, 
          537.8927606541505
        ], 
        [
          167.2345772015771, 
          532.0803406927182
        ], 
        [
          211.2921370375116, 
          359.7072534512127
        ], 
        [
          365.1138610772711, 
          364.0733251733431
        ]
      ], 
      "projected_cuboid_centroid": [
        263.15871249022786, 
        438.79539437498397
      ], 
      "quaternion_xyzw": [
        0.9751599545167859, 
        0.014303895687284827, 
        -0.004133605500022264, 
        0.22100096680993572
      ], 
      "visibility": 0.830949437871564
    }, 
    {
      "bounding_box": {
        "bottom_right": [
          374, 
          221
        ], 
        "top_left": [
          317, 
          126
        ]
      }, 
      "class": "061_foam_brick", 
      "cuboid": [
        [
          -38.771651596714534, 
          4.72657150765705, 
          60.8789153177572
        ], 
        [
          -31.00201660697327, 
          5.1056715043745395, 
          61.243127451328284
        ], 
        [
          -31.094466889113615, 
          9.508403304649859, 
          58.63264148321669
        ], 
        [
          -38.86410187885488, 
          9.129303307932368, 
          58.26842934964559
        ], 
        [
          -39.1135383151342, 
          7.396211603400592, 
          65.39352179806838
        ], 
        [
          -31.343903325392937, 
          7.775311600118082, 
          65.75773393163948
        ], 
        [
          -31.43635360753328, 
          12.1780434003934, 
          63.14724796352786
        ], 
        [
          -39.20598859727454, 
          11.79894340367591, 
          62.78303582995678
        ]
      ], 
      "cuboid_centroid": [
        -35.104002602123906, 
        8.452307454025226, 
        62.01308164064253
      ], 
      "location": [
        -35.104002602123906, 
        8.452307454025226, 
        62.01308164064253
      ], 
      "pose_transform_permuted": [
        [
          0.06504693981928977, 
          -0.5079223885902342, 
          -0.8589433874179003, 
          0.0
        ], 
        [
          -0.997718779102726, 
          -0.04868120399249498, 
          -0.046769415258340996, 
          0.0
        ], 
        [
          0.018059165149910572, 
          -0.8600261551526399, 
          0.509930268769619, 
          0.0
        ], 
        [
          -35.104002602123906, 
          8.452307454025226, 
          62.01308164064253, 
          1.0
        ]
      ], 
      "projected_cuboid": [
        [
          139.1139773440881, 
          314.692879292464
        ], 
        [
          209.37437726089323, 
          317.7479283747628
        ], 
        [
          196.4063455772664, 
          359.77450029694097
        ], 
        [
          122.9171491288865, 
          356.84527277439673
        ], 
        [
          159.9466527021002, 
          333.60664891767954
        ], 
        [
          225.26792910453, 
          336.3471955447206
        ], 
        [
          213.88405915673724, 
          376.1380357044895
        ], 
        [
          145.780718830181, 
          373.51437014538845
        ]
      ], 
      "projected_cuboid_centroid": [
        177.1827587331281, 
        345.9773472261214
      ], 
      "quaternion_xyzw": [
        -0.01730934113805716, 
        0.9639357242152179, 
        -0.2639835395115508, 
        0.028999951000017492
      ], 
      "visibility": 0.9926803013993541
    }
  ]
}