{
  "camera_data": {
    "location_worldframe": [
      -11.950935806295316, 
      -2.2615080420641434, 
      71.24572249562378
    ], 
    "quaternion_xyzw_worldframe": [
      -0.8315723938299366, 
      -0.0801012668370595, 
      -0.15077132473766702, 
      0.5285276209100933
    ]
  }, 
  "objects": [
    {
      "bounding_box": {
        "bottom_right": [
          482, 
          359
        ], 
        "top_left": [
          269, 
          191
        ]
      }, 
      "class": "003_cracker_box", 
      "cuboid": [
        [
          -12.23532611554943, 
          18.728823642038456, 
          55.84840481950069
        ], 
        [
          -27.72242933381169, 
          19.902141700039547, 
          50.570993112156316
        ], 
        [
          -31.60769106627918, 
          0.11793674497324463, 
          57.57410118732903
        ], 
        [
          -16.120587848016925, 
          -1.0553813130278478, 
          62.85151289467342
        ], 
        [
          -14.208007010769485, 
          21.373528618422537, 
          62.22543102365462
        ], 
        [
          -29.69511022903174, 
          22.54684667642363, 
          56.94801931631023
        ], 
        [
          -33.58037196149923, 
          2.7626417213573298, 
          63.951127391482956
        ], 
        [
          -18.09326874323698, 
          1.5893236633562373, 
          69.22853909882734
        ]
      ], 
      "cuboid_centroid": [
        -22.907849038524333, 
        10.745732681697891, 
        59.89976610549183
      ], 
      "location": [
        -22.907849038524333, 
        10.745732681697891, 
        59.89976610549183
      ], 
      "pose_transform_permuted": [
        [
          0.27474664935702553, 
          -0.3683433202805581, 
          -0.888165230726683, 
          0.0
        ], 
        [
          0.9441282745384134, 
          -0.07152807971726236, 
          0.3217227611299506, 
          0.0
        ], 
        [
          0.18203318346995384, 
          0.9269341574333397, 
          -0.3281112431769736, 
          0.0
        ], 
        [
          -22.907849038524333, 
          10.745732681697891, 
          59.89976610549183, 
          1.0
        ]
      ], 
      "projected_cuboid": [
        [
          363.7831735675514, 
          452.1358435317014
        ], 
        [
          186.80109881758034, 
          483.17369388794447
        ], 
        [
          186.36920463148596, 
          274.3790079353307
        ], 
        [
          343.66765910836153, 
          264.3312162074971
        ], 
        [
          358.80876840920735, 
          456.4740416459807
        ], 
        [
          201.1841244805512, 
          484.43830437570625
        ], 
        [
          199.22025288264547, 
          296.3255521690371
        ], 
        [
          341.04941315651206, 
          285.5302953205172
        ]
      ], 
      "projected_cuboid_centroid": [
        275.93655087706605, 
        368.9615305111013
      ], 
      "quaternion_xyzw": [
        0.9694363907315472, 
        -0.0653888345876608, 
        0.15381860434310543, 
        0.179602955417214
      ], 
      "visibility": 0.49057561718601256
    }, 
    {
      "bounding_box": {
        "bottom_right": [
          451, 
          383
        ], 
        "top_left": [
          305, 
          306
        ]
      }, 
      "class": "006_mustard_bottle", 
      "cuboid": [
        [
          -10.875019097407398, 
          21.907272058904546, 
          68.50071390083193
        ], 
        [
          -19.000090659212724, 
          21.241248280489096, 
          63.42669259102909
        ], 
        [
          -22.137649405828025, 
          3.842680288345536, 
          70.73465349121776
        ], 
        [
          -14.012577844022701, 
          4.508704066760992, 
          75.80867480102059
        ], 
        [
          -13.828708994317473, 
          24.294937236182857, 
          72.91707296450417
        ], 
        [
          -21.953780556122798, 
          23.628913457767396, 
          67.84305165470134
        ], 
        [
          -25.091339302738103, 
          6.2303454656238415, 
          75.15101255489
        ], 
        [
          -16.966267740932775, 
          6.896369244039298, 
          80.22503386469285
        ]
      ], 
      "cuboid_centroid": [
        -17.983179200072748, 
        14.068808762264196, 
        71.82586322786096
      ], 
      "location": [
        -17.983179200072748, 
        14.068808762264196, 
        71.82586322786096
      ], 
      "pose_transform_permuted": [
        [
          0.5070799190881279, 
          -0.40990662769656455, 
          -0.7581862263244964, 
          0.0
        ], 
        [
          0.8461500988287615, 
          0.06936013814053413, 
          0.528411793064251, 
          0.0
        ], 
        [
          0.16401162072191752, 
          0.9094865037061953, 
          -0.38201372729844457, 
          0.0
        ], 
        [
          -17.983179200072748, 
          14.068808762264196, 
          71.82586322786096, 
          1.0
        ]
      ], 
      "projected_cuboid": [
        [
          396.2228645068883, 
          443.84793125079733
        ], 
        [
          320.50455939460534, 
          451.8923144489205
        ], 
        [
          313.2943956299067, 
          302.2592769218312
        ], 
        [
          382.19604169945814, 
          305.00560152974896
        ], 
        [
          379.6102255884811, 
          450.98107882343515
        ], 
        [
          307.5784636531979, 
          459.03529144586327
        ], 
        [
          302.0489967955547, 
          317.5010486550181
        ], 
        [
          367.86887394724624, 
          319.13218731863077
        ]
      ], 
      "projected_cuboid_centroid": [
        346.95606006720465, 
        377.74990100433655
      ], 
      "quaternion_xyzw": [
        0.9372596797125455, 
        -0.025246867178371712, 
        0.2762019252951223, 
        0.21123290912233858
      ], 
      "visibility": 0.07634854771784233
    }, 
    {
      "bounding_box": {
        "bottom_right": [
          355, 
          338
        ], 
        "top_left": [
          263, 
          222
        ]
      }, 
      "class": "008_pudding_box", 
      "cuboid": [
        [
          -14.800434226409005, 
          6.975073700617135, 
          56.85001940152908
        ], 
        [
          -25.343984255821177, 
          7.620328740510156, 
          52.65602735415303
        ], 
        [
          -27.031041143015077, 
          -0.6890989192104395, 
          55.61882362272305
        ], 
        [
          -16.4874911136029, 
          -1.3343539591034599, 
          59.8128156700991
        ], 
        [
          -16.041758122591336, 
          8.41900554981423, 
          60.19282393497603
        ], 
        [
          -26.585308152003506, 
          9.06426058970725, 
          55.998831887599984
        ], 
        [
          -28.272365039197407, 
          0.7548329299866534, 
          58.96162815617
        ], 
        [
          -17.728815009785233, 
          0.10957789009363311, 
          63.15562020354605
        ]
      ], 
      "cuboid_centroid": [
        -21.536399632803203, 
        3.8649533153018947, 
        57.90582377884954
      ], 
      "location": [
        -21.536399632803203, 
        3.8649533153018947, 
        57.90582377884954
      ], 
      "pose_transform_permuted": [
        [
          0.3226648358256613, 
          -0.37532994772557654, 
          -0.8689154211073914, 
          0.0
        ], 
        [
          0.9276883996877278, 
          -0.05677363067268247, 
          0.36901401898600006, 
          0.0
        ], 
        [
          0.18783269289761031, 
          0.9251508859071579, 
          -0.3298703237910049, 
          0.0
        ], 
        [
          -21.536399632803203, 
          3.8649533153018947, 
          57.90582377884954, 
          1.0
        ]
      ], 
      "projected_cuboid": [
        [
          341.5946371086844, 
          338.7208762237384
        ], 
        [
          222.76472860500982, 
          350.46802606031963
        ], 
        [
          220.24092482376025, 
          266.6788838740792
        ], 
        [
          333.36162213756245, 
          261.3888018641975
        ], 
        [
          338.2796479050919, 
          347.88048850605054
        ], 
        [
          226.29492001639093, 
          359.612404370226
        ], 
        [
          223.7368116325933, 
          280.11415106087856
        ], 
        [
          330.63791835388673, 
          274.2118718548287
        ]
      ], 
      "projected_cuboid_centroid": [
        281.59126587994916, 
        308.8832216408365
      ], 
      "quaternion_xyzw": [
        0.9645924925457222, 
        -0.0633962853382612, 
        0.17926711542876625, 
        0.18277155300458514
      ], 
      "visibility": 0.8309521326519971
    }, 
    {
      "bounding_box": {
        "bottom_right": [
          500, 
          321
        ], 
        "top_left": [
          293, 
          147
        ]
      }, 
      "class": "019_pitcher_base", 
      "cuboid": [
        [
          -39.270618016239816, 
          29.205981624179255, 
          63.9724108374303
        ], 
        [
          -22.3638973163285, 
          29.06844413194665, 
          72.33371770402658
        ], 
        [
          -26.801719812397796, 
          6.848518152687201, 
          80.9415769428233
        ], 
        [
          -43.7084405123091, 
          6.986055644919811, 
          72.58027007622701
        ], 
        [
          -33.89602449484441, 
          23.888657192061547, 
          53.01741486957471
        ], 
        [
          -16.989303794933104, 
          23.751119699828934, 
          61.378721736170995
        ], 
        [
          -21.42712629100239, 
          1.5311937205694903, 
          69.98658097496771
        ], 
        [
          -38.333846990913706, 
          1.6687312128020992, 
          61.62527410837142
        ]
      ], 
      "cuboid_centroid": [
        -30.348872153621105, 
        15.368587672374373, 
        66.979495906199
      ], 
      "location": [
        -30.348872153621105, 
        15.368587672374373, 
        66.979495906199
      ], 
      "pose_transform_permuted": [
        [
          -0.4037829555413433, 
          0.39948043814395273, 
          0.8230279429012107, 
          0.0
        ], 
        [
          -0.896347187491889, 
          0.007291854317912418, 
          -0.4432931747473363, 
          0.0
        ], 
        [
          0.18308829835704077, 
          0.916712743866017, 
          -0.35512873755634233, 
          0.0
        ], 
        [
          -30.348872153621105, 
          15.368587672374373, 
          66.979495906199, 
          1.0
        ]
      ], 
      "projected_cuboid": [
        [
          151.48092917611234, 
          516.7684037109319
        ], 
        [
          315.3329856731325, 
          487.6094153332863
        ], 
        [
          303.5303563522358, 
          318.4110461079724
        ], 
        [
          157.75111814800198, 
          324.6200516297871
        ], 
        [
          137.78433575858975, 
          513.5903839446974
        ], 
        [
          332.7468485314583, 
          479.6599667505784
        ], 
        [
          316.95497108585954, 
          284.95471187180544
        ], 
        [
          147.08231236783223, 
          287.7281294828579
        ]
      ], 
      "projected_cuboid_centroid": [
        237.93247883834186, 
        395.6578496861165
      ], 
      "quaternion_xyzw": [
        -0.22211365723761445, 
        0.19786769784521463, 
        0.9534264358432586, 
        0.04991999002696295
      ], 
      "visibility": 0.20399847192155865
    }, 
    {
      "bounding_box": {
        "bottom_right": [
          454, 
          449
        ], 
        "top_left": [
          254, 
          245
        ]
      }, 
      "class": "035_power_drill", 
      "cuboid": [
        [
          -2.05045955729901, 
          15.25393873268095, 
          49.41213403489408
        ], 
        [
          -19.573022888808023, 
          15.599116597881778, 
          43.691104798338785
        ], 
        [
          -21.877393851357148, 
          -1.9443619777438346, 
          49.69053597657268
        ], 
        [
          -4.354830519848137, 
          -2.2895398429446643, 
          55.41156521312798
        ], 
        [
          -3.682538936209788, 
          17.21830677429702, 
          54.529443275291555
        ], 
        [
          -21.2051022677188, 
          17.56348463949785, 
          48.80841403873626
        ], 
        [
          -23.509473230267925, 
          0.020006063872236857, 
          54.80784521697015
        ], 
        [
          -5.986909898758914, 
          -0.32517180132859286, 
          60.52887445352545
        ]
      ], 
      "cuboid_centroid": [
        -12.779966393783468, 
        7.636972398276594, 
        52.109989625932116
      ], 
      "location": [
        -12.779966393783468, 
        7.636972398276594, 
        52.109989625932116
      ], 
      "pose_transform_permuted": [
        [
          0.28536846772140473, 
          -0.3434690158581556, 
          -0.8947596027856223, 
          0.0
        ], 
        [
          0.9504484856183214, 
          -0.018722933000285, 
          0.310316674061286, 
          0.0
        ], 
        [
          0.12333656402755205, 
          0.9389774492797218, 
          -0.3211068181594315, 
          0.0
        ], 
        [
          -12.779966393783468, 
          7.636972398276594, 
          52.109989625932116, 
          1.0
        ]
      ], 
      "projected_cuboid": [
        [
          459.2814296115402, 
          437.92675046217164
        ], 
        [
          240.6860763858999, 
          463.69862300924893
        ], 
        [
          244.83417278770224, 
          252.4180506704299
        ], 
        [
          439.3338493578599, 
          251.25040833960938
        ], 
        [
          445.28023153970315, 
          441.6884075076173
        ], 
        [
          247.96233175947762, 
          465.19915164546103
        ], 
        [
          250.92664716899333, 
          273.4812113097334
        ], 
        [
          428.4068396412583, 
          270.4214510108073
        ]
      ], 
      "projected_cuboid_centroid": [
        349.7105320897742, 
        351.447116507276
      ], 
      "quaternion_xyzw": [
        0.9726491579294747, 
        -0.03651355061321544, 
        0.1531089439923935, 
        0.17081591769233156
      ], 
      "visibility": 0.9143454749515355
    }, 
    {
      "bounding_box": {
        "bottom_right": [
          291, 
          259
        ], 
        "top_left": [
          221, 
          165
        ]
      }, 
      "class": "061_foam_brick", 
      "cuboid": [
        [
          -28.63707583785385, 
          -5.014402745086905, 
          48.98249687487646
        ], 
        [
          -21.40124230396273, 
          -5.029400532193436, 
          51.86105264049262
        ], 
        [
          -20.584953841921383, 
          -0.4002558163006393, 
          49.83326475819553
        ], 
        [
          -27.8207873758125, 
          -0.385258029194108, 
          46.95470899257937
        ], 
        [
          -30.38988807815506, 
          -2.7701341596357456, 
          53.40023885553903
        ], 
        [
          -23.154054544263943, 
          -2.785131946742277, 
          56.27879462115519
        ], 
        [
          -22.337766082222597, 
          1.8440127691505197, 
          54.251006738858095
        ], 
        [
          -29.57359961611371, 
          1.859010556257051, 
          51.37245097324193
        ]
      ], 
      "cuboid_centroid": [
        -25.48742096003822, 
        -1.5851949879681926, 
        51.61675180686728
      ], 
      "location": [
        -25.48742096003822, 
        -1.5851949879681926, 
        51.61675180686728
      ], 
      "pose_transform_permuted": [
        [
          0.33348786649686146, 
          -0.4269917365932026, 
          -0.8405140687582171, 
          0.0
        ], 
        [
          -0.9291719635165021, 
          0.0019259043521256958, 
          -0.36964273712236667, 
          0.0
        ], 
        [
          -0.15945314394598814, 
          -0.9042534754003149, 
          0.3961064845621594, 
          0.0
        ], 
        [
          -25.48742096003822, 
          -1.5851949879681926, 
          51.61675180686728, 
          1.0
        ]
      ], 
      "projected_cuboid": [
        [
          167.19927510992093, 
          218.6899095430501
        ], 
        [
          259.6806701474072, 
          221.5660722588433
        ], 
        [
          259.4593556965102, 
          269.002968238472
        ], 
        [
          162.9704878789599, 
          268.91071165961506
        ], 
        [
          175.55745832902647, 
          245.6206168730722
        ], 
        [
          260.35179395639256, 
          246.89355250773994
        ], 
        [
          260.1735866662399, 
          291.41427754836235
        ], 
        [
          172.02223959347918, 
          292.58572881603607
        ]
      ], 
      "projected_cuboid_centroid": [
        216.0588974826667, 
        256.907833381978
      ], 
      "quaternion_xyzw": [
        0.04209700060990198, 
        0.9583761667105242, 
        -0.21471167839568606, 
        0.1834171768984546
      ], 
      "visibility": 0.9894026974951831
    }
  ]
}