{
  "camera_data": {
    "location_worldframe": [
      -9.567249306644284, 
      -0.07266611532027595, 
      81.75523291102976
    ], 
    "quaternion_xyzw_worldframe": [
      -0.8291055938325846, 
      -0.10953280749275869, 
      -0.2132848217454349, 
      0.5050727803683484
    ]
  }, 
  "objects": [
    {
      "bounding_box": {
        "bottom_right": [
          474, 
          417
        ], 
        "top_left": [
          284, 
          258
        ]
      }, 
      "class": "003_cracker_box", 
      "cuboid": [
        [
          -7.161713210793808, 
          20.33763876570579, 
          65.77447524518023
        ], 
        [
          -21.730362031185937, 
          21.645166113833948, 
          58.34999146048921
        ], 
        [
          -27.06710090412432, 
          2.2194805937911997, 
          65.40091391254221
        ], 
        [
          -12.498452083732193, 
          0.9119532456630386, 
          72.82539769723324
        ], 
        [
          -9.930375133976241, 
          23.256796588116075, 
          71.72135899197765
        ], 
        [
          -24.499023954368372, 
          24.564323936244236, 
          64.29687520728662
        ], 
        [
          -29.835762827306755, 
          5.138638416201487, 
          71.34779765933963
        ], 
        [
          -15.267114006914625, 
          3.8311110680733256, 
          78.77228144403065
        ]
      ], 
      "cuboid_centroid": [
        -18.498738019050283, 
        12.738138590953637, 
        68.56113645225993
      ], 
      "location": [
        -18.498738019050283, 
        12.738138590953637, 
        68.56113645225993
      ], 
      "pose_transform_permuted": [
        [
          0.38560751941174803, 
          -0.40656795156020914, 
          -0.8282568090497378, 
          0.0
        ], 
        [
          0.888137250672774, 
          -0.07970977668982974, 
          0.45261305269232277, 
          0.0
        ], 
        [
          0.25003812697371625, 
          0.9101367217425044, 
          -0.33035145344811623, 
          0.0
        ], 
        [
          -18.498738019050283, 
          12.738138590953637, 
          68.56113645225993, 
          1.0
        ]
      ], 
      "projected_cuboid": [
        [
          423.0437829518619, 
          438.190339779631
        ], 
        [
          281.3261435664066, 
          471.12360154496326
        ], 
        [
          259.0357612779353, 
          291.3855582293796
        ], 
        [
          389.304846588811, 
          279.96501197852353
        ], 
        [
          407.13949460402625, 
          446.2239339900293
        ], 
        [
          276.69296587541015, 
          477.0388192598588
        ], 
        [
          256.7183732001783, 
          311.6974853141182
        ], 
        [
          377.3712625338246, 
          299.22467917084555
        ]
      ], 
      "projected_cuboid_centroid": [
        336.50093743738444, 
        372.37326721664977
      ], 
      "quaternion_xyzw": [
        0.9521726184711752, 
        -0.08657776364988183, 
        0.22008104303869092, 
        0.19348366848427548
      ], 
      "visibility": 0.576336040134348
    }, 
    {
      "bounding_box": {
        "bottom_right": [
          445, 
          412
        ], 
        "top_left": [
          317, 
          340
        ]
      }, 
      "class": "006_mustard_bottle", 
      "cuboid": [
        [
          -7.487771837074635, 
          23.950236244603524, 
          78.3791090201437
        ], 
        [
          -14.84462589840585, 
          23.270881699483986, 
          72.24549315896479
        ], 
        [
          -19.420945700214993, 
          6.2239859228644026, 
          79.62257774822022
        ], 
        [
          -12.064091638883779, 
          6.903340467983939, 
          85.75619360939913
        ], 
        [
          -10.962222529760249, 
          26.561257134966677, 
          82.2572810997915
        ], 
        [
          -18.319076591091466, 
          25.881902589847144, 
          76.12366523861259
        ], 
        [
          -22.895396392900608, 
          8.835006813227558, 
          83.50074982786802
        ], 
        [
          -15.538542331569394, 
          9.514361358347093, 
          89.63436568904693
        ]
      ], 
      "cuboid_centroid": [
        -15.191584114987622, 
        16.39262152891554, 
        80.93992942400587
      ], 
      "location": [
        -15.191584114987622, 
        16.39262152891554, 
        80.93992942400587
      ], 
      "pose_transform_permuted": [
        [
          0.5964824465715902, 
          -0.4482516134167717, 
          -0.6657920272588165, 
          0.0
        ], 
        [
          0.7661474417440132, 
          0.07074841262874235, 
          0.6387586407867926, 
          0.0
        ], 
        [
          0.2392209001492682, 
          0.8911033164294071, 
          -0.3856270742314215, 
          0.0
        ], 
        [
          -15.191584114987622, 
          16.39262152891554, 
          80.93992942400587, 
          1.0
        ]
      ], 
      "projected_cuboid": [
        [
          430.22299356621244, 
          436.2525396431748
        ], 
        [
          371.10013265669494, 
          445.07326661080157
        ], 
        [
          350.42967808125775, 
          314.9753864452658
        ], 
        [
          405.94498943632885, 
          316.21855846782694
        ], 
        [
          409.9306007638252, 
          445.4979020616168
        ], 
        [
          352.1847477238791, 
          454.6141902644198
        ], 
        [
          334.14545484398013, 
          329.7157576071035
        ], 
        [
          388.37312657927134, 
          329.8964687235834
        ]
      ], 
      "projected_cuboid_centroid": [
        380.6643481484724, 
        381.2988150256336
      ], 
      "quaternion_xyzw": [
        0.9114607486656018, 
        -0.04620947412359041, 
        0.33880808613174035, 
        0.22872040536825355
      ], 
      "visibility": 0.01960479228255796
    }, 
    {
      "bounding_box": {
        "bottom_right": [
          360, 
          395
        ], 
        "top_left": [
          279, 
          293
        ]
      }, 
      "class": "008_pudding_box", 
      "cuboid": [
        [
          -10.148142183156573, 
          8.686022683722584, 
          66.80137035905625
        ], 
        [
          -19.98700060817204, 
          9.400642730001872, 
          61.15703216360444
        ], 
        [
          -22.286104889778173, 
          1.2437581397629995, 
          64.13197148830241
        ], 
        [
          -12.447246464762706, 
          0.5291380934837109, 
          69.7763096837542
        ], 
        [
          -11.803130337839107, 
          10.278178249058048, 
          69.88782807184357
        ], 
        [
          -21.641988762854574, 
          10.992798295337336, 
          64.24348987639176
        ], 
        [
          -23.94109304446071, 
          2.835913705098463, 
          67.21842920108972
        ], 
        [
          -14.102234619445241, 
          2.121293658819175, 
          72.86276739654154
        ]
      ], 
      "cuboid_centroid": [
        -17.04461761380864, 
        5.760968194410523, 
        67.00989978007298
      ], 
      "location": [
        -17.04461761380864, 
        5.760968194410523, 
        67.00989978007298
      ], 
      "pose_transform_permuted": [
        [
          0.4301910910330342, 
          -0.4138586356694294, 
          -0.8022816399830962, 
          0.0
        ], 
        [
          0.865685163118213, 
          -0.06287680385337573, 
          0.49662467131357063, 
          0.0
        ], 
        [
          0.2559765184829079, 
          0.9081671222053438, 
          -0.3312223012790399, 
          0.0
        ], 
        [
          -17.04461761380864, 
          5.760968194410523, 
          67.00989978007298, 
          1.0
        ]
      ], 
      "projected_cuboid": [
        [
          399.90255169508686, 
          342.63280995458234
        ], 
        [
          305.84802813148445, 
          355.26479436401195
        ], 
        [
          294.7220202123155, 
          283.6295939840893
        ], 
        [
          385.6664975390566, 
          277.3308863961869
        ], 
        [
          390.77583501510935, 
          351.72013494357606
        ], 
        [
          300.4381243858445, 
          364.54363836676475
        ], 
        [
          290.06241796806154, 
          295.7870387085176
        ], 
        [
          377.5154562286308, 
          288.8133631395851
        ]
      ], 
      "projected_cuboid_centroid": [
        344.81157799866094, 
        319.13703419451735
      ], 
      "quaternion_xyzw": [
        0.9455334374450559, 
        -0.08430514186728907, 
        0.24505102771694987, 
        0.19700015553171946
      ], 
      "visibility": 0.8279694039543946
    }, 
    {
      "bounding_box": {
        "bottom_right": [
          496, 
          365
        ], 
        "top_left": [
          308, 
          216
        ]
      }, 
      "class": "019_pitcher_base", 
      "cuboid": [
        [
          -34.77896436954138, 
          31.679934309029296, 
          69.68834854393646
        ], 
        [
          -19.20580690267992, 
          31.49061685142087, 
          80.32829681996448
        ], 
        [
          -25.376107094144768, 
          9.702263712465776, 
          88.97177313130588
        ], 
        [
          -40.949264561006224, 
          9.891581170074195, 
          78.33182485527787
        ], 
        [
          -28.07714451653232, 
          25.849581629880724, 
          59.77549176161017
        ], 
        [
          -12.503987049670862, 
          25.660264172272306, 
          70.41544003763818
        ], 
        [
          -18.67428724113571, 
          3.871911033317205, 
          79.0589163489796
        ], 
        [
          -34.24744470799717, 
          4.061228490925625, 
          68.41896807295159
        ]
      ], 
      "cuboid_centroid": [
        -26.726625805338543, 
        17.775922671173248, 
        74.37363244645803
      ], 
      "location": [
        -26.726625805338543, 
        17.775922671173248, 
        74.37363244645803
      ], 
      "pose_transform_permuted": [
        [
          -0.5034949372415183, 
          0.4380232713903509, 
          0.7447340144872129, 
          0.0
        ], 
        [
          -0.825645383487219, 
          0.010037083694847609, 
          -0.5641003883341439, 
          0.0
        ], 
        [
          0.2545639811885309, 
          0.8989076295293295, 
          -0.3565981674874503, 
          0.0
        ], 
        [
          -26.726625805338543, 
          17.775922671173248, 
          74.37363244645803, 
          1.0
        ]
      ], 
      "projected_cuboid": [
        [
          213.2182653809961, 
          515.7306439703816
        ], 
        [
          353.02230411520566, 
          482.3605918063629
        ], 
        [
          328.21856682669204, 
          331.4443902624312
        ], 
        [
          200.47198260694068, 
          340.6330342015099
        ], 
        [
          229.00394774820055, 
          503.91764939038177
        ], 
        [
          386.1038887592854, 
          467.6348426302853
        ], 
        [
          354.5733227564407, 
          299.4058686493308
        ], 
        [
          212.4166943391405, 
          304.94344171657804
        ]
      ], 
      "projected_cuboid_centroid": [
        288.34823610412633, 
        400.7543966516099
      ], 
      "quaternion_xyzw": [
        -0.28658704324745327, 
        0.2133094846085353, 
        0.9313011096718077, 
        0.07102994459456417
      ], 
      "visibility": 0.3377775359164127
    }, 
    {
      "bounding_box": {
        "bottom_right": [
          438, 
          502
        ], 
        "top_left": [
          270, 
          343
        ]
      }, 
      "class": "035_power_drill", 
      "cuboid": [
        [
          3.7232728794996257, 
          16.412106389057186, 
          60.943448521916444
        ], 
        [
          -12.820561159743315, 
          16.919221503946858, 
          52.82347693741405
        ], 
        [
          -16.39422862878096, 
          -0.33838268177655284, 
          59.02677760064837
        ], 
        [
          0.14960541046198095, 
          -0.8454977966662238, 
          67.14674918515077
        ], 
        [
          1.4488015203420967, 
          18.597896449283148, 
          65.7140229750442
        ], 
        [
          -15.095032518900844, 
          19.10501156417282, 
          57.5940513905418
        ], 
        [
          -18.66869998793849, 
          1.8474073784494116, 
          63.79735205377612
        ], 
        [
          -2.1248659486955477, 
          1.3402922635597405, 
          71.91732363827852
        ]
      ], 
      "cuboid_centroid": [
        -7.472713554219432, 
        9.129756883753299, 
        62.37040028784628
      ], 
      "location": [
        -7.472713554219432, 
        9.129756883753299, 
        62.37040028784628
      ], 
      "pose_transform_permuted": [
        [
          0.3976904647077755, 
          -0.3821845728261355, 
          -0.8341331551829929, 
          0.0
        ], 
        [
          0.8973608319419989, 
          -0.027506637234652846, 
          0.440438681815252, 
          0.0
        ], 
        [
          0.19127296506139027, 
          0.9236766294173647, 
          -0.3320184995677949, 
          0.0
        ], 
        [
          -7.472713554219432, 
          9.129756883753299, 
          62.37040028784628, 
          1.0
        ]
      ], 
      "projected_cuboid": [
        [
          514.451169621232, 
          416.9098141605762
        ], 
        [
          351.0786541912137, 
          444.107405580821
        ], 
        [
          332.2372935072792, 
          270.2291779470054
        ], 
        [
          482.7952269896034, 
          266.57108953512585
        ], 
        [
          493.4531888753016, 
          424.2226994451542
        ], 
        [
          340.65255937384933, 
          450.19850298269967
        ], 
        [
          324.23387470797536, 
          288.7301026640485
        ], 
        [
          465.70831808097677, 
          283.2257859284867
        ]
      ], 
      "projected_cuboid_centroid": [
        417.1665628663293, 
        351.35366779342735
      ], 
      "quaternion_xyzw": [
        0.9559250253736372, 
        -0.05721672633544924, 
        0.21919322234383193, 
        0.18678323441599762
      ], 
      "visibility": 0.9350518656138721
    }, 
    {
      "bounding_box": {
        "bottom_right": [
          305, 
          341
        ], 
        "top_left": [
          245, 
          261
        ]
      }, 
      "class": "061_foam_brick", 
      "cuboid": [
        [
          -23.068324663719306, 
          -3.2878608613873053, 
          57.48509303281668
        ], 
        [
          -16.30493913810543, 
          -3.3508344334365727, 
          61.34465851622325
        ], 
        [
          -15.094087873076587, 
          1.1820652414440664, 
          59.29675932413004
        ], 
        [
          -21.857473398690463, 
          1.2450388134933343, 
          55.437193840723474
        ], 
        [
          -25.357892976751366, 
          -0.8456158206051051, 
          61.53711136222183
        ], 
        [
          -18.59450745113749, 
          -0.908589392654373, 
          65.3966768456284
        ], 
        [
          -17.383656186108645, 
          3.624310282226266, 
          63.348777653535194
        ], 
        [
          -24.147041711722522, 
          3.6872838542755346, 
          59.489212170128624
        ]
      ], 
      "cuboid_centroid": [
        -20.225990424913974, 
        0.16822471041948067, 
        60.416935343175936
      ], 
      "location": [
        -20.225990424913974, 
        0.16822471041948067, 
        60.416935343175936
      ], 
      "pose_transform_permuted": [
        [
          0.4356104061554643, 
          -0.46465848958986944, 
          -0.7709319438842397, 
          0.0
        ], 
        [
          -0.8685037016701912, 
          0.008086598083911434, 
          -0.49561671391974316, 
          0.0
        ], 
        [
          -0.23652673048568285, 
          -0.8854530450472742, 
          0.4000350119455331, 
          0.0
        ], 
        [
          -20.225990424913974, 
          0.16822471041948067, 
          60.416935343175936, 
          1.0
        ]
      ], 
      "projected_cuboid": [
        [
          265.79651453531545, 
          242.78331546566437
        ], 
        [
          338.6635229169277, 
          244.15497760534637
        ], 
        [
          344.7083515317789, 
          283.91812306354797
        ], 
        [
          269.5704151504257, 
          285.2641208106079
        ], 
        [
          259.9980679616956, 
          265.95789568762586
        ], 
        [
          328.69240301370684, 
          265.87685694660235
        ], 
        [
          334.0282423409477, 
          303.7988181010492
        ], 
        [
          263.31530513265733, 
          306.34296311229895
        ]
      ], 
      "projected_cuboid_centroid": [
        301.56791314336937, 
        274.7715112249538
      ], 
      "quaternion_xyzw": [
        0.0651444494311951, 
        0.938734346154665, 
        -0.23028173654171816, 
        0.24800070538853475
      ], 
      "visibility": 0.9988851727982163
    }
  ]
}