{
  "camera_data": {
    "location_worldframe": [
      -16.397884997256973, 
      10.965788649092149, 
      74.4025871456694
    ], 
    "quaternion_xyzw_worldframe": [
      0.8765157702189491, 
      0.0076595649870829525, 
      -0.010336911240173783, 
      -0.4812024252954273
    ]
  }, 
  "objects": [
    {
      "bounding_box": {
        "bottom_right": [
          539, 
          310
        ], 
        "top_left": [
          363, 
          127
        ]
      }, 
      "class": "003_cracker_box", 
      "cuboid": [
        [
          -23.000641826400823, 
          29.722972549509265, 
          57.60004353099688
        ], 
        [
          -39.396862757511144, 
          30.106872511919914, 
          57.9077376717227
        ], 
        [
          -39.641549071762306, 
          11.409023168240198, 
          68.19773794747925
        ], 
        [
          -23.24532814065198, 
          11.025123205829553, 
          67.89004380675343
        ], 
        [
          -22.801645000092705, 
          33.1814172298785, 
          63.88907828927957
        ], 
        [
          -39.19786593120303, 
          33.56531719228914, 
          64.19677243000538
        ], 
        [
          -39.44255224545419, 
          14.867467848609426, 
          74.48677270576194
        ], 
        [
          -23.046331314343867, 
          14.483567886198777, 
          74.17907856503612
        ]
      ], 
      "cuboid_centroid": [
        -31.221597035927505, 
        22.295220199059347, 
        66.0434081183794
      ], 
      "location": [
        -31.221597035927505, 
        22.295220199059347, 
        66.0434081183794
      ], 
      "pose_transform_permuted": [
        [
          -0.027715436081586164, 
          -0.48167754360092724, 
          -0.8759101544070513, 
          0.0
        ], 
        [
          0.9995501133088445, 
          -0.02340339597393043, 
          -0.018757719508609993, 
          0.0
        ], 
        [
          0.011464099924712312, 
          0.8760359724620128, 
          -0.4821094786098402, 
          0.0
        ], 
        [
          -31.221597035927505, 
          22.295220199059347, 
          66.0434081183794, 
          1.0
        ]
      ], 
      "projected_cuboid": [
        [
          266.8590792842286, 
          548.4919433763315
        ], 
        [
          115.73550968731378, 
          550.5652807578887
        ], 
        [
          169.00900762476329, 
          362.50731954403994
        ], 
        [
          297.46843468504915, 
          359.8959107678265
        ], 
        [
          289.67218058135694, 
          550.2712759039425
        ], 
        [
          153.2440838046441, 
          552.1329705418364
        ], 
        [
          196.83798237104037, 
          379.73646818786807
        ], 
        [
          314.5218241207244, 
          377.41792566275046
        ]
      ], 
      "projected_cuboid_centroid": [
        227.37258336451464, 
        453.3268763291801
      ], 
      "quaternion_xyzw": [
        0.9684389810641026, 
        -0.009000953229993643, 
        -0.011996924044489703, 
        0.24879910894122012
      ], 
      "visibility": 0.19582164220023734
    }, 
    {
      "bounding_box": {
        "bottom_right": [
          539, 
          361
        ], 
        "top_left": [
          395, 
          280
        ]
      }, 
      "class": "006_mustard_bottle", 
      "cuboid": [
        [
          -17.5528563813326, 
          34.5608311822089, 
          68.50654153500412
        ], 
        [
          -26.879367612382097, 
          33.18579188261329, 
          66.68129552641217
        ], 
        [
          -26.439068569314518, 
          16.896656702731775, 
          76.70281973326868
        ], 
        [
          -17.112557338265017, 
          18.27169600232739, 
          78.52806574186063
        ], 
        [
          -18.9325961810035, 
          37.49911727654488, 
          73.34309498743406
        ], 
        [
          -28.259107412052998, 
          36.124077976949266, 
          71.51784897884211
        ], 
        [
          -27.818808368985415, 
          19.83494279706775, 
          81.53937318569862
        ], 
        [
          -18.492297137935918, 
          21.209982096663367, 
          83.36461919429058
        ]
      ], 
      "cuboid_centroid": [
        -22.685832375159006, 
        27.197886989638327, 
        75.02295736035137
      ], 
      "location": [
        -22.685832375159006, 
        27.197886989638327, 
        75.02295736035137
      ], 
      "pose_transform_permuted": [
        [
          0.23686926197353944, 
          -0.5044354441311949, 
          -0.8303238386295119, 
          0.0
        ], 
        [
          0.9712687869701212, 
          0.14319746360335342, 
          0.1900822754370567, 
          0.0
        ], 
        [
          -0.023016034276242922, 
          0.8514924107453973, 
          -0.5238615624467843, 
          0.0
        ], 
        [
          -22.685832375159006, 
          27.197886989638327, 
          75.02295736035137, 
          1.0
        ]
      ], 
      "projected_cuboid": [
        [
          343.81030654854095, 
          542.3406701437772
        ], 
        [
          264.82328554110745, 
          538.7077862388171
        ], 
        [
          296.2325702360125, 
          390.7700665012913
        ], 
        [
          364.4094432211312, 
          397.3778829513214
        ], 
        [
          342.7800612867691, 
          545.9640626841936
        ], 
        [
          269.1084196360499, 
          542.6693352018619
        ], 
        [
          298.1279844719634, 
          403.0197332644601
        ], 
        [
          362.3079497652914, 
          408.97598177889057
        ]
      ], 
      "projected_cuboid_centroid": [
        318.9851860864149, 
        466.62956607320183
      ], 
      "quaternion_xyzw": [
        0.9556522689170249, 
        0.043481688707743736, 
        0.11169113266858849, 
        0.26900396724408915
      ], 
      "visibility": 0.5274342087315335
    }, 
    {
      "bounding_box": {
        "bottom_right": [
          437, 
          283
        ], 
        "top_left": [
          359, 
          167
        ]
      }, 
      "class": "008_pudding_box", 
      "cuboid": [
        [
          -24.468700337898174, 
          18.193673379272013, 
          60.864101439388484
        ], 
        [
          -35.82924954795841, 
          18.2230061970986, 
          60.53329664154488
        ], 
        [
          -35.976497862708676, 
          10.372433688655121, 
          64.89423001930761
        ], 
        [
          -24.615948652648438, 
          10.343100870828534, 
          65.22503481715121
        ], 
        [
          -24.561749815889836, 
          20.062615695204745, 
          64.22543491935652
        ], 
        [
          -35.922299025950075, 
          20.09194851303133, 
          63.89463012151292
        ], 
        [
          -36.06954734070034, 
          12.24137600458785, 
          68.25556349927565
        ], 
        [
          -24.7089981306401, 
          12.212043186761266, 
          68.58636829711926
        ]
      ], 
      "cuboid_centroid": [
        -30.269123839299255, 
        15.217524691929931, 
        64.55983246933206
      ], 
      "location": [
        -30.269123839299255, 
        15.217524691929931, 
        64.55983246933206
      ], 
      "pose_transform_permuted": [
        [
          0.02418691417460111, 
          -0.48580549153424785, 
          -0.873731762358562, 
          0.0
        ], 
        [
          0.9995731690801336, 
          -0.0025808873436335847, 
          0.02910630410672672, 
          0.0
        ], 
        [
          0.016394258957195578, 
          0.8740631013940471, 
          -0.4855354114671903, 
          0.0
        ], 
        [
          -30.269123839299255, 
          15.217524691929931, 
          64.55983246933206, 
          1.0
        ]
      ], 
      "projected_cuboid": [
        [
          265.40416895833073, 
          432.7079715279091
        ], 
        [
          163.2981780450838, 
          433.8376166169204
        ], 
        [
          183.46785125638027, 
          358.5302030909225
        ], 
        [
          278.64475965124564, 
          357.85802591687565
        ], 
        [
          275.93983560063896, 
          439.88386586756724
        ], 
        [
          179.25992719505226, 
          440.99123531965745
        ], 
        [
          197.41650263912902, 
          368.9353790942529
        ], 
        [
          287.8616309796479, 
          368.2459583988755
        ]
      ], 
      "projected_cuboid_centroid": [
        229.4643570185907, 
        398.99634259488346
      ], 
      "quaternion_xyzw": [
        0.9679059914104188, 
        -0.004901081941123965, 
        0.013765081204753605, 
        0.2508872017586166
      ], 
      "visibility": 0.6694841516469857
    }, 
    {
      "bounding_box": {
        "bottom_right": [
          539, 
          285
        ], 
        "top_left": [
          378, 
          129
        ]
      }, 
      "class": "019_pitcher_base", 
      "cuboid": [
        [
          -46.11334190191205, 
          41.050303257831985, 
          73.2259458560933
        ], 
        [
          -27.381721175753587, 
          42.10980342054287, 
          75.16795983146415
        ], 
        [
          -27.471925233601148, 
          21.20828042959314, 
          87.44121610647417
        ], 
        [
          -46.20354595975961, 
          20.14878026688226, 
          85.49920213110333
        ], 
        [
          -44.55297780330242, 
          34.351902296574025, 
          61.82994569224889
        ], 
        [
          -25.821357077143958, 
          35.4114024592849, 
          63.771959667619726
        ], 
        [
          -25.911561134991512, 
          14.509879468335171, 
          76.04521594262975
        ], 
        [
          -44.643181861149976, 
          13.450379305624294, 
          74.10320196725891
        ]
      ], 
      "cuboid_centroid": [
        -36.01245151845178, 
        27.78009136308358, 
        74.63558089936153
      ], 
      "location": [
        -36.01245151845178, 
        27.78009136308358, 
        74.63558089936153
      ], 
      "pose_transform_permuted": [
        [
          -0.11722717726449054, 
          0.5032380824281384, 
          0.8561597466280668, 
          0.0
        ], 
        [
          -0.9930982981900794, 
          -0.056171744234118415, 
          -0.10296016571106686, 
          0.0
        ], 
        [
          0.0037214889669059947, 
          0.8623202664985098, 
          -0.5063495911974334, 
          0.0
        ], 
        [
          -36.01245151845178, 
          27.78009136308358, 
          74.63558089936153, 
          1.0
        ]
      ], 
      "projected_cuboid": [
        [
          142.9453012453977, 
          572.2643165073823
        ], 
        [
          285.7037067230062, 
          572.0572224328472
        ], 
        [
          312.6445596464895, 
          402.63962548555463
        ], 
        [
          190.99079565965667, 
          398.96886981025483
        ], 
        [
          94.09893883510306, 
          569.5918639659194
        ], 
        [
          263.85565422248254, 
          569.4291451323437
        ], 
        [
          298.35996402684106, 
          375.0470862814638
        ], 
        [
          157.6232567782999, 
          370.0887070420752
        ]
      ], 
      "projected_cuboid_centroid": [
        222.12028353569397, 
        471.7932899579956
      ], 
      "quaternion_xyzw": [
        -0.05714563211606839, 
        0.2620201733953831, 
        0.9632728470320152, 
        -0.01361251265122321
      ], 
      "visibility": 0.00035222876939593537
    }, 
    {
      "bounding_box": {
        "bottom_right": [
          539, 
          328
        ], 
        "top_left": [
          355, 
          134
        ]
      }, 
      "class": "035_power_drill", 
      "cuboid": [
        [
          -15.473318308581414, 
          25.47513484845938, 
          48.51550586957954
        ], 
        [
          -33.889114895699414, 
          24.96908785949512, 
          49.2168627671306
        ], 
        [
          -33.10788538864925, 
          8.366717131066464, 
          57.750789599601625
        ], 
        [
          -14.69208880153125, 
          8.872764120030723, 
          57.04943270205056
        ], 
        [
          -15.351685305043327, 
          28.09366043234302, 
          53.598596262523856
        ], 
        [
          -33.76748189216133, 
          27.58761344337876, 
          54.29995316007492
        ], 
        [
          -32.986252385111165, 
          10.985242714950104, 
          62.833879992545945
        ], 
        [
          -14.570455797993166, 
          11.491289703914365, 
          62.13252309499489
        ]
      ], 
      "cuboid_centroid": [
        -24.22978534684629, 
        18.230188781704744, 
        55.674692931062744
      ], 
      "location": [
        -24.22978534684629, 
        18.230188781704744, 
        55.674692931062744
      ], 
      "pose_transform_permuted": [
        [
          -0.021267485082239385, 
          -0.45784821695429406, 
          -0.8887764501331971, 
          0.0
        ], 
        [
          0.9988987139916363, 
          0.02744870058183274, 
          -0.03804258478305414, 
          0.0
        ], 
        [
          -0.041813650962654506, 
          0.8886066495521304, 
          -0.45676031779847087, 
          0.0
        ], 
        [
          -24.22978534684629, 
          18.230188781704744, 
          55.674692931062744, 
          1.0
        ]
      ], 
      "projected_cuboid": [
        [
          310.0850200450585, 
          553.3287235691173
        ], 
        [
          111.31043231307828, 
          543.8544446031276
        ], 
        [
          173.30293854310952, 
          350.5518727723214
        ], 
        [
          343.10530275359287, 
          356.2324786849016
        ], 
        [
          327.57094629902184, 
          552.8255616928625
        ], 
        [
          147.1780562331733, 
          544.2446815167683
        ], 
        [
          199.2840937123525, 
          366.5267623073255
        ], 
        [
          355.4881254916633, 
          371.922961060867
        ]
      ], 
      "projected_cuboid_centroid": [
        247.560632915769, 
        447.91734724748056
      ], 
      "quaternion_xyzw": [
        0.9716328799599369, 
        0.01782112178710521, 
        -0.015260411388028328, 
        0.23532770288467308
      ], 
      "visibility": 0.7705204484570551
    }, 
    {
      "bounding_box": {
        "bottom_right": [
          381, 
          210
        ], 
        "top_left": [
          322, 
          111
        ]
      }, 
      "class": "061_foam_brick", 
      "cuboid": [
        [
          -39.536628388675545, 
          5.195849954706308, 
          59.80925696216551
        ], 
        [
          -31.7616747947852, 
          5.599784092435813, 
          59.98398241764284
        ], 
        [
          -31.92473684866543, 
          9.922567451248174, 
          57.246431295035215
        ], 
        [
          -39.69969044255578, 
          9.518633313518668, 
          57.07170583955789
        ], 
        [
          -39.7819974743389, 
          7.998253210750753, 
          64.24906173753722
        ], 
        [
          -32.007043880448556, 
          8.402187348480258, 
          64.42378719301453
        ], 
        [
          -32.17010593432879, 
          12.724970707292618, 
          61.68623607040692
        ], 
        [
          -39.945059528219126, 
          12.321036569563113, 
          61.51151061492959
        ]
      ], 
      "cuboid_centroid": [
        -35.85336716150216, 
        8.960410330999464, 
        60.74774651628621
      ], 
      "location": [
        -35.85336716150216, 
        8.960410330999464, 
        60.74774651628621
      ], 
      "pose_transform_permuted": [
        [
          0.046683615621086916, 
          -0.5331817415660672, 
          -0.8447117085095476, 
          0.0
        ], 
        [
          -0.998401754718074, 
          -0.051870219806402496, 
          -0.022436944379907175, 
          0.0
        ], 
        [
          0.03185241291353247, 
          -0.8444090896939775, 
          0.534751075766823, 
          0.0
        ], 
        [
          -35.85336716150216, 
          8.960410330999464, 
          60.74774651628621, 
          1.0
        ]
      ], 
      "projected_cuboid": [
        [
          126.11069100571514, 
          319.61797015115286
        ], 
        [
          196.84962215979084, 
          323.0744046361154
        ], 
        [
          181.7010866319999, 
          365.72722672610115
        ], 
        [
          107.52265297357206, 
          362.2355798305772
        ], 
        [
          148.62213964963152, 
          339.67855917359367
        ], 
        [
          214.42500011746228, 
          342.84238450427426
        ], 
        [
          201.14673652363686, 
          383.30258865653957
        ], 
        [
          132.3776223680841, 
          380.1128867708757
        ]
      ], 
      "projected_cuboid_centroid": [
        164.2083282272653, 
        351.95220999101167
      ], 
      "quaternion_xyzw": [
        -0.021799450093387965, 
        0.9601461546193889, 
        -0.2780651706500425, 
        0.017997405829426594
      ], 
      "visibility": 0.9807145757206659
    }
  ]
}