{
  "camera_data": {
    "location_worldframe": [
      -23.86958157737115, 
      14.731162750800502, 
      75.28552953098176
    ], 
    "quaternion_xyzw_worldframe": [
      0.9271828047827616, 
      0.03527574130302643, 
      -0.11621092926494991, 
      -0.35437594119219334
    ]
  }, 
  "objects": [
    {
      "bounding_box": {
        "bottom_right": [
          539, 
          255
        ], 
        "top_left": [
          356, 
          17
        ]
      }, 
      "class": "003_cracker_box", 
      "cuboid": [
        [
          -35.757699483976765, 
          27.025438302712413, 
          55.65707353910013
        ], 
        [
          -51.78930600147248, 
          25.3684045803174, 
          58.70993242843498
        ], 
        [
          -47.46191582764781, 
          10.42754754848242, 
          73.32492584561273
        ], 
        [
          -31.430309310152087, 
          12.08458127087743, 
          70.27206695627787
        ], 
        [
          -35.318942964911756, 
          32.101338545933935, 
          60.716236214166464
        ], 
        [
          -51.35054948240747, 
          30.44430482353892, 
          63.769095103501314
        ], 
        [
          -47.0231593085828, 
          15.50344779170394, 
          78.38408852067906
        ], 
        [
          -30.991552791087084, 
          17.16048151409895, 
          75.3312296313442
        ]
      ], 
      "cuboid_centroid": [
        -41.390429396279785, 
        21.264443047208175, 
        67.0205810298896
      ], 
      "location": [
        -41.390429396279785, 
        21.264443047208175, 
        67.0205810298896
      ], 
      "pose_transform_permuted": [
        [
          -0.061108151748595296, 
          -0.7069499115010469, 
          -0.7046187738192424, 
          0.0
        ], 
        [
          0.9773224073042852, 
          0.10101646299690048, 
          -0.18610907120436843, 
          0.0
        ], 
        [
          -0.20274788770990315, 
          0.7000124976257625, 
          -0.6847450600018337, 
          0.0
        ], 
        [
          -41.390429396279785, 
          21.264443047208175, 
          67.0205810298896, 
          1.0
        ]
      ], 
      "projected_cuboid": [
        [
          136.10272453016069, 
          532.2508451955855
        ], 
        [
          7.2237539808626625, 
          503.7325016688184
        ], 
        [
          133.51201813924496, 
          349.1299875031328
        ], 
        [
          241.07348486062665, 
          365.0007015934451
        ], 
        [
          168.77700878747623, 
          555.2584380867773
        ], 
        [
          48.55849825192019, 
          527.9011586228621
        ], 
        [
          158.9886984688776, 
          378.77085846065904
        ], 
        [
          260.35891821367886, 
          394.776933039415
        ]
      ], 
      "projected_cuboid_centroid": [
        149.48589862032787, 
        442.4993936152281
      ], 
      "quaternion_xyzw": [
        0.9195044424511077, 
        0.082589147121754, 
        -0.06721479841194701, 
        0.37838179655583354
      ], 
      "visibility": 0.3022474602495052
    }, 
    {
      "bounding_box": {
        "bottom_right": [
          539, 
          303
        ], 
        "top_left": [
          416, 
          192
        ]
      }, 
      "class": "006_mustard_bottle", 
      "cuboid": [
        [
          -29.816946084058426, 
          35.38082133839995, 
          63.838124186151276
        ], 
        [
          -38.92941301091765, 
          32.36253058534997, 
          64.0808900139679
        ], 
        [
          -34.38100287025195, 
          19.72626024435823, 
          77.70430267915766
        ], 
        [
          -25.268535943392724, 
          22.744550997408204, 
          77.46153685134105
        ], 
        [
          -31.023554276154414, 
          39.35236296328514, 
          67.92473772033179
        ], 
        [
          -40.13602120301364, 
          36.334072210235156, 
          68.1675035481484
        ], 
        [
          -35.58761106234793, 
          23.69780186924342, 
          81.79091621333818
        ], 
        [
          -26.47514413548871, 
          26.716092622293395, 
          81.54815038552155
        ]
      ], 
      "cuboid_centroid": [
        -32.70227857320318, 
        29.539311603821684, 
        72.81452019974472
      ], 
      "location": [
        -32.70227857320318, 
        29.539311603821684, 
        72.81452019974472
      ], 
      "pose_transform_permuted": [
        [
          0.2071465880894175, 
          -0.681821408506252, 
          -0.7015765813549063, 
          0.0
        ], 
        [
          0.948978077557084, 
          0.3143267107938816, 
          -0.025281787075564208, 
          0.0
        ], 
        [
          -0.23776196053168386, 
          0.6605438641561993, 
          -0.7121453880000397, 
          0.0
        ], 
        [
          -32.70227857320318, 
          29.539311603821684, 
          72.81452019974472, 
          1.0
        ]
      ], 
      "projected_cuboid": [
        [
          230.4230108080666, 
          568.8667281735153
        ], 
        [
          154.90314290546377, 
          542.6269188403803
        ], 
        [
          243.65829861998103, 
          408.67673554212337
        ], 
        [
          306.17440172585805, 
          429.8818619372702
        ], 
        [
          235.98182265497596, 
          582.2665431570272
        ], 
        [
          164.96954280704747, 
          557.5520785609867
        ], 
        [
          247.61342402282247, 
          427.80860962581966
        ], 
        [
          307.00843875868844, 
          448.0080407245915
        ]
      ], 
      "projected_cuboid_centroid": [
        240.07781347011644, 
        489.64301892090555
      ], 
      "quaternion_xyzw": [
        0.9098212081321513, 
        0.15170251759106465, 
        0.049972675781876655, 
        0.38303316740881527
      ], 
      "visibility": 0.723133148902708
    }, 
    {
      "bounding_box": {
        "bottom_right": [
          430, 
          226
        ], 
        "top_left": [
          343, 
          97
        ]
      }, 
      "class": "008_pudding_box", 
      "cuboid": [
        [
          -34.78485547240901, 
          16.781200346860604, 
          61.969224211527205
        ], 
        [
          -45.92460982816812, 
          15.255680343599916, 
          63.62784779621297
        ], 
        [
          -44.14576081715029, 
          8.988146507773667, 
          69.81045456962048
        ], 
        [
          -33.00600646139117, 
          10.513666511034355, 
          68.15183098493472
        ], 
        [
          -34.74853095050957, 
          19.487991574984445, 
          64.70274357777525
        ], 
        [
          -45.88828530626868, 
          17.96247157172376, 
          66.36136716246102
        ], 
        [
          -44.10943629525084, 
          11.694937735897506, 
          72.54397393586852
        ], 
        [
          -32.96968193949173, 
          13.220457739158196, 
          70.88535035118277
        ]
      ], 
      "cuboid_centroid": [
        -39.447145883829926, 
        14.238069041379056, 
        67.25659907369787
      ], 
      "location": [
        -39.447145883829926, 
        14.238069041379056, 
        67.25659907369787
      ], 
      "pose_transform_permuted": [
        [
          -0.009442052901081875, 
          -0.70359263196576, 
          -0.7105402387316487, 
          0.0
        ], 
        [
          0.9801462374987866, 
          0.1342249248657878, 
          -0.14593622211391344, 
          0.0
        ], 
        [
          -0.19805259830537605, 
          0.6978115362596122, 
          -0.688355969612699, 
          0.0
        ], 
        [
          -39.447145883829926, 
          14.238069041379056, 
          67.25659907369787, 
          1.0
        ]
      ], 
      "projected_cuboid": [
        [
          179.73684934400802, 
          417.708916798861
        ], 
        [
          93.45565690086181, 
          401.15748385877157
        ], 
        [
          141.5333658367527, 
          341.95181997335425
        ], 
        [
          221.1573657097061, 
          355.560838762947
        ], 
        [
          192.79154734855595, 
          433.918482917747
        ], 
        [
          109.73811360966657, 
          417.6436882478372
        ], 
        [
          154.61653026799573, 
          359.2638973694833
        ], 
        [
          231.4761549969727, 
          372.7531975358934
        ]
      ], 
      "projected_cuboid_centroid": [
        166.1892733632922, 
        386.18908064478916
      ], 
      "quaternion_xyzw": [
        0.9203936674719746, 
        0.09025418549538246, 
        -0.04220429814607739, 
        0.3780851201969082
      ], 
      "visibility": 0.44482569311007414
    }, 
    {
      "bounding_box": {
        "bottom_right": [
          539, 
          238
        ], 
        "top_left": [
          386, 
          38
        ]
      }, 
      "class": "019_pitcher_base", 
      "cuboid": [
        [
          -58.18180424617472, 
          39.202988926343416, 
          71.64271634235523
        ], 
        [
          -39.81808288319033, 
          43.16315899628842, 
          69.9520464680888
        ], 
        [
          -34.69927914214829, 
          26.700616614862376, 
          86.99015570314687
        ], 
        [
          -53.063000505132685, 
          22.740446544917365, 
          88.6808255774133
        ], 
        [
          -57.02768488655698, 
          29.841680755151483, 
          62.250908788956124
        ], 
        [
          -38.66396352357258, 
          33.801850825096494, 
          60.56023891468969
        ], 
        [
          -33.545159782530554, 
          17.339308443670447, 
          77.59834814974776
        ], 
        [
          -51.90888114551494, 
          13.379138373725436, 
          79.2890180240142
        ]
      ], 
      "cuboid_centroid": [
        -45.863482014352634, 
        28.27114868500693, 
        74.6205322460515
      ], 
      "location": [
        -45.863482014352634, 
        28.27114868500693, 
        74.6205322460515
      ], 
      "pose_transform_permuted": [
        [
          -0.08670678521432489, 
          0.7032972197897157, 
          0.7055885801764644, 
          0.0
        ], 
        [
          -0.9735932998338419, 
          -0.2099571742616763, 
          0.0896346023379879, 
          0.0
        ], 
        [
          -0.21118308977007086, 
          0.679184188623055, 
          -0.7029299684318553, 
          0.0
        ], 
        [
          -45.863482014352634, 
          28.27114868500693, 
          74.6205322460515, 
          1.0
        ]
      ], 
      "projected_cuboid": [
        [
          44.87324825781354, 
          565.1197176915662
        ], 
        [
          175.49119636517656, 
          602.3656589868759
        ], 
        [
          267.08976518354797, 
          436.9827816350815
        ], 
        [
          159.82094484538604, 
          410.04581365906245
        ], 
        [
          -11.045328406224234, 
          528.9479098566562
        ], 
        [
          138.26803436522871, 
          570.9602148942414
        ], 
        [
          249.12588468085917, 
          392.45650708707655
        ], 
        [
          129.53408254956395, 
          363.2782755320661
        ]
      ], 
      "projected_cuboid_centroid": [
        151.07503156456568, 
        475.3429530005761
      ], 
      "quaternion_xyzw": [
        0.0007988218474493333, 
        0.3836732121517337, 
        0.9162922662329636, 
        -0.11490336641253335
      ], 
      "visibility": 0.026309096234250092
    }, 
    {
      "bounding_box": {
        "bottom_right": [
          518, 
          250
        ], 
        "top_left": [
          332, 
          19
        ]
      }, 
      "class": "035_power_drill", 
      "cuboid": [
        [
          -28.890241386014182, 
          21.40972727890469, 
          46.79512248111697
        ], 
        [
          -46.6889007166144, 
          18.756458067428998, 
          50.802295738609345
        ], 
        [
          -41.95184149784079, 
          5.44970487856709, 
          63.032076196875344
        ], 
        [
          -24.153182167240573, 
          8.102974090042782, 
          59.02490293938296
        ], 
        [
          -28.54366163604277, 
          25.33910077043477, 
          50.93627995274446
        ], 
        [
          -46.342320966642994, 
          22.68583155895908, 
          54.94345321023684
        ], 
        [
          -41.605261747869385, 
          9.37907837009717, 
          67.17323366850283
        ], 
        [
          -23.806602417269165, 
          12.032347581572862, 
          63.16606041101045
        ]
      ], 
      "cuboid_centroid": [
        -35.24775156694178, 
        15.39440282450093, 
        56.9841780748099
      ], 
      "location": [
        -35.24775156694178, 
        15.39440282450093, 
        56.9841780748099
      ], 
      "pose_transform_permuted": [
        [
          -0.060599339389125796, 
          -0.687049482318314, 
          -0.7240798318645916, 
          0.0
        ], 
        [
          0.9654243210173377, 
          0.14391705461552567, 
          -0.21735471472631138, 
          0.0
        ], 
        [
          -0.2535410388057782, 
          0.7122157167183583, 
          -0.6545730375222396, 
          0.0
        ], 
        [
          -35.24775156694178, 
          15.39440282450093, 
          56.9841780748099, 
          1.0
        ]
      ], 
      "projected_cuboid": [
        [
          149.59382901363048, 
          517.2911739945345
        ], 
        [
          -12.624903999522049, 
          470.1907576205873
        ], 
        [
          123.6810333177509, 
          319.39693937714935
        ], 
        [
          261.54228478467894, 
          346.5009703471479
        ], 
        [
          180.24498411621812, 
          538.5952466927354
        ], 
        [
          28.01741105285089, 
          493.4910850931678
        ], 
        [
          148.520760297718, 
          347.7514087892725
        ], 
        [
          278.9196489258756, 
          374.8772744468713
        ]
      ], 
      "projected_cuboid_centroid": [
        148.96135963325506, 
        417.36401307905123
      ], 
      "quaternion_xyzw": [
        0.9221875988106064, 
        0.10774870913844602, 
        -0.07535181954136258, 
        0.3637065065640967
      ], 
      "visibility": 0.858703101861508
    }, 
    {
      "bounding_box": {
        "bottom_right": [
          359, 
          167
        ], 
        "top_left": [
          293, 
          71
        ]
      }, 
      "class": "061_foam_brick", 
      "cuboid": [
        [
          -47.41184603639901, 
          2.182372760572192, 
          66.92214680436395
        ], 
        [
          -39.86740020107717, 
          3.6153522692724094, 
          65.62928102436067
        ], 
        [
          -41.12994874533101, 
          6.940958448934778, 
          61.94776692541647
        ], 
        [
          -48.67439458065286, 
          5.507978940234561, 
          63.240632705419756
        ], 
        [
          -47.54051968171237, 
          6.0594755586243565, 
          70.46856096904338
        ], 
        [
          -39.99607384639052, 
          7.492455067324573, 
          69.1756951890401
        ], 
        [
          -41.25862239064437, 
          10.818061246986941, 
          65.4941810900959
        ], 
        [
          -48.803068225966214, 
          9.385081738286724, 
          66.78704687009919
        ]
      ], 
      "cuboid_centroid": [
        -44.33523421352169, 
        6.500217003779567, 
        66.20816394722992
      ], 
      "location": [
        -44.33523421352169, 
        6.500217003779567, 
        66.20816394722992
      ], 
      "pose_transform_permuted": [
        [
          0.024481286964627702, 
          -0.7376527334663286, 
          -0.6747363273147586, 
          0.0
        ], 
        [
          -0.9688016615661658, 
          -0.18401257816967476, 
          0.1660202144980721, 
          0.0
        ], 
        [
          0.24662523620909538, 
          -0.649621286508534, 
          0.7191440585722759, 
          0.0
        ], 
        [
          -44.33523421352169, 
          6.500217003779567, 
          66.20816394722992, 
          1.0
        ]
      ], 
      "projected_cuboid": [
        [
          100.61131124396947, 
          290.67842073730236
        ], 
        [
          154.92499562713598, 
          302.66577443154233
        ], 
        [
          124.55100289847996, 
          333.04251064225684
        ], 
        [
          67.69643471723731, 
          319.7363109652782
        ], 
        [
          118.80293051522528, 
          319.1458110348602
        ], 
        [
          170.67212197162573, 
          331.0506558918421
        ], 
        [
          142.82800324014113, 
          361.3780877792151
        ], 
        [
          88.63862458237084, 
          348.22993067890565
        ]
      ], 
      "projected_cuboid_centroid": [
        121.4920267462587, 
        325.6470448479416
      ], 
      "quaternion_xyzw": [
        -0.1186522010331655, 
        0.9073531941021449, 
        -0.40138636241870285, 
        -0.03899774874146492
      ], 
      "visibility": 0.9481274715050012
    }
  ]
}