{
  "camera_data": {
    "location_worldframe": [
      -9.600652135110218, 
      0.38425100931035183, 
      82.23299221801261
    ], 
    "quaternion_xyzw_worldframe": [
      -0.8287362161416315, 
      -0.11394537154575143, 
      -0.21583821703204648, 
      0.503617185792908
    ]
  }, 
  "objects": [
    {
      "bounding_box": {
        "bottom_right": [
          476, 
          418
        ], 
        "top_left": [
          287, 
          259
        ]
      }, 
      "class": "003_cracker_box", 
      "cuboid": [
        [
          -7.1340078237379725, 
          20.750996475349773, 
          66.20596193589125
        ], 
        [
          -21.63927641760917, 
          21.972291962022698, 
          58.643969074148885
        ], 
        [
          -26.959175460224817, 
          2.5479806913768055, 
          65.71138394691754
        ], 
        [
          -12.45390686635362, 
          1.3266852047038786, 
          73.27337680865989
        ], 
        [
          -9.969292648386205, 
          23.678333670443426, 
          72.11732848215475
        ], 
        [
          -24.474561242257405, 
          24.89962915711635, 
          64.5553356204124
        ], 
        [
          -29.794460284873047, 
          5.4753178864704575, 
          71.62275049318103
        ], 
        [
          -15.289191691001852, 
          4.25402239979753, 
          79.1847433549234
        ]
      ], 
      "cuboid_centroid": [
        -18.46423405430551, 
        13.113157180910115, 
        68.91435621453614
      ], 
      "location": [
        -18.46423405430551, 
        13.113157180910115, 
        68.91435621453614
      ], 
      "pose_transform_permuted": [
        [
          0.394886475269497, 
          -0.40770713998345676, 
          -0.8233101236203421, 
          0.0
        ], 
        [
          0.884273451028532, 
          -0.07445289052986896, 
          0.46099591201857504, 
          0.0
        ], 
        [
          0.24924914333919668, 
          0.9100723350911494, 
          -0.3311241601671784, 
          0.0
        ], 
        [
          -18.46423405430551, 
          13.113157180910115, 
          68.91435621453614, 
          1.0
        ]
      ], 
      "projected_cuboid": [
        [
          423.65043411679505, 
          440.4453929699903
        ], 
        [
          283.1653392416833, 
          473.10680552990556
        ], 
        [
          260.9705407574811, 
          293.96618157790755
        ], 
        [
          390.19602706600864, 
          282.9428037520115
        ], 
        [
          407.2581136527782, 
          448.3917354296875
        ], 
        [
          277.7171223589932, 
          478.99315720301394
        ], 
        [
          257.89177208948246, 
          314.0570226784723
        ], 
        [
          377.76422448491286, 
          301.9379341587479
        ]
      ], 
      "projected_cuboid_centroid": [
        337.5138731402481, 
        374.7676212554244
      ], 
      "quaternion_xyzw": [
        0.9510068230223198, 
        -0.08509456137242363, 
        0.2249937557146172, 
        0.19422344883988676
      ], 
      "visibility": 0.5814252636995112
    }, 
    {
      "bounding_box": {
        "bottom_right": [
          448, 
          412
        ], 
        "top_left": [
          320, 
          340
        ]
      }, 
      "class": "006_mustard_bottle", 
      "cuboid": [
        [
          -7.590768628241032, 
          24.4042855236957, 
          78.79482036574873
        ], 
        [
          -14.888134071940708, 
          23.673434229104473, 
          72.5964026824607
        ], 
        [
          -19.460609090468115, 
          6.632174845597769, 
          79.9888776681051
        ], 
        [
          -12.163243646768438, 
          7.363026140188995, 
          86.18729535139313
        ], 
        [
          -11.111543224855422, 
          27.013599771229746, 
          82.63214779282956
        ], 
        [
          -18.4089086685551, 
          26.282748476638524, 
          76.43373010954153
        ], 
        [
          -22.981383687082506, 
          9.241489093131817, 
          83.82620509518593
        ], 
        [
          -15.684018243382827, 
          9.972340387723042, 
          90.02462277847397
        ]
      ], 
      "cuboid_centroid": [
        -15.286076157661768, 
        16.82288730841376, 
        81.31051273046734
      ], 
      "location": [
        -15.286076157661768, 
        16.82288730841376, 
        81.31051273046734
      ], 
      "pose_transform_permuted": [
        [
          0.6044351844269158, 
          -0.4479586225010357, 
          -0.6587799495384992, 
          0.0
        ], 
        [
          0.7599522594240524, 
          0.0761113167365248, 
          0.6455071435864079, 
          0.0
        ], 
        [
          0.2390199193268237, 
          0.8908086816371609, 
          -0.3864315862929186, 
          0.0
        ], 
        [
          -15.286076157661768, 
          16.82288730841376, 
          81.31051273046734, 
          1.0
        ]
      ], 
      "projected_cuboid": [
        [
          429.7910973830378, 
          438.4659663077242
        ], 
        [
          371.3119516524155, 
          447.2001977328687
        ], 
        [
          350.76368777735684, 
          317.50604483398274
        ], 
        [
          405.70473779923014, 
          318.84831151144044
        ], 
        [
          409.28395262046524, 
          447.63613622816695
        ], 
        [
          352.0776975489127, 
          456.67552661334156
        ], 
        [
          334.1663078902561, 
          332.08279513554555
        ], 
        [
          387.9082492482839, 
          332.36420201018075
        ]
      ], 
      "projected_cuboid_centroid": [
        380.49941942512515, 
        383.6286689774503
      ], 
      "quaternion_xyzw": [
        0.9096071804080749, 
        -0.04477443837822762, 
        0.3435390449129274, 
        0.22932707292933413
      ], 
      "visibility": 0.014890282131661442
    }, 
    {
      "bounding_box": {
        "bottom_right": [
          363, 
          396
        ], 
        "top_left": [
          282, 
          295
        ]
      }, 
      "class": "008_pudding_box", 
      "cuboid": [
        [
          -10.08096075217574, 
          9.090386432873366, 
          67.244878333088
        ], 
        [
          -19.870525829625453, 
          9.744683245462877, 
          61.50826941683003
        ], 
        [
          -22.162700065311082, 
          1.5881793813107608, 
          64.4895933994158
        ], 
        [
          -12.373134987861366, 
          0.9338825687212498, 
          70.22620231567377
        ], 
        [
          -11.77083708379194, 
          10.685867627712021, 
          70.31064480983605
        ], 
        [
          -21.560402161241655, 
          11.340164440301532, 
          64.57403589357807
        ], 
        [
          -23.852576396927283, 
          3.183660576149417, 
          67.55535987616385
        ], 
        [
          -14.063011319477567, 
          2.529363763559906, 
          73.29196879242181
        ]
      ], 
      "cuboid_centroid": [
        -16.966768574551512, 
        6.137023504511391, 
        67.40011910462592
      ], 
      "location": [
        -16.966768574551512, 
        6.137023504511391, 
        67.40011910462592
      ], 
      "pose_transform_permuted": [
        [
          0.439259786090931, 
          -0.414723086680938, 
          -0.7969032417260609, 
          0.0
        ], 
        [
          0.861348021776733, 
          -0.05756918317821889, 
          0.5047432345189348, 
          0.0
        ], 
        [
          0.2552049445087083, 
          0.9081247331153997, 
          -0.33193315311420885, 
          0.0
        ], 
        [
          -16.966768574551512, 
          6.137023504511391, 
          67.40011910462592, 
          1.0
        ]
      ], 
      "projected_cuboid": [
        [
          400.978617678864, 
          345.38245403366415
        ], 
        [
          307.8699604095186, 
          357.77973630873333
        ], 
        [
          296.7873656321409, 
          286.42055109880334
        ], 
        [
          386.8485768794691, 
          280.3787321462628
        ], 
        [
          391.568985015898, 
          354.3408717092374
        ], 
        [
          302.0448956663862, 
          366.94541633249906
        ], 
        [
          291.72231538462813, 
          298.4201252281447
        ], 
        [
          378.4127558100411, 
          291.6918182637879
        ]
      ], 
      "projected_cuboid_centroid": [
        346.22464306964497, 
        321.847206134808
      ], 
      "quaternion_xyzw": [
        0.9442425531369301, 
        -0.08281085369639393, 
        0.24993658077411657, 
        0.19768655768441887
      ], 
      "visibility": 0.8204004091772614
    }, 
    {
      "bounding_box": {
        "bottom_right": [
          498, 
          365
        ], 
        "top_left": [
          310, 
          216
        ]
      }, 
      "class": "019_pitcher_base", 
      "cuboid": [
        [
          -34.83313250843686, 
          31.989876386579542, 
          69.82835121716677
        ], 
        [
          -19.35758232582321, 
          31.90171293343686, 
          80.61107571772348
        ], 
        [
          -25.51578117063993, 
          10.116588644754373, 
          89.27130472276025
        ], 
        [
          -40.99133135325358, 
          10.204752097897057, 
          78.48858022220352
        ], 
        [
          -28.01634384709978, 
          26.154688487910278, 
          59.99706921397697
        ], 
        [
          -12.540793664486124, 
          26.06652503476759, 
          70.7797937145337
        ], 
        [
          -18.69899250930284, 
          4.281400746085104, 
          79.44002271957045
        ], 
        [
          -34.1745426919165, 
          4.369564199227788, 
          68.65729821901374
        ]
      ], 
      "cuboid_centroid": [
        -26.766062508869854, 
        18.135638566332325, 
        74.63418696836861
      ], 
      "location": [
        -26.766062508869854, 
        18.135638566332325, 
        74.63418696836861
      ], 
      "pose_transform_permuted": [
        [
          -0.512132324429397, 
          0.4383865322064453, 
          0.7386054569904934, 
          0.0
        ], 
        [
          -0.8204705174521575, 
          0.0046741804437824535, 
          -0.5716699856303058, 
          0.0
        ], 
        [
          0.2540647239587528, 
          0.8987744189958784, 
          -0.35728932225632515, 
          0.0
        ], 
        [
          -26.766062508869854, 
          18.135638566332325, 
          74.63418696836861, 
          1.0
        ]
      ], 
      "projected_cuboid": [
        [
          213.339191534933, 
          517.6117618024551
        ], 
        [
          352.46082877657784, 
          484.3469672415965
        ], 
        [
          327.89181025275724, 
          333.7244900858673
        ], 
        [
          200.7452180102189, 
          342.62648679701766
        ], 
        [
          230.48177581147837, 
          505.77802040027865
        ], 
        [
          386.31581390805286, 
          469.69553462715345
        ], 
        [
          355.0154670746015, 
          302.02966749124374
        ], 
        [
          213.92211156053358, 
          307.2286565590981
        ]
      ], 
      "projected_cuboid_centroid": [
        288.7387303043804, 
        402.8798462710816
      ], 
      "quaternion_xyzw": [
        -0.29141840512549116, 
        0.2139454643639114, 
        0.9297648080883856, 
        0.06957106306661236
      ], 
      "visibility": 0.340924020144515
    }, 
    {
      "bounding_box": {
        "bottom_right": [
          440, 
          502
        ], 
        "top_left": [
          273, 
          345
        ]
      }, 
      "class": "035_power_drill", 
      "cuboid": [
        [
          3.8111848991908253, 
          16.855205134674193, 
          61.48817124233257
        ], 
        [
          -12.65943439355156, 
          17.265483841024864, 
          53.21532889598347
        ], 
        [
          -16.217674390117935, 
          0.013816447463442516, 
          59.44395962814318
        ], 
        [
          0.25294490262445235, 
          -0.3964622588872299, 
          67.71680197449228
        ], 
        [
          1.4839238996629978, 
          19.04733299559553, 
          66.23029212283477
        ], 
        [
          -14.986695393079389, 
          19.457611701946202, 
          57.95744977648567
        ], 
        [
          -18.54493538964576, 
          2.2059443083847787, 
          64.18608050864538
        ], 
        [
          -2.074316096903375, 
          1.7956656020341064, 
          72.45892285499448
        ]
      ], 
      "cuboid_centroid": [
        -7.366875245227468, 
        9.530574721529486, 
        62.83712587548897
      ], 
      "location": [
        -7.366875245227468, 
        9.530574721529486, 
        62.83712587548897
      ], 
      "pose_transform_permuted": [
        [
          0.4069207135416832, 
          -0.38329273490240007, 
          -0.829158058673425, 
          0.0
        ], 
        [
          0.8933895610942428, 
          -0.02225409420728055, 
          0.4487306069944434, 
          0.0
        ], 
        [
          0.19044724234696614, 
          0.9233588752195792, 
          -0.33337423773608993, 
          0.0
        ], 
        [
          -7.366875245227468, 
          9.530574721529486, 
          62.83712587548897, 
          1.0
        ]
      ], 
      "projected_cuboid": [
        [
          514.928977715467, 
          419.48068874355477
        ], 
        [
          353.66798468197015, 
          446.3197755160907
        ], 
        [
          334.88272176858584, 
          273.4104964466554
        ], 
        [
          483.60579756686394, 
          270.1641063176885
        ], 
        [
          493.6459496583753, 
          426.6652317503344
        ], 
        [
          342.54151093800914, 
          452.3338460049522
        ], 
        [
          326.2238341827819, 
          291.61564126556664
        ], 
        [
          466.2022424329177, 
          286.50317980632246
        ]
      ], 
      "projected_cuboid_centroid": [
        418.5508941667009, 
        354.17569494159204
      ], 
      "quaternion_xyzw": [
        0.9547128488434686, 
        -0.05569772545009512, 
        0.22405986301866987, 
        0.18766558277356762
      ], 
      "visibility": 0.9430843107927261
    }, 
    {
      "bounding_box": {
        "bottom_right": [
          307, 
          344
        ], 
        "top_left": [
          248, 
          263
        ]
      }, 
      "class": "061_foam_brick", 
      "cuboid": [
        [
          -22.86496273859199, 
          -2.9688803440701808, 
          57.851169412262394
        ], 
        [
          -16.137066518465236, 
          -2.9904677246754066, 
          61.77271777939571
        ], 
        [
          -14.926441062371435, 
          1.54062226014644, 
          59.72068442098367
        ], 
        [
          -21.654337282498194, 
          1.562209640751666, 
          55.79913605385036
        ], 
        [
          -25.201800324365877, 
          -0.5227720484802378, 
          61.87376568147233
        ], 
        [
          -18.473904104239118, 
          -0.5443594290854636, 
          65.79531404860563
        ], 
        [
          -17.26327864814532, 
          3.986730555736383, 
          63.74328069019361
        ], 
        [
          -23.99117486827208, 
          4.008317936341609, 
          59.82173232306028
        ]
      ], 
      "cuboid_centroid": [
        -20.064120693368658, 
        0.5089251058331011, 
        60.797225051228
      ], 
      "location": [
        -20.064120693368658, 
        0.5089251058331011, 
        60.797225051228
      ], 
      "pose_transform_permuted": [
        [
          0.4446037989188673, 
          -0.46539350762200415, 
          -0.7653341394777833, 
          0.0
        ], 
        [
          -0.8639464288268, 
          0.0027720909733738863, 
          -0.5035760951723723, 
          0.0
        ], 
        [
          -0.2364826211465239, 
          -0.8850995416194286, 
          0.4008425767314979, 
          0.0
        ], 
        [
          -20.064120693368658, 
          0.5089251058331011, 
          60.797225051228, 
          1.0
        ]
      ], 
      "projected_cuboid": [
        [
          269.0524592906108, 
          245.91696112290947
        ], 
        [
          341.11541249432827, 
          247.4681013358872
        ], 
        [
          347.1896523875716, 
          287.04465260405993
        ], 
        [
          272.90345403853377, 
          288.21789809474535
        ], 
        [
          262.5604345969878, 
          268.7805156322494
        ], 
        [
          330.6045396244732, 
          268.87410302291113
        ], 
        [
          335.9570897021044, 
          306.6422337532736
        ], 
        [
          265.9297841764778, 
          309.02128466985704
        ]
      ], 
      "projected_cuboid_centroid": [
        304.1257758128701, 
        277.75088195567986
      ], 
      "quaternion_xyzw": [
        0.06381255564454859, 
        0.9373339999599944, 
        -0.23103719815734655, 
        0.2528927506448363
      ], 
      "visibility": 0.9852841294996604
    }
  ]
}