{
  "camera_data": {
    "location_worldframe": [
      -13.923986587923299, 
      -1.1488960677926263, 
      69.50215863755722
    ], 
    "quaternion_xyzw_worldframe": [
      -0.8374987477833862, 
      -0.060099286564597926, 
      -0.11667712058142211, 
      0.530448201896531
    ]
  }, 
  "objects": [
    {
      "bounding_box": {
        "bottom_right": [
          493, 
          328
        ], 
        "top_left": [
          278, 
          152
        ]
      }, 
      "class": "003_cracker_box", 
      "cuboid": [
        [
          -15.489762950178696, 
          19.80070439619079, 
          54.1263882618641
        ], 
        [
          -31.35178601502671, 
          20.92479954374263, 
          50.10013068482853
        ], 
        [
          -34.61590687472549, 
          1.1499331130736992, 
          57.43864005723367
        ], 
        [
          -18.753883809877472, 
          0.025837965521860462, 
          61.46489763426924
        ], 
        [
          -16.953382908459183, 
          22.457381993220633, 
          60.63425106758653
        ], 
        [
          -32.8154059733072, 
          23.58147714077247, 
          56.60799349055095
        ], 
        [
          -36.07952683300597, 
          3.806610710103543, 
          63.9465028629561
        ], 
        [
          -20.21750376815796, 
          2.6825155625517043, 
          67.97276043999167
        ]
      ], 
      "cuboid_centroid": [
        -25.784644891592336, 
        11.803657553147167, 
        59.0364455624101
      ], 
      "location": [
        -25.784644891592336, 
        11.803657553147167, 
        59.0364455624101
      ], 
      "pose_transform_permuted": [
        [
          0.20384679572048858, 
          -0.3700108162320907, 
          -0.9063875990688265, 
          0.0
        ], 
        [
          0.9669842226688432, 
          -0.06852734156402185, 
          0.24544962124171454, 
          0.0
        ], 
        [
          0.15293134729028768, 
          0.9264966267231793, 
          -0.34382554251618325, 
          0.0
        ], 
        [
          -25.784644891592336, 
          11.803657553147167, 
          59.0364455624101, 
          1.0
        ]
      ], 
      "projected_cuboid": [
        [
          327.7010227055898, 
          468.3873705731395
        ], 
        [
          145.0737470388864, 
          496.03257113675335
        ], 
        [
          157.50880476442248, 
          283.96370317768765
        ], 
        [
          317.5170121004875, 
          273.5107292439686
        ], 
        [
          331.2378389966311, 
          470.81452575833345
        ], 
        [
          169.85762251447392, 
          495.4541645618745
        ], 
        [
          178.18295820119334, 
          305.0340135479731
        ], 
        [
          321.64702460820064, 
          294.33376443523207
        ]
      ], 
      "projected_cuboid_centroid": [
        246.7242866503465, 
        379.9176480723117
      ], 
      "quaternion_xyzw": [
        0.9746625632059601, 
        -0.0568039384127633, 
        0.11524409419305365, 
        0.18309833210384371
      ], 
      "visibility": 0.4223388848660391
    }, 
    {
      "bounding_box": {
        "bottom_right": [
          464, 
          367
        ], 
        "top_left": [
          314, 
          291
        ]
      }, 
      "class": "006_mustard_bottle", 
      "cuboid": [
        [
          -13.131215823767771, 
          23.015123560149657, 
          66.62188332304117
        ], 
        [
          -21.633920842799174, 
          22.317236521895513, 
          62.21472677358882
        ], 
        [
          -24.134205204398622, 
          4.930518304624217, 
          69.7917541147523
        ], 
        [
          -15.631500185367223, 
          5.628405342878359, 
          74.19891066420465
        ], 
        [
          -15.728676899965025, 
          25.407438252968845, 
          71.25432142336565
        ], 
        [
          -24.231381918996423, 
          24.7095512147147, 
          66.84716487391329
        ], 
        [
          -26.731666280595874, 
          7.3228329974434025, 
          74.42419221507677
        ], 
        [
          -18.22896126156447, 
          8.020720035697545, 
          78.83134876452912
        ]
      ], 
      "cuboid_centroid": [
        -19.93144105218182, 
        15.16897827879653, 
        70.52303776905897
      ], 
      "location": [
        -19.93144105218182, 
        15.16897827879653, 
        70.52303776905897
      ], 
      "pose_transform_permuted": [
        [
          0.4459237084199437, 
          -0.4107048414720648, 
          -0.795281975792602, 
          0.0
        ], 
        [
          0.8854770862555517, 
          0.07267839820217482, 
          0.4589640745323298, 
          0.0
        ], 
        [
          0.1306989680604282, 
          0.9088670728241168, 
          -0.3960788099407254, 
          0.0
        ], 
        [
          -19.93144105218182, 
          15.16897827879653, 
          70.52303776905897, 
          1.0
        ]
      ], 
      "projected_cuboid": [
        [
          375.60343716147986, 
          457.5265427890795
        ], 
        [
          294.6004398932932, 
          464.5952505102807
        ], 
        [
          295.63660253361246, 
          310.9635100018887
        ], 
        [
          368.30620985781286, 
          313.74183260114785
        ], 
        [
          362.89105498698507, 
          463.45443387661044
        ], 
        [
          286.6633673826901, 
          470.4241066282751
        ], 
        [
          288.44309813549313, 
          325.76154813058497
        ], 
        [
          357.24451644020326, 
          327.5493044215728
        ]
      ], 
      "projected_cuboid_centroid": [
        329.6125239052779, 
        387.99959386640535
      ], 
      "quaternion_xyzw": [
        0.9473154351735581, 
        -0.01531184009675283, 
        0.23880318776461418, 
        0.21291314947934398
      ], 
      "visibility": 0.00845928265283104
    }, 
    {
      "bounding_box": {
        "bottom_right": [
          366, 
          306
        ], 
        "top_left": [
          272, 
          187
        ]
      }, 
      "class": "008_pudding_box", 
      "cuboid": [
        [
          -17.937347854578427, 
          8.043759004683324, 
          55.357858257962555
        ], 
        [
          -28.7837784833559, 
          8.653887965031327, 
          52.0179397186055
        ], 
        [
          -30.208027805934464, 
          0.3483200678018099, 
          55.12598837869038
        ], 
        [
          -19.36159717715699, 
          -0.2618088925461941, 
          58.46590691804743
        ], 
        [
          -18.911309631265645, 
          9.493502818450347, 
          58.78565750546656
        ], 
        [
          -29.757740260043114, 
          10.10363177879835, 
          55.445738966109516
        ], 
        [
          -31.181989582621682, 
          1.7980638815688337, 
          58.553787626194385
        ], 
        [
          -20.335558953844206, 
          1.1879349212208297, 
          61.89370616555144
        ]
      ], 
      "cuboid_centroid": [
        -24.559668718600054, 
        4.920911443126078, 
        56.95582294207847
      ], 
      "location": [
        -24.559668718600054, 
        4.920911443126078, 
        56.95582294207847
      ], 
      "pose_transform_permuted": [
        [
          0.25316778138386015, 
          -0.3768406868642886, 
          -0.8910086117255801, 
          0.0
        ], 
        [
          0.9543377557146673, 
          -0.053683015421697844, 
          0.2938672151429299, 
          0.0
        ], 
        [
          0.15857235618325782, 
          0.9247211496083124, 
          -0.34604236164886015, 
          0.0
        ], 
        [
          -24.559668718600054, 
          4.920911443126078, 
          56.95582294207847, 
          1.0
        ]
      ], 
      "projected_cuboid": [
        [
          307.3479099947111, 
          350.7803994584516
        ], 
        [
          184.02895222791267, 
          362.0114653293272
        ], 
        [
          186.91227738002874, 
          276.6563807513114
        ], 
        [
          303.5108845477769, 
          270.89834601104553
        ], 
        [
          308.5987174424619, 
          359.41419531858776
        ], 
        [
          192.97900282004392, 
          370.47100678393605
        ], 
        [
          195.21846437143125, 
          289.663662651068
        ], 
        [
          304.91138383176826, 
          283.5226184534197
        ]
      ], 
      "projected_cuboid_centroid": [
        249.71022339376987, 
        319.3646789704441
      ], 
      "quaternion_xyzw": [
        0.9708330851707414, 
        -0.05465804957801426, 
        0.1408674170881245, 
        0.18615018883138257
      ], 
      "visibility": 0.8052621283255086
    }, 
    {
      "bounding_box": {
        "bottom_right": [
          509, 
          299
        ], 
        "top_left": [
          301, 
          122
        ]
      }, 
      "class": "019_pitcher_base", 
      "cuboid": [
        [
          -41.81590610311985, 
          30.23675742556534, 
          64.35869876165363
        ], 
        [
          -24.295076071345566, 
          30.159759751650096, 
          71.34312144787883
        ], 
        [
          -27.975688236294292, 
          7.9521071495177535, 
          80.33132926142883
        ], 
        [
          -45.49651826806857, 
          8.029104823433004, 
          73.34690657520363
        ], 
        [
          -37.32021721144633, 
          24.903386841208356, 
          53.02220587842239
        ], 
        [
          -19.799387179672053, 
          24.826389167293105, 
          60.00662856464759
        ], 
        [
          -23.479999344620772, 
          2.6187365651607646, 
          68.99483637819759
        ], 
        [
          -41.00082937639505, 
          2.695734239076014, 
          62.01041369197239
        ]
      ], 
      "cuboid_centroid": [
        -32.64795272387031, 
        16.427746995363055, 
        66.67676756992562
      ], 
      "location": [
        -32.64795272387031, 
        16.427746995363055, 
        66.67676756992562
      ], 
      "pose_transform_permuted": [
        [
          -0.3377525278233542, 
          0.4006859549426555, 
          0.8516890781865246, 
          0.0
        ], 
        [
          -0.9289055518369498, 
          0.004082201964672733, 
          -0.37029461491520027, 
          0.0
        ], 
        [
          0.1518485741125425, 
          0.9162063892889049, 
          -0.3708205263549671, 
          0.0
        ], 
        [
          -32.64795272387031, 
          16.427746995363055, 
          66.67676756992562, 
          1.0
        ]
      ], 
      "projected_cuboid": [
        [
          132.19457793493754, 
          523.8487024896102
        ], 
        [
          298.4677434374009, 
          498.7433188575422
        ], 
        [
          294.3187227111309, 
          326.0805662802975
        ], 
        [
          148.02621241686145, 
          331.6677163789215
        ], 
        [
          103.08641263656034, 
          523.7752468095222
        ], 
        [
          304.1600383116131, 
          493.93548692348367
        ], 
        [
          298.58773899877053, 
          293.5289730197755
        ], 
        [
          126.03145636936185, 
          296.47115771104563
        ]
      ], 
      "projected_cuboid_centroid": [
        218.28355120445445, 
        404.6852170013791
      ], 
      "quaternion_xyzw": [
        -0.1841277055106599, 
        0.20063031062945483, 
        0.9613533454604997, 
        0.04054980845844004
      ], 
      "visibility": 0.17584449741102984
    }, 
    {
      "bounding_box": {
        "bottom_right": [
          471, 
          409
        ], 
        "top_left": [
          264, 
          193
        ]
      }, 
      "class": "035_power_drill", 
      "cuboid": [
        [
          -5.842863845104258, 
          16.33261274779815, 
          46.90542829326542
        ], 
        [
          -23.767205421842498, 
          16.62267814662121, 
          42.60154747524688
        ], 
        [
          -25.541192558571606, 
          -0.9104270272480632, 
          48.80800646001409
        ], 
        [
          -7.616850981833369, 
          -1.200492426071119, 
          53.11188727803263
        ], 
        [
          -7.0658972603382235, 
          18.30649363296113, 
          52.132020135016134
        ], 
        [
          -24.99023883707646, 
          18.59655903178419, 
          47.82813931699759
        ], 
        [
          -26.764225973805573, 
          1.063453857914913, 
          54.0345983017648
        ], 
        [
          -8.839884397067333, 
          0.7733884590918574, 
          58.33847911978335
        ]
      ], 
      "cuboid_centroid": [
        -16.303544909454914, 
        8.698033302856533, 
        50.470013297515116
      ], 
      "location": [
        -16.303544909454914, 
        8.698033302856533, 
        50.470013297515116
      ], 
      "pose_transform_permuted": [
        [
          0.21384693427737572, 
          -0.3451323329870475, 
          -0.9138676246746038, 
          0.0
        ], 
        [
          0.972241502856035, 
          -0.01573355529244392, 
          0.2334485502136398, 
          0.0
        ], 
        [
          0.09494889565489362, 
          0.9384222349714799, 
          -0.33218754202332457, 
          0.0
        ], 
        [
          -16.303544909454914, 
          8.698033302856533, 
          50.470013297515116, 
          1.0
        ]
      ], 
      "projected_cuboid": [
        [
          414.6094719079386, 
          458.9900384012807
        ], 
        [
          181.58102184848528, 
          481.3822599853166
        ], 
        [
          200.18556867792145, 
          263.33840451121324
        ], 
        [
          404.47556962494195, 
          261.2318708798733
        ], 
        [
          408.7093258266806, 
          460.5651342907749
        ], 
        [
          200.61496451631845, 
          480.6521025398713
        ], 
        [
          215.2336992192031, 
          283.7827901245072
        ], 
        [
          400.11102726538763, 
          280.3567121933024
        ]
      ], 
      "projected_cuboid_centroid": [
        307.8808514414347, 
        365.19916475533347
      ], 
      "quaternion_xyzw": [
        0.9778204541865186, 
        -0.028298255184132433, 
        0.11436033133074913, 
        0.1731708188631258
      ], 
      "visibility": 0.9214059295170614
    }, 
    {
      "bounding_box": {
        "bottom_right": [
          302, 
          223
        ], 
        "top_left": [
          232, 
          119
        ]
      }, 
      "class": "061_foam_brick", 
      "cuboid": [
        [
          -32.32826750628235, 
          -3.997851805115782, 
          48.64951048676563
        ], 
        [
          -24.885621260303974, 
          -3.988786628313204, 
          50.94091395175317
        ], 
        [
          -24.2454516547949, 
          0.6369471752783721, 
          48.84329601608816
        ], 
        [
          -31.688097900773272, 
          0.6278819984757945, 
          46.55189255110063
        ], 
        [
          -33.728218857013765, 
          -1.7461674367840851, 
          53.1877469462394
        ], 
        [
          -26.28557261103539, 
          -1.737102259981508, 
          55.47915041122694
        ], 
        [
          -25.645403005526312, 
          2.8886315436100682, 
          53.38153247556193
        ], 
        [
          -33.088049251504685, 
          2.879566366807491, 
          51.0901290105744
        ]
      ], 
      "cuboid_centroid": [
        -28.98683525590433, 
        -0.5546101307528566, 
        51.01552148116378
      ], 
      "location": [
        -28.98683525590433, 
        -0.5546101307528566, 
        51.01552148116378
      ], 
      "pose_transform_permuted": [
        [
          0.26635299458805106, 
          -0.42840265417717005, 
          -0.8634391977249665, 
          0.0
        ], 
        [
          -0.9557293149080496, 
          -0.0011640826298481288, 
          -0.2942450025693232, 
          0.0
        ], 
        [
          -0.12505022550706463, 
          -0.9035871904833462, 
          0.4097470320759449, 
          0.0
        ], 
        [
          -28.98683525590433, 
          -0.5546101307528566, 
          51.01552148116378, 
          1.0
        ]
      ], 
      "projected_cuboid": [
        [
          124.24549762645977, 
          229.46014308144194
        ], 
        [
          218.88895028155872, 
          231.52643088980696
        ], 
        [
          214.65497961204366, 
          280.2413594150586
        ], 
        [
          115.53850711963514, 
          280.47983877667565
        ], 
        [
          140.5820134083659, 
          255.77751864895612
        ], 
        [
          226.8088282293023, 
          256.5878206010856
        ], 
        [
          223.24601922245776, 
          302.14602738403744
        ], 
        [
          133.31917956564945, 
          303.345752240643
        ]
      ], 
      "projected_cuboid_centroid": [
        176.04149426863486, 
        267.4886075640266
      ], 
      "quaternion_xyzw": [
        0.03210409761062679, 
        0.9647222013507777, 
        -0.2171997506327626, 
        0.145274462527254
      ], 
      "visibility": 0.9903154805575936
    }
  ]
}