{
  "camera_data": {
    "location_worldframe": [
      -10.058150928485441, 
      -1.3604855125478474, 
      76.790940576157
    ], 
    "quaternion_xyzw_worldframe": [
      -0.8287338693889743, 
      -0.10130910659847159, 
      -0.18900802876971023, 
      0.5169272527716415
    ]
  }, 
  "objects": [
    {
      "bounding_box": {
        "bottom_right": [
          476, 
          399
        ], 
        "top_left": [
          275, 
          235
        ]
      }, 
      "class": "003_cracker_box", 
      "cuboid": [
        [
          -8.79058361112948, 
          19.368016014467372, 
          61.09140326322352
        ], 
        [
          -23.73835771130776, 
          20.567234199818657, 
          54.44279131176189
        ], 
        [
          -28.40483454916899, 
          0.9337566361243679, 
          61.392906406061634
        ], 
        [
          -13.457060448990706, 
          -0.26546154922691967, 
          68.04151835752327
        ], 
        [
          -11.296630040002512, 
          22.134789817567295, 
          67.22468065412599
        ], 
        [
          -26.244404140180787, 
          23.334008002918583, 
          60.57606870266435
        ], 
        [
          -30.910880978042023, 
          3.7005304392242935, 
          67.5261837969641
        ], 
        [
          -15.963106877863739, 
          2.5013122538730057, 
          74.17479574842574
        ]
      ], 
      "cuboid_centroid": [
        -19.85073229458575, 
        11.534273226845832, 
        64.30879353009381
      ], 
      "location": [
        -19.85073229458575, 
        11.534273226845832, 
        64.30879353009381
      ], 
      "pose_transform_permuted": [
        [
          0.3490315443994802, 
          -0.38534455003463797, 
          -0.8542169272337772, 
          0.0
        ], 
        [
          0.9112495713691524, 
          -0.073107009114248, 
          0.40531417924605756, 
          0.0
        ], 
        [
          0.2186348547090553, 
          0.9198722427473132, 
          -0.32562840375092983, 
          0.0
        ], 
        [
          -19.85073229458575, 
          11.534273226845832, 
          64.30879353009381, 
          1.0
        ]
      ], 
      "projected_cuboid": [
        [
          404.21695817019844, 
          442.3666650687431
        ], 
        [
          247.11910954098317, 
          474.7624084528464
        ], 
        [
          232.78822705045684, 
          281.3980728331551
        ], 
        [
          375.239611631031, 
          271.20581071080386
        ], 
        [
          391.2296460240545, 
          448.89044958382317
        ], 
        [
          248.61238524398416, 
          478.722177638278
        ], 
        [
          235.42945507667105, 
          302.51320592543306
        ], 
        [
          365.8652439608953, 
          291.27106756667166
        ]
      ], 
      "projected_cuboid_centroid": [
        315.6009592462675, 
        368.94147802699683
      ], 
      "quaternion_xyzw": [
        0.9598618053332265, 
        -0.07598538201080467, 
        0.19647248162553424, 
        0.18517586329491095
      ], 
      "visibility": 0.5524483420527683
    }, 
    {
      "bounding_box": {
        "bottom_right": [
          446, 
          403
        ], 
        "top_left": [
          310, 
          328
        ]
      }, 
      "class": "006_mustard_bottle", 
      "cuboid": [
        [
          -8.527894111466175, 
          22.749737680462516, 
          73.7614445921497
        ], 
        [
          -16.177264663240752, 
          22.058539395627978, 
          67.99816055413011
        ], 
        [
          -20.10473577539878, 
          4.809871938574503, 
          75.27958742003622
        ], 
        [
          -12.455365223624199, 
          5.501070223409041, 
          81.0428714580558
        ], 
        [
          -11.839709600837702, 
          25.233664432871983, 
          77.8591808499144
        ], 
        [
          -19.48908015261228, 
          24.54246614803744, 
          72.09589681189482
        ], 
        [
          -23.416551264770305, 
          7.293798690983966, 
          79.37732367780092
        ], 
        [
          -15.767180712995726, 
          7.984996975818504, 
          85.14060771582051
        ]
      ], 
      "cuboid_centroid": [
        -15.97222268811824, 
        15.021768185723241, 
        76.56938413497531
      ], 
      "location": [
        -15.97222268811824, 
        15.021768185723241, 
        76.56938413497531
      ], 
      "pose_transform_permuted": [
        [
          0.5685617613894182, 
          -0.42643250327336996, 
          -0.7034860945306182, 
          0.0
        ], 
        [
          0.7966102943373631, 
          0.0719818271844321, 
          0.6001920501565341, 
          0.0
        ], 
        [
          0.20530321643807906, 
          0.9016506568925767, 
          -0.3806266967060551, 
          0.0
        ], 
        [
          -15.97222268811824, 
          15.021768185723241, 
          76.56938413497531, 
          1.0
        ]
      ], 
      "projected_cuboid": [
        [
          419.4237395806394, 
          437.7746480514548
        ], 
        [
          353.6590370771939, 
          446.2949096781319
        ], 
        [
          337.97774468291607, 
          307.3621617368385
        ], 
        [
          398.9488716072124, 
          309.4874823181883
        ], 
        [
          399.8216158412399, 
          446.1320168359002
        ], 
        [
          336.2278246655122, 
          454.83609065866574
        ], 
        [
          322.9550526132454, 
          322.2920410316432
        ], 
        [
          382.0086038889608, 
          323.30444803653427
        ]
      ], 
      "projected_cuboid_centroid": [
        369.42055438664, 
        377.91586519635854
      ], 
      "quaternion_xyzw": [
        0.9221912824572457, 
        -0.03614255301199617, 
        0.3168414822876342, 
        0.21878844859305033
      ], 
      "visibility": 0.07157548334018922
    }, 
    {
      "bounding_box": {
        "bottom_right": [
          356, 
          377
        ], 
        "top_left": [
          270, 
          269
        ]
      }, 
      "class": "008_pudding_box", 
      "cuboid": [
        [
          -11.539010901473116, 
          7.652305701435052, 
          62.051633867259824
        ], 
        [
          -21.663506408836213, 
          8.305053931120343, 
          56.929048479713295
        ], 
        [
          -23.680365228158568, 
          0.05970844111975737, 
          59.86460106061847
        ], 
        [
          -13.55586972079547, 
          -0.5930397885655331, 
          64.987186448165
        ], 
        [
          -13.058591853909762, 
          9.161760921358418, 
          65.24734740530268
        ], 
        [
          -23.183087361272857, 
          9.814509151043708, 
          60.12476201775615
        ], 
        [
          -25.199946180595212, 
          1.5691636610431225, 
          63.06031459866133
        ], 
        [
          -15.075450673232115, 
          0.9164154313578323, 
          68.18289998620786
        ]
      ], 
      "cuboid_centroid": [
        -18.369478541034166, 
        4.610734681239088, 
        62.55597423296058
      ], 
      "location": [
        -18.369478541034166, 
        4.610734681239088, 
        62.55597423296058
      ], 
      "pose_transform_permuted": [
        [
          0.3949938771417576, 
          -0.39236183418418613, 
          -0.8306811681219588, 
          0.0
        ], 
        [
          0.8908173251580718, 
          -0.057432929033059736, 
          0.4507175502729344, 
          0.0
        ], 
        [
          0.22455201487469, 
          0.9180161374605587, 
          -0.3268370797685951, 
          0.0
        ], 
        [
          -18.369478541034166, 
          4.610734681239088, 
          62.55597423296058, 
          1.0
        ]
      ], 
      "projected_cuboid": [
        [
          381.5954337352054, 
          339.0563530956967
        ], 
        [
          276.9589351824022, 
          351.089487776694
        ], 
        [
          268.87622701526806, 
          273.81846637259827
        ], 
        [
          369.4232797071281, 
          268.4197365375238
        ], 
        [
          373.96907958860726, 
          348.17305383227676
        ], 
        [
          274.2443946509624, 
          360.3433470864464
        ], 
        [
          266.6976605999093, 
          286.5574154732611
        ], 
        [
          362.6957767537911, 
          280.4546445882565
        ]
      ], 
      "projected_cuboid_centroid": [
        323.68338129385944, 
        312.5952551497395
      ], 
      "quaternion_xyzw": [
        0.9538755986422692, 
        -0.07390506275376016, 
        0.22165139474645953, 
        0.18849389662983235
      ], 
      "visibility": 0.8336648433615117
    }, 
    {
      "bounding_box": {
        "bottom_right": [
          496, 
          349
        ], 
        "top_left": [
          299, 
          189
        ]
      }, 
      "class": "019_pitcher_base", 
      "cuboid": [
        [
          -36.34461109786465, 
          30.182092902345293, 
          66.61468129445475
        ], 
        [
          -20.246768141599304, 
          30.06005055859936, 
          76.44382834421044
        ], 
        [
          -25.62749426167001, 
          8.022531381170213, 
          84.98257266820546
        ], 
        [
          -41.725337217935355, 
          8.14457372491615, 
          75.15342561844977
        ], 
        [
          -30.068518645387794, 
          24.64039547717019, 
          56.267102617869384
        ], 
        [
          -13.970675689122444, 
          24.518353133424252, 
          66.09624966762506
        ], 
        [
          -19.351401809193153, 
          2.480833955995107, 
          74.63499399162008
        ], 
        [
          -35.4492447654585, 
          2.602876299741044, 
          64.8058469418644
        ]
      ], 
      "cuboid_centroid": [
        -27.8480064535289, 
        16.3314634291702, 
        70.62483764303742
      ], 
      "location": [
        -27.8480064535289, 
        16.3314634291702, 
        70.62483764303742
      ], 
      "pose_transform_permuted": [
        [
          -0.47151085000636034, 
          0.4163371529670767, 
          0.7773938408729092, 
          0.0
        ], 
        [
          -0.8534627450615098, 
          0.006470344753028514, 
          -0.5211139682185035, 
          0.0
        ], 
        [
          0.22198904758394522, 
          0.9091873074643944, 
          -0.35227730937206003, 
          0.0
        ], 
        [
          -27.8480064535289, 
          16.3314634291702, 
          70.62483764303742, 
          1.0
        ]
      ], 
      "projected_cuboid": [
        [
          188.19591922177395, 
          514.925481426347
        ], 
        [
          339.1659059910915, 
          483.0041042161977
        ], 
        [
          319.4280049252567, 
          323.6330144159369
        ], 
        [
          183.0293750379288, 
          331.0837791362363
        ], 
        [
          194.22191301932077, 
          506.83695791870025
        ], 
        [
          367.930609538425, 
          471.1210284240245
        ], 
        [
          342.1653222657114, 
          291.01384337221066
        ], 
        [
          187.43644635063035, 
          294.70690309863267
        ]
      ], 
      "projected_cuboid_centroid": [
        269.5518971934309, 
        396.6126872413128
      ], 
      "quaternion_xyzw": [
        -0.26378543391473114, 
        0.20425572254363805, 
        0.9407502183628251, 
        0.060712022138713524
      ], 
      "visibility": 0.2790269432060477
    }, 
    {
      "bounding_box": {
        "bottom_right": [
          443, 
          487
        ], 
        "top_left": [
          261, 
          310
        ]
      }, 
      "class": "035_power_drill", 
      "cuboid": [
        [
          1.8929257245028488, 
          15.709032307117294, 
          55.64101547946545
        ], 
        [
          -15.050309753894469, 
          16.087906235006628, 
          48.383414287526534
        ], 
        [
          -18.03331384468328, 
          -1.3339688342782998, 
          54.43790817169266
        ], 
        [
          -1.0900783662859583, 
          -1.7128427621676365, 
          61.69550936363157
        ], 
        [
          -0.16838116715313795, 
          17.771750683905456, 
          60.560922547725745
        ], 
        [
          -17.11161664555046, 
          18.150624611794797, 
          53.303321355786835
        ], 
        [
          -20.094620736339262, 
          0.7287495425098669, 
          59.35781523995296
        ], 
        [
          -3.151385257941946, 
          0.34987561462053035, 
          66.61541643189187
        ]
      ], 
      "cuboid_centroid": [
        -9.100847505918209, 
        8.218890924813579, 
        57.499415359709204
      ], 
      "location": [
        -9.100847505918209, 
        8.218890924813579, 
        57.499415359709204
      ], 
      "pose_transform_permuted": [
        [
          0.36041873745627306, 
          -0.36066553510262905, 
          -0.8602439069710853, 
          0.0
        ], 
        [
          0.9190249278745526, 
          -0.02055065484369827, 
          0.3936624985510055, 
          0.0
        ], 
        [
          0.1596589616070464, 
          0.9324688797440375, 
          -0.32405393260676363, 
          0.0
        ], 
        [
          -9.100847505918209, 
          8.218890924813579, 
          57.499415359709204, 
          1.0
        ]
      ], 
      "projected_cuboid": [
        [
          499.8919786175661, 
          423.8577396365481
        ], 
        [
          314.318360851365, 
          450.6199398030211
        ], 
        [
          303.4552625272854, 
          260.2178561280326
        ], 
        [
          472.09548742164, 
          258.4800699357165
        ], 
        [
          480.1018915405999, 
          429.79047266791076
        ], 
        [
          308.96220349215133, 
          454.89029748539
        ], 
        [
          299.5458271515998, 
          279.8342251002483
        ], 
        [
          456.15698798647145, 
          276.08762408050586
        ]
      ], 
      "projected_cuboid_centroid": [
        396.48127636644847, 
        349.51853885882394
      ], 
      "quaternion_xyzw": [
        0.9632935319244175, 
        -0.04676913383056027, 
        0.19570390826273235, 
        0.17770270561806217
      ], 
      "visibility": 0.9347434743474348
    }, 
    {
      "bounding_box": {
        "bottom_right": [
          296, 
          313
        ], 
        "top_left": [
          232, 
          230
        ]
      }, 
      "class": "061_foam_brick", 
      "cuboid": [
        [
          -24.730843769135188, 
          -4.365111313791401, 
          53.182838466905814
        ], 
        [
          -17.778809223450462, 
          -4.385314560936482, 
          56.69174180897358
        ], 
        [
          -16.74489218844829, 
          0.20267089811289196, 
          54.669704138252584
        ], 
        [
          -23.696926734133015, 
          0.2228741452579744, 
          51.16080079618482
        ], 
        [
          -26.847948321978997, 
          -2.0334682625179474, 
          57.390788732162925
        ], 
        [
          -19.89591377629427, 
          -2.0536715096630296, 
          60.899692074230686
        ], 
        [
          -18.8619967412921, 
          2.534313949386345, 
          58.877654403509695
        ], 
        [
          -25.814031286976824, 
          2.5545171965314273, 
          55.36875106144193
        ]
      ], 
      "cuboid_centroid": [
        -21.796420255213643, 
        -0.9153986822025277, 
        56.03024643520775
      ], 
      "location": [
        -21.796420255213643, 
        -0.9153986822025277, 
        56.03024643520775
      ], 
      "pose_transform_permuted": [
        [
          0.4027976666555834, 
          -0.4436154932759905, 
          -0.8005993591443332, 
          0.0
        ], 
        [
          -0.8927286067310504, 
          0.0025943508417212713, 
          -0.4505872879562267, 
          0.0
        ], 
        [
          -0.20196453763186994, 
          -0.896213458652128, 
          0.3949832427710514, 
          0.0
        ], 
        [
          -21.796420255213643, 
          -0.9153986822025277, 
          56.03024643520775, 
          1.0
        ]
      ], 
      "projected_cuboid": [
        [
          231.52847003704184, 
          229.51303108568118
        ], 
        [
          312.9516266603932, 
          232.03230836905814
        ], 
        [
          316.8842607331047, 
          275.2636542034135
        ], 
        [
          232.51272459314873, 
          275.60986256585954
        ], 
        [
          230.02602644545024, 
          254.38997861859008
        ], 
        [
          305.909702446136, 
          255.30182909047858
        ], 
        [
          309.31943245724864, 
          296.2426029402828
        ], 
        [
          230.880610535398, 
          297.8920062345634
        ]
      ], 
      "projected_cuboid_centroid": [
        272.4005854790981, 
        264.57338616276155
      ], 
      "quaternion_xyzw": [
        0.05398447406698235, 
        0.9473042574230719, 
        -0.2213118777509406, 
        0.22521406082699655
      ], 
      "visibility": 0.9726455646737007
    }
  ]
}