{
  "camera_data": {
    "location_worldframe": [
      -9.801748778477254, 
      -1.120586162696756, 
      77.90160176245013
    ], 
    "quaternion_xyzw_worldframe": [
      -0.8289282375110859, 
      -0.10179559598470292, 
      -0.1932466180693255, 
      0.5149475718313307
    ]
  }, 
  "objects": [
    {
      "bounding_box": {
        "bottom_right": [
          475, 
          404
        ], 
        "top_left": [
          277, 
          242
        ]
      }, 
      "class": "003_cracker_box", 
      "cuboid": [
        [
          -8.320301647759521, 
          19.55778299521938, 
          62.15476346216483
        ], 
        [
          -23.21002538777435, 
          20.803251258465455, 
          55.38549086915738
        ], 
        [
          -28.01675555826589, 
          1.2099797033361503, 
          62.353460586474085
        ], 
        [
          -13.127031818251059, 
          -0.03548855990992417, 
          69.12273317948153
        ], 
        [
          -10.862300865330216, 
          22.352752062565955, 
          68.26039900855872
        ], 
        [
          -25.75202460534505, 
          23.59822032581203, 
          61.491126415551264
        ], 
        [
          -30.558754775836583, 
          4.004948770682723, 
          68.45909613286797
        ], 
        [
          -15.669031035821753, 
          2.7594805074366486, 
          75.22836872587541
        ]
      ], 
      "cuboid_centroid": [
        -19.439528211798052, 
        11.781365882951052, 
        65.3069297975164
      ], 
      "location": [
        -19.439528211798052, 
        11.781365882951052, 
        65.3069297975164
      ], 
      "pose_transform_permuted": [
        [
          0.3540388967055013, 
          -0.3892714671545194, 
          -0.8503670880736854, 
          0.0
        ], 
        [
          0.9077106922382363, 
          -0.07592651677973454, 
          0.41266992045226425, 
          0.0
        ], 
        [
          0.22520603636655234, 
          0.917988501512445, 
          -0.3264649326880338, 
          0.0
        ], 
        [
          -19.439528211798052, 
          11.781365882951052, 
          65.3069297975164, 
          1.0
        ]
      ], 
      "projected_cuboid": [
        [
          409.609684803484, 
          441.1022948720789
        ], 
        [
          256.2399167025961, 
          473.6058114167776
        ], 
        [
          239.96808982863936, 
          283.63569687268637
        ], 
        [
          379.47082137161283, 
          273.01272438773145
        ], 
        [
          396.0224952532803, 
          447.92894537845206
        ], 
        [
          256.3855137712957, 
          477.95660602819714
        ], 
        [
          241.55009687286534, 
          304.48644755746636
        ], 
        [
          369.58824546579547, 
          292.84943717652067
        ]
      ], 
      "projected_cuboid_centroid": [
        321.5240289483994, 
        369.49735605791375
      ], 
      "quaternion_xyzw": [
        0.9586535195033146, 
        -0.07853008073821759, 
        0.19994419296426388, 
        0.18665148181310118
      ], 
      "visibility": 0.5610285847263701
    }, 
    {
      "bounding_box": {
        "bottom_right": [
          446, 
          406
        ], 
        "top_left": [
          312, 
          332
        ]
      }, 
      "class": "006_mustard_bottle", 
      "cuboid": [
        [
          -8.142292244118316, 
          22.97409735210377, 
          74.81695553237778
        ], 
        [
          -15.749136176495798, 
          22.299922703429374, 
          68.99565999429157
        ], 
        [
          -19.80905964581235, 
          5.08914729428494, 
          76.29408220896737
        ], 
        [
          -12.202215713434866, 
          5.763321942959333, 
          82.11537774705356
        ], 
        [
          -11.475275248552396, 
          25.483978748366237, 
          78.88158049097176
        ], 
        [
          -19.08211918092988, 
          24.809804099691846, 
          73.06028495288557
        ], 
        [
          -23.14204265024643, 
          7.59902869054741, 
          80.35870716756135
        ], 
        [
          -15.535198717868948, 
          8.273203339221803, 
          86.18000270564755
        ]
      ], 
      "cuboid_centroid": [
        -15.642167447182374, 
        15.28656302132559, 
        77.58783134996956
      ], 
      "location": [
        -15.642167447182374, 
        15.28656302132559, 
        77.58783134996956
      ], 
      "pose_transform_permuted": [
        [
          0.5721957318466573, 
          -0.4308883125032801, 
          -0.6978016538850546, 
          0.0
        ], 
        [
          0.7921815452571873, 
          0.070208974932023, 
          0.6062334045176849, 
          0.0
        ], 
        [
          0.21222698345581004, 
          0.8996699015691142, 
          -0.38151510547273, 
          0.0
        ], 
        [
          -15.642167447182374, 
          15.28656302132559, 
          77.58783134996956, 
          1.0
        ]
      ], 
      "projected_cuboid": [
        [
          423.0724771835288, 
          437.0533731376036
        ], 
        [
          358.84559823982863, 
          445.6594884239078
        ], 
        [
          341.9715674123869, 
          308.86127503968635
        ], 
        [
          401.68618361234076, 
          310.7179246550535
        ], 
        [
          403.3660031856258, 
          445.58411162318737
        ], 
        [
          341.14214087546503, 
          454.39114754514094
        ], 
        [
          326.7294974984897, 
          323.71929077943315
        ], 
        [
          384.6572847243928, 
          324.48474194801224
        ]
      ], 
      "projected_cuboid_centroid": [
        373.1806503502775, 
        378.3625953580023
      ], 
      "quaternion_xyzw": [
        0.9205505283132692, 
        -0.03856877057688718, 
        0.32003380045948854, 
        0.22062977343149814
      ], 
      "visibility": 0.060144006776789494
    }, 
    {
      "bounding_box": {
        "bottom_right": [
          357, 
          382
        ], 
        "top_left": [
          272, 
          275
        ]
      }, 
      "class": "008_pudding_box", 
      "cuboid": [
        [
          -11.127406053000964, 
          7.856893575506565, 
          63.126028583858876
        ], 
        [
          -21.208425902638197, 
          8.539230220830762, 
          57.922200562455195
        ], 
        [
          -23.284318084279302, 
          0.31106761075004735, 
          60.864805261371025
        ], 
        [
          -13.20329823464207, 
          -0.37126903457414817, 
          66.0686332827747
        ], 
        [
          -12.665407838129688, 
          9.381970814020745, 
          66.30547134552315
        ], 
        [
          -22.746427687766925, 
          10.06430745934494, 
          61.10164332411947
        ], 
        [
          -24.822319869408027, 
          1.8361448492642263, 
          64.0442480230353
        ], 
        [
          -14.741300019770796, 
          1.1538082039400308, 
          69.24807604443897
        ]
      ], 
      "cuboid_centroid": [
        -17.974862961204497, 
        4.846519212385396, 
        63.58513830344709
      ], 
      "location": [
        -17.974862961204497, 
        4.846519212385396, 
        63.58513830344709
      ], 
      "pose_transform_permuted": [
        [
          0.3997821157107905, 
          -0.39642256005869236, 
          -0.8264518067078301, 
          0.0
        ], 
        [
          0.8869920610649941, 
          -0.06003630549324441, 
          0.45786579244744907, 
          0.0
        ], 
        [
          0.23112464173706876, 
          0.9161030386008906, 
          -0.327622244943893, 
          0.0
        ], 
        [
          -17.974862961204497, 
          4.846519212385396, 
          63.58513830344709, 
          1.0
        ]
      ], 
      "projected_cuboid": [
        [
          386.8038638100157, 
          339.66542004816864
        ], 
        [
          284.6928041657557, 
          351.9116360915349
        ], 
        [
          275.87114273665486, 
          276.01222563936574
        ], 
        [
          374.12914742379417, 
          270.28957804863364
        ], 
        [
          378.8755218750362, 
          348.7492209594853
        ], 
        [
          281.4026114871552, 
          361.13183914055
        ], 
        [
          273.17006938067374, 
          288.5767792736623
        ], 
        [
          367.11965428776136, 
          282.1726839299502
        ]
      ], 
      "projected_cuboid_centroid": [
        329.57672623975066, 
        313.9366596159148
      ], 
      "quaternion_xyzw": [
        0.952568489187748, 
        -0.07641470155038016, 
        0.2250882529427236, 
        0.19002434292676845
      ], 
      "visibility": 0.8308624468222251
    }, 
    {
      "bounding_box": {
        "bottom_right": [
          495, 
          354
        ], 
        "top_left": [
          301, 
          197
        ]
      }, 
      "class": "019_pitcher_base", 
      "cuboid": [
        [
          -35.869247158864745, 
          30.50723573667093, 
          67.43099300596272
        ], 
        [
          -19.8497370849819, 
          30.34289252591827, 
          77.38668796944039
        ], 
        [
          -25.39368208164158, 
          8.353217916716885, 
          85.94434560227319
        ], 
        [
          -41.41319215552443, 
          8.517561127469545, 
          75.9886506387955
        ], 
        [
          -29.536435206919933, 
          24.909056881568645, 
          57.148579982749524
        ], 
        [
          -13.516925133037084, 
          24.744713670815983, 
          67.1042749462272
        ], 
        [
          -19.06087012969676, 
          2.7550390616146005, 
          75.66193257906
        ], 
        [
          -35.08038020357961, 
          2.91938227236726, 
          65.70623761558232
        ]
      ], 
      "cuboid_centroid": [
        -27.465058644280756, 
        16.631137399142766, 
        71.54646279251136
      ], 
      "location": [
        -27.465058644280756, 
        16.631137399142766, 
        71.54646279251136
      ], 
      "pose_transform_permuted": [
        [
          -0.4757720777700653, 
          0.4205804950204634, 
          0.772498069683208, 
          0.0
        ], 
        [
          -0.8493097540671027, 
          0.008713018766691174, 
          -0.5278231857279805, 
          0.0
        ], 
        [
          0.2287228604845042, 
          0.9072134158564702, 
          -0.3530576032063617, 
          0.0
        ], 
        [
          -27.465058644280756, 
          16.631137399142766, 
          71.54646279251136, 
          1.0
        ]
      ], 
      "projected_cuboid": [
        [
          195.5388396583479, 
          514.5718212242089
        ], 
        [
          343.66023981547113, 
          482.39819812277585
        ], 
        [
          322.70577255565286, 
          325.1216490205885
        ], 
        [
          188.52008434468848, 
          333.0662828768871
        ], 
        [
          203.66134306619824, 
          505.74179473977466
        ], 
        [
          373.2743732108219, 
          469.948231907552
        ], 
        [
          346.1227327391331, 
          292.70602984314814
        ], 
        [
          194.48633365138755, 
          296.98236646160535
        ]
      ], 
      "projected_cuboid_centroid": [
        275.1617023483766, 
        397.2578835823423
      ], 
      "quaternion_xyzw": [
        -0.26711696477039776, 
        0.20591155433396957, 
        0.939284466975631, 
        0.06319594531774457
      ], 
      "visibility": 0.285899935022742
    }, 
    {
      "bounding_box": {
        "bottom_right": [
          442, 
          492
        ], 
        "top_left": [
          263, 
          319
        ]
      }, 
      "class": "035_power_drill", 
      "cuboid": [
        [
          2.389538220400536, 
          15.836940132823305, 
          56.798776883676396
        ], 
        [
          -14.494384891586561, 
          16.269057075708638, 
          49.407162426261245
        ], 
        [
          -17.601013561630793, 
          -1.1224950715235966, 
          55.48661246268729
        ], 
        [
          -0.7170904496436953, 
          -1.554612014408928, 
          62.878226920102435
        ], 
        [
          0.2987184440056606, 
          17.922501918381855, 
          61.69655020071543
        ], 
        [
          -16.585204667981436, 
          18.354618861267184, 
          54.304935743300284
        ], 
        [
          -19.69183333802567, 
          0.9630667140349519, 
          60.38438577972632
        ], 
        [
          -2.8079102260385707, 
          0.5309497711496205, 
          67.77600023714147
        ]
      ], 
      "cuboid_centroid": [
        -8.651147558812566, 
        8.400003423429128, 
        58.591581331701356
      ], 
      "location": [
        -8.651147558812566, 
        8.400003423429128, 
        58.591581331701356
      ], 
      "pose_transform_permuted": [
        [
          0.3655790542918399, 
          -0.3646596965647317, 
          -0.8563738288654779, 
          0.0
        ], 
        [
          0.915807741680586, 
          -0.02343863087867138, 
          0.4009315665985785, 
          0.0
        ], 
        [
          0.16627570478013728, 
          0.9308459097109845, 
          -0.3253896576792933, 
          0.0
        ], 
        [
          -8.651147558812566, 
          8.400003423429128, 
          58.591581331701356, 
          1.0
        ]
      ], 
      "projected_cuboid": [
        [
          504.2209308323538, 
          421.9895695210294
        ], 
        [
          323.83535455667516, 
          448.90088845448827
        ], 
        [
          311.01192521566713, 
          262.4974741498813
        ], 
        [
          475.4641760522823, 
          260.1006535802905
        ], 
        [
          484.2007808270328, 
          428.2128867221566
        ], 
        [
          317.35921159188405, 
          453.544143415835
        ], 
        [
          306.22790242934815, 
          281.79241796784015
        ], 
        [
          459.3178983174836, 
          277.4645052507277
        ]
      ], 
      "projected_cuboid_centroid": [
        402.19528877723224, 
        349.746094501299
      ], 
      "quaternion_xyzw": [
        0.9621626006368478, 
        -0.04929373048101181, 
        0.19916348348581395, 
        0.17929644994185154
      ], 
      "visibility": 0.9372735811082785
    }, 
    {
      "bounding_box": {
        "bottom_right": [
          298, 
          321
        ], 
        "top_left": [
          235, 
          238
        ]
      }, 
      "class": "061_foam_brick", 
      "cuboid": [
        [
          -24.301659381857963, 
          -4.1279910361347305, 
          54.18738605378092
        ], 
        [
          -17.37754327283164, 
          -4.168543992321616, 
          57.750890891160836
        ], 
        [
          -16.307719119524506, 
          0.40916631492078603, 
          55.72424934083716
        ], 
        [
          -23.23183522855083, 
          0.4497192711076705, 
          52.160744503457245
        ], 
        [
          -26.441514610340196, 
          -1.775275185765853, 
          58.37203468534623
        ], 
        [
          -19.51739850131387, 
          -1.8158281419527376, 
          61.935539522726145
        ], 
        [
          -18.447574348006736, 
          2.7618821652896632, 
          59.90889797240248
        ], 
        [
          -25.371690457033058, 
          2.802435121476548, 
          56.34539313502256
        ]
      ], 
      "cuboid_centroid": [
        -21.37461686493235, 
        -0.6830544354225335, 
        57.0481420130917
      ], 
      "location": [
        -21.37461686493235, 
        -0.6830544354225335, 
        57.0481420130917
      ], 
      "pose_transform_permuted": [
        [
          0.407126181772933, 
          -0.4476247776989715, 
          -0.796166019436235, 
          0.0
        ], 
        [
          -0.8891435285936531, 
          0.005207509231670127, 
          -0.4575988061693674, 
          0.0
        ], 
        [
          -0.20897860578303384, 
          -0.8942063186074838, 
          0.3958825609791756, 
          0.0
        ], 
        [
          -21.37461686493235, 
          -0.6830544354225335, 
          57.0481420130917, 
          1.0
        ]
      ], 
      "projected_cuboid": [
        [
          240.423634822716, 
          232.65829183314216
        ], 
        [
          319.7810807057112, 
          234.79074839084015
        ], 
        [
          324.2202599211538, 
          277.20254243376104
        ], 
        [
          242.0827528652165, 
          277.88471035213985
        ], 
        [
          237.9993392796305, 
          257.0666301575882
        ], 
        [
          312.1345163180137, 
          257.6506572699849
        ], 
        [
          316.00494445494024, 
          297.8733004660104
        ], 
        [
          239.44804075629708, 
          299.81210551574105
        ]
      ], 
      "projected_cuboid_centroid": [
        280.10935295126063, 
        266.9009433953899
      ], 
      "quaternion_xyzw": [
        0.05660426714280996, 
        0.9459804261502154, 
        -0.22291881400519692, 
        0.2285261312069125
      ], 
      "visibility": 0.984869880976397
    }
  ]
}