{
  "camera_data": {
    "location_worldframe": [
      -19.768563253107825, 
      7.8479949556798045, 
      80.88223932151345
    ], 
    "quaternion_xyzw_worldframe": [
      0.9393426483708791, 
      0.030882815776338227, 
      -0.09550454499981532, 
      -0.32796727406094
    ]
  }, 
  "objects": [
    {
      "bounding_box": {
        "bottom_right": [
          471, 
          298
        ], 
        "top_left": [
          305, 
          88
        ]
      }, 
      "class": "003_cracker_box", 
      "cuboid": [
        [
          -30.64158164615601, 
          19.187168999902042, 
          60.12279108717299
        ], 
        [
          -46.80927468225416, 
          17.971279892396215, 
          62.61386139045797
        ], 
        [
          -43.341486347623295, 
          3.826036447895177, 
          78.21642781744023
        ], 
        [
          -27.173793311525145, 
          5.0419255554010025, 
          75.72535751415526
        ], 
        [
          -30.30800848664153, 
          24.53752850595355, 
          64.8992730182807
        ], 
        [
          -46.47570152273968, 
          23.321639398447722, 
          67.39034332156568
        ], 
        [
          -43.00791318810882, 
          9.176395953946685, 
          82.99290974854794
        ], 
        [
          -26.84022015201067, 
          10.392285061452512, 
          80.50183944526297
        ]
      ], 
      "cuboid_centroid": [
        -36.824747417132414, 
        14.181782476924361, 
        71.55785041786046
      ], 
      "location": [
        -36.824747417132414, 
        14.181782476924361, 
        71.55785041786046
      ], 
      "pose_transform_permuted": [
        [
          -0.04645865842474012, 
          -0.7451754364859816, 
          -0.6652481957249492, 
          0.0
        ], 
        [
          0.9856185443019744, 
          0.0741233056254102, 
          -0.15186118889044425, 
          0.0
        ], 
        [
          -0.16247362304518992, 
          0.6627362253725753, 
          -0.7310150596215381, 
          0.0
        ], 
        [
          -36.824747417132414, 
          14.181782476924361, 
          71.55785041786046, 
          1.0
        ]
      ], 
      "projected_cuboid": [
        [
          207.52562695982203, 
          443.48643702513135
        ], 
        [
          79.57197327919691, 
          426.3586419600815
        ], 
        [
          183.60990083448365, 
          299.37441006313736
        ], 
        [
          288.62223543247507, 
          308.79588021311463
        ], 
        [
          230.46087514591238, 
          474.92738642605656
        ], 
        [
          110.72850320777962, 
          457.8513641835838
        ], 
        [
          202.921357347263, 
          332.25484840698766
        ], 
        [
          302.3004874614373, 
          342.1347677282614
        ]
      ], 
      "projected_cuboid_centroid": [
        204.8556073171015, 
        378.9831495348947
      ], 
      "quaternion_xyzw": [
        0.9101652274998615, 
        0.06498735655956382, 
        -0.05447358384036225, 
        0.40547321835247335
      ], 
      "visibility": 0.3964385286446623
    }, 
    {
      "bounding_box": {
        "bottom_right": [
          493, 
          340
        ], 
        "top_left": [
          366, 
          243
        ]
      }, 
      "class": "006_mustard_bottle", 
      "cuboid": [
        [
          -24.8731362400823, 
          27.900437217372914, 
          68.05000539330425
        ], 
        [
          -34.04285679408422, 
          25.050827545736958, 
          68.0949218829179
        ], 
        [
          -30.272120018754194, 
          13.145444620683206, 
          82.58644137410322
        ], 
        [
          -21.102399464752274, 
          15.99505429231916, 
          82.54152488448956
        ], 
        [
          -26.1656351016976, 
          32.11948713913406, 
          71.8524415644433
        ], 
        [
          -35.335355655699516, 
          29.2698774674981, 
          71.89735805405695
        ], 
        [
          -31.564618880369494, 
          17.36449454244435, 
          86.38887754524227
        ], 
        [
          -22.394898326367574, 
          20.214104214080304, 
          86.3439610556286
        ]
      ], 
      "cuboid_centroid": [
        -28.2188775602259, 
        22.63246587990863, 
        77.21944146927325
      ], 
      "location": [
        -28.2188775602259, 
        22.63246587990863, 
        77.21944146927325
      ], 
      "pose_transform_permuted": [
        [
          0.2218920201660348, 
          -0.7243128316190144, 
          -0.6527899316769944, 
          0.0
        ], 
        [
          0.9549405065519042, 
          0.2967601561336168, 
          -0.004677631678260842, 
          0.0
        ], 
        [
          -0.19711014192316645, 
          0.6223377174880101, 
          -0.7575244928996313, 
          0.0
        ], 
        [
          -28.2188775602259, 
          22.63246587990863, 
          77.21944146927325, 
          1.0
        ]
      ], 
      "projected_cuboid": [
        [
          285.0375302279589, 
          491.94705771338704
        ], 
        [
          212.75142038159782, 
          469.4846763353637
        ], 
        [
          284.4792781106488, 
          358.1760540939494
        ], 
        [
          344.11340693696883, 
          376.6342250991282
        ], 
        [
          285.7660471495466, 
          511.69112270734684
        ], 
        [
          217.30247826667056, 
          490.4043747550737
        ], 
        [
          285.1097810078769, 
          380.4858124077537
        ], 
        [
          342.11805568371784, 
          398.1427236582288
        ]
      ], 
      "projected_cuboid_centroid": [
        285.07794533366365, 
        429.59869253141346
      ], 
      "quaternion_xyzw": [
        0.8986195184443899, 
        0.13739694273270614, 
        0.060430021836103714, 
        0.4122538221415084
      ], 
      "visibility": 0.9137380191693291
    }, 
    {
      "bounding_box": {
        "bottom_right": [
          363, 
          275
        ], 
        "top_left": [
          290, 
          160
        ]
      }, 
      "class": "008_pudding_box", 
      "cuboid": [
        [
          -30.109914345797435, 
          9.308019159199043, 
          67.04043088217793
        ], 
        [
          -41.332966653873484, 
          8.06309914738729, 
          68.33102827759517
        ], 
        [
          -39.9167237007996, 
          2.1328958377263314, 
          74.92631866587718
        ], 
        [
          -28.693671392723548, 
          3.3778158495380843, 
          73.63572127045994
        ], 
        [
          -30.130907433932315, 
          12.166459444334205, 
          69.61512402423573
        ], 
        [
          -41.353959742008364, 
          10.92153943252245, 
          70.90572141965296
        ], 
        [
          -39.93771678893448, 
          4.991336122861492, 
          77.50101180793499
        ], 
        [
          -28.714664480858428, 
          6.236256134673245, 
          76.21041441251775
        ]
      ], 
      "cuboid_centroid": [
        -35.02381556736596, 
        7.149677641030268, 
        72.27072134505646
      ], 
      "location": [
        -35.02381556736596, 
        7.149677641030268, 
        72.27072134505646
      ], 
      "pose_transform_permuted": [
        [
          0.005456860499783458, 
          -0.743011689501157, 
          -0.6692555766778804, 
          0.0
        ], 
        [
          0.9874753196264006, 
          0.10953595802885953, 
          -0.11355494392836085, 
          0.0
        ], 
        [
          -0.15768094703409857, 
          0.660253999458595, 
          -0.7343031307813612, 
          0.0
        ], 
        [
          -35.02381556736596, 
          7.149677641030268, 
          72.27072134505646, 
          1.0
        ]
      ], 
      "projected_cuboid": [
        [
          240.07074980260927, 
          347.33362915925676
        ], 
        [
          156.30733210790996, 
          336.2185439053412
        ], 
        [
          195.10524488831808, 
          288.46832109020187
        ], 
        [
          272.04627299054914, 
          297.7509597297861
        ], 
        [
          248.8413558897615, 
          366.4934548758449
        ], 
        [
          167.9598745413853, 
          355.4332356120396
        ], 
        [
          204.477241339885, 
          307.6341837529325
        ], 
        [
          278.9776048082692, 
          316.9277850200571
        ]
      ], 
      "projected_cuboid_centroid": [
        220.98603009651413, 
        326.0473659952703
      ], 
      "quaternion_xyzw": [
        0.910629575590821, 
        0.07336048384151876, 
        -0.029676744069739552, 
        0.405575126231769
      ], 
      "visibility": 0.4887432795698925
    }, 
    {
      "bounding_box": {
        "bottom_right": [
          519, 
          275
        ], 
        "top_left": [
          340, 
          94
        ]
      }, 
      "class": "019_pitcher_base", 
      "cuboid": [
        [
          -53.44749508840195, 
          32.6290852352833, 
          74.47135490258297
        ], 
        [
          -34.96063524005492, 
          36.18409514943052, 
          73.30281249348579
        ], 
        [
          -30.82619662665686, 
          20.646144327907, 
          91.44098002290522
        ], 
        [
          -49.31305647500389, 
          17.09113441375977, 
          92.6095224320024
        ], 
        [
          -52.098790096662576, 
          22.72591102910723, 
          65.68043533863859
        ], 
        [
          -33.611930248315545, 
          26.280920943254454, 
          64.51189292954142
        ], 
        [
          -29.477491634917484, 
          10.74297012173093, 
          82.65006045896082
        ], 
        [
          -47.964351483264515, 
          7.187960207583707, 
          83.81860286805801
        ]
      ], 
      "cuboid_centroid": [
        -41.46249336165972, 
        21.686027678507113, 
        78.5607076807719
      ], 
      "location": [
        -41.46249336165972, 
        21.686027678507113, 
        78.5607076807719
      ], 
      "pose_transform_permuted": [
        [
          -0.10132563245015387, 
          0.7440065810171967, 
          0.6604450121344421, 
          0.0
        ], 
        [
          -0.9801217589588214, 
          -0.1884767125814269, 
          0.06195286007562358, 
          0.0
        ], 
        [
          -0.17057179079586043, 
          0.6410389280751684, 
          -0.748314343626348, 
          0.0
        ], 
        [
          -41.46249336165972, 
          21.686027678507113, 
          78.5607076807719, 
          1.0
        ]
      ], 
      "projected_cuboid": [
        [
          95.64813961320166, 
          506.9566539569066
        ], 
        [
          225.11889270993314, 
          536.5463759888005
        ], 
        [
          300.3083367618676, 
          393.70293207839813
        ], 
        [
          195.2465223614482, 
          371.7109380010013
        ], 
        [
          55.0338993757594, 
          457.8190145817833
        ], 
        [
          201.41172905474534, 
          490.5508154088302
        ], 
        [
          289.8012706587576, 
          342.60816116629076
        ], 
        [
          173.86702488729756, 
          319.0219691457288
        ]
      ], 
      "projected_cuboid_centroid": [
        197.77787146603256, 
        420.5049577687873
      ], 
      "quaternion_xyzw": [
        -0.010867328664021897, 
        0.41189738446737784, 
        0.9057601364556225, 
        -0.09910143119741911
      ], 
      "visibility": 0.2073451910408432
    }, 
    {
      "bounding_box": {
        "bottom_right": [
          417, 
          305
        ], 
        "top_left": [
          268, 
          103
        ]
      }, 
      "class": "035_power_drill", 
      "cuboid": [
        [
          -23.53590717884994, 
          12.959684053646553, 
          51.87887094788378
        ], 
        [
          -41.52521860915407, 
          10.833118427847053, 
          55.306981490673536
        ], 
        [
          -37.52356118165925, 
          -1.8247049801025637, 
          68.45396536283897
        ], 
        [
          -19.534249751355116, 
          0.3018606456969358, 
          65.0258548200492
        ], 
        [
          -23.279636399297434, 
          17.11432715022294, 
          55.80092969189354
        ], 
        [
          -41.268947829601565, 
          14.98776152442344, 
          59.229040234683296
        ], 
        [
          -37.267290402106745, 
          2.3299381164738246, 
          72.37602410684872
        ], 
        [
          -19.27797897180261, 
          4.456503742273324, 
          68.94791356405896
        ]
      ], 
      "cuboid_centroid": [
        -30.40159879047834, 
        7.644811085060188, 
        62.12744752736625
      ], 
      "location": [
        -30.40159879047834, 
        7.644811085060188, 
        62.12744752736625
      ], 
      "pose_transform_permuted": [
        [
          -0.044808849757954114, 
          -0.7264377883326779, 
          -0.6857705014558542, 
          0.0
        ], 
        [
          0.9757655591122055, 
          0.11534791116860248, 
          -0.18594553846284365, 
          0.0
        ], 
        [
          -0.21418021904623027, 
          0.6774831277499845, 
          -0.703664403202163, 
          0.0
        ], 
        [
          -30.40159879047834, 
          7.644811085060188, 
          62.12744752736625, 
          1.0
        ]
      ], 
      "projected_cuboid": [
        [
          237.62946193158135, 
          406.5132865832657
        ], 
        [
          77.83667938091786, 
          377.7491943886975
        ], 
        [
          186.81763714896172, 
          259.07040171759076
        ], 
        [
          320.04876403859856, 
          275.7622946505998
        ], 
        [
          257.24684997697364, 
          436.857393743315
        ], 
        [
          106.89987480450337, 
          408.2417338988823
        ], 
        [
          204.695870565556, 
          290.4552294151887
        ], 
        [
          331.237139533657, 
          307.7580773706823
        ]
      ], 
      "projected_cuboid_centroid": [
        218.44629492972913, 
        338.9117587747172
      ], 
      "quaternion_xyzw": [
        0.9136491652048455, 
        0.09016812545900774, 
        -0.0631408633118658, 
        0.3913160122064479
      ], 
      "visibility": 0.7696020196020196
    }, 
    {
      "bounding_box": {
        "bottom_right": [
          299, 
          220
        ], 
        "top_left": [
          240, 
          136
        ]
      }, 
      "class": "061_foam_brick", 
      "cuboid": [
        [
          -43.19286639789698, 
          -4.773201260705687, 
          72.29921289185457
        ], 
        [
          -35.577853088639586, 
          -3.5407263118299217, 
          71.23329874906923
        ], 
        [
          -36.63188262490308, 
          -0.4119257528306058, 
          67.32090048863859
        ], 
        [
          -44.24689593416047, 
          -1.6444007017063709, 
          68.38681463142393
        ], 
        [
          -43.388901617583464, 
          -0.6971257849217498, 
          75.61172181251521
        ], 
        [
          -35.77388830832607, 
          0.535349163954015, 
          74.54580766972987
        ], 
        [
          -36.827917844589564, 
          3.66414972295333, 
          70.63340940929923
        ], 
        [
          -44.442931153846956, 
          2.431674774077566, 
          71.69932355208456
        ]
      ], 
      "cuboid_centroid": [
        -40.01039212124327, 
        -0.5545257688761778, 
        71.4663111505769
      ], 
      "location": [
        -40.01039212124327, 
        -0.5545257688761778, 
        71.4663111505769
      ], 
      "pose_transform_permuted": [
        [
          0.03729741592873448, 
          -0.775509026492063, 
          -0.6302338078795613, 
          0.0
        ], 
        [
          -0.977863412090135, 
          -0.15826527280761893, 
          0.13687677201983, 
          0.0
        ], 
        [
          0.2058932977551176, 
          -0.6111774318906602, 
          0.7642447884592082, 
          0.0
        ], 
        [
          -40.01039212124327, 
          -0.5545257688761778, 
          71.4663111505769, 
          1.0
        ]
      ], 
      "projected_cuboid": [
        [
          160.32705180854134, 
          238.07672580050155
        ], 
        [
          213.00794633376663, 
          246.77732510052945
        ], 
        [
          188.97905243403864, 
          270.02324130532867
        ], 
        [
          133.6588201471702, 
          260.46255865841823
        ], 
        [
          173.00748134895647, 
          268.3694322189953
        ], 
        [
          223.5287683937353, 
          277.1165614515132
        ], 
        [
          201.20951264303716, 
          300.95280553477335
        ], 
        [
          148.26325174112986, 
          291.37401374369625
        ]
      ], 
      "projected_cuboid_centroid": [
        180.53005058721325, 
        269.14837207985977
      ], 
      "quaternion_xyzw": [
        -0.10148024918520576, 
        0.8971168613759799, 
        -0.42908395807811134, 
        -0.027749828472280275
      ], 
      "visibility": 0.9069060773480663
    }
  ]
}