{
  "camera_data": {
    "location_worldframe": [
      -10.986704510343131, 
      -2.1242381108040593, 
      73.28307652252985
    ], 
    "quaternion_xyzw_worldframe": [
      -0.8303301446603801, 
      -0.0879576306614308, 
      -0.1663318474320776, 
      0.5245486758319963
    ]
  }, 
  "objects": [
    {
      "bounding_box": {
        "bottom_right": [
          478, 
          377
        ], 
        "top_left": [
          270, 
          210
        ]
      }, 
      "class": "003_cracker_box", 
      "cuboid": [
        [
          -10.63544938377841, 
          18.785905101644122, 
          57.77835428512025
        ], 
        [
          -25.92191866341162, 
          19.997864670389355, 
          51.9531395548538
        ], 
        [
          -30.13954025723696, 
          0.26759452088973706, 
          58.91601647933397
        ], 
        [
          -14.85307097760375, 
          -0.944365047855493, 
          64.74123120960041
        ], 
        [
          -12.819396081626333, 
          21.472535313620128, 
          64.06840932939447
        ], 
        [
          -28.10586536125954, 
          22.684494882365357, 
          58.243194599128024
        ], 
        [
          -32.32348695508488, 
          2.9542247328657414, 
          65.20607152360819
        ], 
        [
          -17.037017675451672, 
          1.7422651641205114, 
          71.03128625387464
        ]
      ], 
      "cuboid_centroid": [
        -21.479468169431644, 
        10.870064917254933, 
        61.492212904364216
      ], 
      "location": [
        -21.479468169431644, 
        10.870064917254933, 
        61.492212904364216
      ], 
      "pose_transform_permuted": [
        [
          0.30417085655463927, 
          -0.37418248972265816, 
          -0.8760522555234762, 
          0.0
        ], 
        [
          0.9318971831831029, 
          -0.07388375219844015, 
          0.35511805239452143, 
          0.0
        ], 
        [
          0.19760498475042448, 
          0.9244071914183882, 
          -0.3262263239773153, 
          0.0
        ], 
        [
          -21.479468169431644, 
          10.870064917254933, 
          61.492212904364216, 
          1.0
        ]
      ], 
      "projected_cuboid": [
        [
          382.6090992545536, 
          446.6886918202426
        ], 
        [
          213.28075078370352, 
          478.5725503708175
        ], 
        [
          206.49428325536044, 
          275.70885718880834
        ], 
        [
          358.2221042366056, 
          265.50713119114545
        ], 
        [
          373.9963027504459, 
          452.0286622662901
        ], 
        [
          222.09339342932915, 
          481.00325816443484
        ], 
        [
          215.02054011857166, 
          297.44910239164375
        ], 
        [
          352.61313033397016, 
          286.3678741095935
        ]
      ], 
      "projected_cuboid_centroid": [
        293.75401454200045, 
        367.5621904080249
      ], 
      "quaternion_xyzw": [
        0.9659654018293004, 
        -0.07026357684103693, 
        0.17062953489344182, 
        0.18127171334852465
      ], 
      "visibility": 0.5218202163371877
    }, 
    {
      "bounding_box": {
        "bottom_right": [
          448, 
          393
        ], 
        "top_left": [
          306, 
          316
        ]
      }, 
      "class": "006_mustard_bottle", 
      "cuboid": [
        [
          -9.706808242225403, 
          22.02494569307586, 
          70.45433684026891
        ], 
        [
          -17.651250287313726, 
          21.367125493987903, 
          65.10090980816035
        ], 
        [
          -21.121745653627894, 
          4.020838176983106, 
          72.38257952139932
        ], 
        [
          -13.177303608539576, 
          4.678658376071065, 
          77.73600655350786
        ], 
        [
          -12.803322601850386, 
          24.448445994192834, 
          74.75174320880078
        ], 
        [
          -20.747764646938705, 
          23.790625795104877, 
          69.39831617669225
        ], 
        [
          -24.218260013252877, 
          6.44433847810008, 
          76.6799858899312
        ], 
        [
          -16.273817968164554, 
          7.102158677188039, 
          82.03341292203974
        ]
      ], 
      "cuboid_centroid": [
        -16.96253412773914, 
        14.23464208558797, 
        73.56716136510005
      ], 
      "location": [
        -16.96253412773914, 
        14.23464208558797, 
        73.56716136510005
      ], 
      "pose_transform_permuted": [
        [
          0.5315995604604478, 
          -0.41605868574288624, 
          -0.7377648127258, 
          0.0
        ], 
        [
          0.8273392265479608, 
          0.06850581219325984, 
          0.5575092819594465, 
          0.0
        ], 
        [
          0.18141543018154752, 
          0.9067536024430096, 
          -0.38063939122044266, 
          0.0
        ], 
        [
          -16.96253412773914, 
          14.23464208558797, 
          73.56716136510005, 
          1.0
        ]
      ], 
      "projected_cuboid": [
        [
          407.50692171874783, 
          440.00920379871656
        ], 
        [
          335.7894712964716, 
          448.3302738616173
        ], 
        [
          324.67374747888346, 
          302.91233682317574
        ], 
        [
          390.4388009258201, 
          305.38517856710615
        ], 
        [
          389.48997021623, 
          447.71504582752476
        ], 
        [
          320.82369746850543, 
          456.11527693990803
        ], 
        [
          311.7521133638252, 
          318.10777615807666
        ], 
        [
          374.91524978041735, 
          319.4594347367234
        ]
      ], 
      "projected_cuboid_centroid": [
        357.6036957596192, 
        376.47950129288427
      ], 
      "quaternion_xyzw": [
        0.931646075733265, 
        -0.030298420432732617, 
        0.2922539123998069, 
        0.21378775098050956
      ], 
      "visibility": 0.10678517776664997
    }, 
    {
      "bounding_box": {
        "bottom_right": [
          354, 
          356
        ], 
        "top_left": [
          264, 
          243
        ]
      }, 
      "class": "008_pudding_box", 
      "cuboid": [
        [
          -13.286698466662719, 
          7.048674263094368, 
          58.749031895913426
        ], 
        [
          -23.67319087071464, 
          7.717093052603813, 
          54.18325020543799
        ], 
        [
          -25.500576771909163, 
          -0.569327447444308, 
          57.127194288858774
        ], 
        [
          -15.114084367857238, 
          -1.2377462369537537, 
          61.69297597933421
        ], 
        [
          -14.638380260470685, 
          8.515474646294633, 
          62.03865487025626
        ], 
        [
          -25.024872664522608, 
          9.18389343580408, 
          57.47287317978083
        ], 
        [
          -26.852258565717126, 
          0.8974729357559583, 
          60.41681726320161
        ], 
        [
          -16.465766161665204, 
          0.22905414624651219, 
          64.98259895367704
        ]
      ], 
      "cuboid_centroid": [
        -20.069478516189925, 
        3.9730735994251627, 
        59.58292457955751
      ], 
      "location": [
        -20.069478516189925, 
        3.9730735994251627, 
        59.58292457955751
      ], 
      "pose_transform_permuted": [
        [
          0.3513508323080892, 
          -0.38127430422463454, 
          -0.8550916164661853, 
          0.0
        ], 
        [
          0.9138694737355806, 
          -0.05881172427042556, 
          0.40172642970773936, 
          0.0
        ], 
        [
          0.20345657422104652, 
          0.9225893263118593, 
          -0.32777136866360823, 
          0.0
        ], 
        [
          -20.069478516189925, 
          3.9730735994251627, 
          59.58292457955751, 
          1.0
        ]
      ], 
      "projected_cuboid": [
        [
          359.9761994407169, 
          337.27390762120893
        ], 
        [
          246.64272086165477, 
          349.2450091787675
        ], 
        [
          241.5486509600237, 
          267.9714952817432
        ], 
        [
          349.8509406929937, 
          262.5865466666225
        ], 
        [
          354.7085316301494, 
          346.49040415751614
        ], 
        [
          247.44354022352917, 
          358.5084861473113
        ], 
        [
          242.5878145878051, 
          281.2088336879368
        ], 
        [
          345.3344894245165, 
          275.1664114208909
        ]
      ], 
      "projected_cuboid_centroid": [
        300.4605525794176, 
        308.8490413480574
      ], 
      "quaternion_xyzw": [
        0.960670393073715, 
        -0.06825137434815987, 
        0.1959770144488159, 
        0.1845184565904061
      ], 
      "visibility": 0.8332774986041318
    }, 
    {
      "bounding_box": {
        "bottom_right": [
          497, 
          334
        ], 
        "top_left": [
          294, 
          165
        ]
      }, 
      "class": "019_pitcher_base", 
      "cuboid": [
        [
          -37.89266452619622, 
          29.42148220756734, 
          64.89204145117343
        ], 
        [
          -21.291335943884057, 
          29.25540021056936, 
          73.84390606008857
        ], 
        [
          -26.128542844425006, 
          7.100286208040273, 
          82.40351893928025
        ], 
        [
          -42.72987142673717, 
          7.266368205038249, 
          73.4516543303651
        ], 
        [
          -32.15984184606299, 
          24.023619117950755, 
          54.16031514660069
        ], 
        [
          -15.558513263750823, 
          23.85753712095278, 
          63.11217975551583
        ], 
        [
          -20.39572016429177, 
          1.702423118423693, 
          71.6717926347075
        ], 
        [
          -36.99704874660393, 
          1.8685051154216703, 
          62.719928025792356
        ]
      ], 
      "cuboid_centroid": [
        -29.144192345243997, 
        15.561952662995516, 
        68.28191704294046
      ], 
      "location": [
        -29.144192345243997, 
        15.561952662995516, 
        68.28191704294046
      ], 
      "pose_transform_permuted": [
        [
          -0.43069602866965256, 
          0.40553115379914917, 
          0.8062541191386907, 
          0.0
        ], 
        [
          -0.8801561489959598, 
          0.008805204364850855, 
          -0.4746028994878563, 
          0.0
        ], 
        [
          0.19956543575264923, 
          0.9140388391428722, 
          -0.3531382695081423, 
          0.0
        ], 
        [
          -29.144192345243997, 
          15.561952662995516, 
          68.28191704294046, 
          1.0
        ]
      ], 
      "projected_cuboid": [
        [
          167.57841494219275, 
          515.0889574510625
        ], 
        [
          326.5441341625154, 
          484.5765235505866
        ], 
        [
          311.0826255342391, 
          319.2399357199244
        ], 
        [
          168.7574530359942, 
          326.0463634422623
        ], 
        [
          162.2782889701655, 
          509.8484283538918
        ], 
        [
          349.0266423410793, 
          474.8909161240654
        ], 
        [
          328.5649762974202, 
          285.95450057204823
        ], 
        [
          164.3823941436515, 
          289.17479552057085
        ]
      ], 
      "projected_cuboid_centroid": [
        252.0678079038055, 
        394.8340057002832
      ], 
      "quaternion_xyzw": [
        -0.23855233521158953, 
        0.1999144779193818, 
        0.94874247128469, 
        0.05490706024664046
      ], 
      "visibility": 0.23373838456040028
    }, 
    {
      "bounding_box": {
        "bottom_right": [
          448, 
          468
        ], 
        "top_left": [
          255, 
          274
        ]
      }, 
      "class": "035_power_drill", 
      "cuboid": [
        [
          -0.24601534534232639, 
          15.23354632160354, 
          51.72242260279002
        ], 
        [
          -17.55475253233027, 
          15.623813863067559, 
          45.3864256623907
        ], 
        [
          -20.147197450834856, 
          -1.877828388786633, 
          51.39048165492369
        ], 
        [
          -2.838460263846912, 
          -2.2680959302506536, 
          57.726478595323016
        ], 
        [
          -2.048304364246714, 
          17.231778758160843, 
          56.76901553125896
        ], 
        [
          -19.35704155123466, 
          17.62204629962486, 
          50.43301859085963
        ], 
        [
          -21.94948646973924, 
          0.12040404777066832, 
          56.43707458339263
        ], 
        [
          -4.640749282751299, 
          -0.2698634936933522, 
          62.77307152379195
        ]
      ], 
      "cuboid_centroid": [
        -11.097750907540785, 
        7.676975184687104, 
        54.079748593091324
      ], 
      "location": [
        -11.097750907540785, 
        7.676975184687104, 
        54.079748593091324
      ], 
      "pose_transform_permuted": [
        [
          0.31512955948203036, 
          -0.3493901926217152, 
          -0.8823948821484286, 
          0.0
        ], 
        [
          0.938850254731622, 
          -0.021168660472378507, 
          0.3436733874464615, 
          0.0
        ], 
        [
          0.1387551109936477, 
          0.9367382488604442, 
          -0.3213543515271865, 
          0.0
        ], 
        [
          -11.097750907540785, 
          7.676975184687104, 
          54.079748593091324, 
          1.0
        ]
      ], 
      "projected_cuboid": [
        [
          479.0392190731287, 
          430.36248619925306
        ], 
        [
          273.5984414059191, 
          456.87636192959945
        ], 
        [
          270.77129942068916, 
          253.7988308939755
        ], 
        [
          455.154752981636, 
          252.3322028903727
        ], 
        [
          462.1938017750168, 
          435.171414416176
        ], 
        [
          275.19418605527926, 
          459.63632726098984
        ], 
        [
          272.4500833586817, 
          274.42433325241956
        ], 
        [
          441.8407226456709, 
          270.99377959832674
        ]
      ], 
      "projected_cuboid_centroid": [
        371.24206058259955, 
        348.9947524614781
      ], 
      "quaternion_xyzw": [
        0.9692759392634915, 
        -0.04124825681413927, 
        0.16992141253116375, 
        0.1730014428756402
      ], 
      "visibility": 0.9254945667316802
    }, 
    {
      "bounding_box": {
        "bottom_right": [
          291, 
          282
        ], 
        "top_left": [
          224, 
          195
        ]
      }, 
      "class": "061_foam_brick", 
      "cuboid": [
        [
          -26.8915084189002, 
          -4.922529654146119, 
          50.460616203543985
        ], 
        [
          -19.76155940912748, 
          -4.953442889411601, 
          53.592144049418856
        ], 
        [
          -18.853736473511027, 
          -0.33857230024910856, 
          51.570743962255825
        ], 
        [
          -25.983685483283747, 
          -0.30765906498362705, 
          48.43921611638095
        ], 
        [
          -28.788590767719164, 
          -2.6475571566181535, 
          54.80240329394719
        ], 
        [
          -21.65864175794644, 
          -2.678470391883635, 
          57.93393113982206
        ], 
        [
          -20.750818822329993, 
          1.9364001972788571, 
          55.912531052659034
        ], 
        [
          -27.880767832102716, 
          1.9673134325443389, 
          52.78100320678416
        ]
      ], 
      "cuboid_centroid": [
        -23.821163620615096, 
        -1.493064728433631, 
        53.186573628101506
      ], 
      "location": [
        -23.821163620615096, 
        -1.493064728433631, 
        53.186573628101506
      ], 
      "pose_transform_permuted": [
        [
          0.36093651706116203, 
          -0.43283342453682505, 
          -0.8260629862519453, 
          0.0
        ], 
        [
          -0.9155750598950623, 
          0.003969647916268304, 
          -0.40212753150409053, 
          0.0
        ], 
        [
          -0.17733341577353706, 
          -0.9014651787502083, 
          0.3948586977020318, 
          0.0
        ], 
        [
          -23.821163620615096, 
          -1.493064728433631, 
          53.186573628101506, 
          1.0
        ]
      ], 
      "projected_cuboid": [
        [
          195.01147619735977, 
          221.2601922723944
        ], 
        [
          283.30204331183154, 
          223.99259492502355
        ], 
        [
          284.99604499205105, 
          269.78518771636436
        ], 
        [
          193.13056976568404, 
          269.8991874532668
        ], 
        [
          199.1009136679383, 
          247.52135261874653
        ], 
        [
          280.5536048775455, 
          248.62947285861404
        ], 
        [
          282.0166978853466, 
          291.75681873285856
        ], 
        [
          197.5313481264385, 
          293.1650305462883
        ]
      ], 
      "projected_cuboid_centroid": [
        240.74371487650976, 
        258.315078000132
      ], 
      "quaternion_xyzw": [
        0.04749407227927115, 
        0.9543457477373198, 
        -0.21682187095223382, 
        0.19989192867847388
      ], 
      "visibility": 0.9916039881056499
    }
  ]
}