{
  "camera_data": {
    "location_worldframe": [
      -23.47896470132738, 
      15.34748885575378, 
      74.32082661546957
    ], 
    "quaternion_xyzw_worldframe": [
      0.9231881530934649, 
      0.03154759228550608, 
      -0.1073745134090312, 
      -0.36769540455772654
    ]
  }, 
  "objects": [
    {
      "bounding_box": {
        "bottom_right": [
          539, 
          255
        ], 
        "top_left": [
          365, 
          16
        ]
      }, 
      "class": "003_cracker_box", 
      "cuboid": [
        [
          -34.932807555746585, 
          28.36128571865987, 
          54.89909313188461
        ], 
        [
          -51.02437326229475, 
          26.880954991571976, 
          57.71835717369387
        ], 
        [
          -47.11100223462715, 
          11.480330467442162, 
          71.96826379138713
        ], 
        [
          -31.01943652807898, 
          12.96066119453006, 
          69.14899974957788
        ], 
        [
          -34.47499819380649, 
          33.2900108772644, 
          60.10010038375434
        ], 
        [
          -50.56656390035465, 
          31.8096801501765, 
          62.91936442556359
        ], 
        [
          -46.65319287268705, 
          16.409055626046687, 
          77.16927104325686
        ], 
        [
          -30.561627166138884, 
          17.889386353134583, 
          74.35000700144761
        ]
      ], 
      "cuboid_centroid": [
        -40.79300021421682, 
        22.38517067235328, 
        66.03418208757074
      ], 
      "location": [
        -40.79300021421682, 
        22.38517067235328, 
        66.03418208757074
      ], 
      "pose_transform_permuted": [
        [
          -0.06376175109826299, 
          -0.6864519883623701, 
          -0.7243742863811714, 
          0.0
        ], 
        [
          0.9809776528918563, 
          0.09024425519832713, 
          -0.17186860949714938, 
          0.0
        ], 
        [
          -0.1833501666856826, 
          0.7215536307697767, 
          -0.6676399286286617, 
          0.0
        ], 
        [
          -40.79300021421682, 
          22.38517067235328, 
          66.03418208757074, 
          1.0
        ]
      ], 
      "projected_cuboid": [
        [
          139.41278382724923, 
          548.8034584765879
        ], 
        [
          6.201141064010141, 
          521.6674762712281
        ], 
        [
          129.57243336038098, 
          358.3613297995476
        ], 
        [
          240.36238922694966, 
          373.2471223849921
        ], 
        [
          173.1214854464272, 
          568.6972712657456
        ], 
        [
          49.41090797734385, 
          542.9129958038058
        ], 
        [
          156.48827767480304, 
          386.6901063760346
        ], 
        [
          260.5487588305486, 
          401.6087864629391
        ]
      ], 
      "projected_cuboid_centroid": [
        149.3902180231622, 
        454.0785083637186
      ], 
      "quaternion_xyzw": [
        0.925595155837962, 
        0.07389689222074595, 
        -0.06364293263346082, 
        0.3657354698894092
      ], 
      "visibility": 0.23325275956639008
    }, 
    {
      "bounding_box": {
        "bottom_right": [
          539, 
          305
        ], 
        "top_left": [
          423, 
          196
        ]
      }, 
      "class": "006_mustard_bottle", 
      "cuboid": [
        [
          -28.959928285507715, 
          36.39411581248963, 
          63.374512098510614
        ], 
        [
          -38.12128957342312, 
          33.51789753004351, 
          63.42832245265642
        ], 
        [
          -33.938492946713424, 
          20.444091978443897, 
          76.75275701337756
        ], 
        [
          -24.77713165879802, 
          23.32031026089002, 
          76.69894665923177
        ], 
        [
          -30.152860433185065, 
          40.27204867344784, 
          67.55398646762865
        ], 
        [
          -39.314221721100466, 
          37.39583039100172, 
          67.60779682177444
        ], 
        [
          -35.13142509439077, 
          24.322024839402104, 
          80.93223138249559
        ], 
        [
          -25.97006380647537, 
          27.198243121848225, 
          80.87842102834979
        ]
      ], 
      "cuboid_centroid": [
        -32.04567668994925, 
        30.358070325945867, 
        72.1533717405031
      ], 
      "location": [
        -32.04567668994925, 
        30.358070325945867, 
        72.1533717405031
      ], 
      "pose_transform_permuted": [
        [
          0.20479872905909, 
          -0.6657509589686442, 
          -0.7175186288649826, 
          0.0
        ], 
        [
          0.9540699672869347, 
          0.2995311937171573, 
          -0.005603844363970213, 
          0.0
        ], 
        [
          -0.2186500108203203, 
          0.6834154228456154, 
          -0.6965167137872732, 
          0.0
        ], 
        [
          -32.04567668994925, 
          30.358070325945867, 
          72.1533717405031, 
          1.0
        ]
      ], 
      "projected_cuboid": [
        [
          235.8577825133359, 
          579.5562674403151
        ], 
        [
          158.393537091966, 
          555.1125495843531
        ], 
        [
          243.80886400798792, 
          415.3431237840258
        ], 
        [
          307.87564982033234, 
          435.44232615695205
        ], 
        [
          241.56499662781323, 
          591.2229520265679
        ], 
        [
          168.88500296813987, 
          568.2810447399299
        ], 
        [
          248.16205825118772, 
          433.56152271432484
        ], 
        [
          308.92102426575445, 
          452.6341995739766
        ]
      ], 
      "projected_cuboid_centroid": [
        242.75844749259178, 
        497.67734636032134
      ], 
      "quaternion_xyzw": [
        0.9158335027445672, 
        0.1414507121066749, 
        0.05437529968552503, 
        0.3718655379699142
      ], 
      "visibility": 0.645475567384172
    }, 
    {
      "bounding_box": {
        "bottom_right": [
          441, 
          225
        ], 
        "top_left": [
          353, 
          95
        ]
      }, 
      "class": "008_pudding_box", 
      "cuboid": [
        [
          -34.198602918447904, 
          17.93481613268409, 
          60.9392879016858
        ], 
        [
          -45.380345717196384, 
          16.54487310454662, 
          62.42557755846432
        ], 
        [
          -43.775796103850354, 
          10.083663480067756, 
          68.45459915642391
        ], 
        [
          -32.594053305101866, 
          11.473606508205226, 
          66.9683094996454
        ], 
        [
          -34.15250074849302, 
          20.565352993366886, 
          63.746121841146255
        ], 
        [
          -45.334243547241506, 
          19.175409965229417, 
          65.23241149792477
        ], 
        [
          -43.72969393389546, 
          12.714200340750553, 
          71.26143309588436
        ], 
        [
          -32.54795113514699, 
          14.104143368888023, 
          69.77514343910585
        ]
      ], 
      "cuboid_centroid": [
        -38.96414842617168, 
        15.324508236717321, 
        66.10036049878508
      ], 
      "location": [
        -38.96414842617168, 
        15.324508236717321, 
        66.10036049878508
      ], 
      "pose_transform_permuted": [
        [
          -0.011983616158077913, 
          -0.6837713725611645, 
          -0.7295973396236562, 
          0.0
        ], 
        [
          0.983840647007304, 
          0.12229600275362398, 
          -0.13077319018005845, 
          0.0
        ], 
        [
          -0.1786465394560025, 
          0.7193749140021362, 
          -0.6712561804399, 
          0.0
        ], 
        [
          -38.96414842617168, 
          15.324508236717321, 
          66.10036049878508, 
          1.0
        ]
      ], 
      "projected_cuboid": [
        [
          179.8085391882849, 
          430.24584934663426
        ], 
        [
          90.66889513345272, 
          414.6341261470794
        ], 
        [
          137.70420745356813, 
          351.84685781822407
        ], 
        [
          219.86268766345134, 
          364.65959317940394
        ], 
        [
          193.48564379150397, 
          445.342581069384
        ], 
        [
          107.86989275088904, 
          430.0586304881995
        ], 
        [
          151.59730784140456, 
          368.43943810568396
        ], 
        [
          230.7467503207699, 
          381.0901983070646
        ]
      ], 
      "projected_cuboid_centroid": [
        164.6015663366377, 
        396.9297417920874
      ], 
      "quaternion_xyzw": [
        0.9263925869512741, 
        0.08121355525955198, 
        -0.03852492138563631, 
        0.36567314227449
      ], 
      "visibility": 0.4767457094196253
    }, 
    {
      "bounding_box": {
        "bottom_right": [
          539, 
          238
        ], 
        "top_left": [
          393, 
          38
        ]
      }, 
      "class": "019_pitcher_base", 
      "cuboid": [
        [
          -57.35301844075029, 
          40.460275458879934, 
          70.94970409250872
        ], 
        [
          -38.909820701600125, 
          44.16784393456672, 
          69.58223670471865
        ], 
        [
          -34.258595388401474, 
          27.167622540088253, 
          86.22174376862841
        ], 
        [
          -52.70179312755163, 
          23.46005406440147, 
          87.58921115641847
        ], 
        [
          -56.233726161904166, 
          31.340358535386525, 
          61.319209224878726
        ], 
        [
          -37.79052842275401, 
          35.04792701107331, 
          59.95174183708867
        ], 
        [
          -33.13930310955535, 
          18.047705616594843, 
          76.59124890099841
        ], 
        [
          -51.582500848705514, 
          14.340137140908057, 
          77.95871628878848
        ]
      ], 
      "cuboid_centroid": [
        -45.24616077515282, 
        29.25399053773739, 
        73.77047649675357
      ], 
      "location": [
        -45.24616077515282, 
        29.25399053773739, 
        73.77047649675357
      ], 
      "pose_transform_permuted": [
        [
          -0.08409029309248173, 
          0.6851619559693899, 
          0.7235207026349736, 
          0.0
        ], 
        [
          -0.9778069156800308, 
          -0.19656494210807396, 
          0.07249930774800886, 
          0.0
        ], 
        [
          -0.19189251679692226, 
          0.7013668549305185, 
          -0.686485103117479, 
          0.0
        ], 
        [
          -45.24616077515282, 
          29.25399053773739, 
          73.77047649675357, 
          1.0
        ]
      ], 
      "projected_cuboid": [
        [
          46.88927114109964, 
          577.4211008907387
        ], 
        [
          180.8838051319911, 
          611.8151227510293
        ], 
        [
          267.9266062225305, 
          441.33028768465886
        ], 
        [
          158.02835960731153, 
          416.131827824901
        ], 
        [
          -11.567714027947012, 
          545.8671397505971
        ], 
        [
          142.6179872916924, 
          585.06640044733
        ], 
        [
          248.91872733205975, 
          398.95618007173977
        ], 
        [
          125.77780697050453, 
          371.3881528704686
        ]
      ], 
      "projected_cuboid_centroid": [
        151.7665140387793, 
        484.7766459566131
      ], 
      "quaternion_xyzw": [
        -0.0031418025163475584, 
        0.371792738383092, 
        0.9223196942011922, 
        -0.10529360409067098
      ], 
      "visibility": 0.0012911939833947909
    }, 
    {
      "bounding_box": {
        "bottom_right": [
          537, 
          250
        ], 
        "top_left": [
          343, 
          17
        ]
      }, 
      "class": "035_power_drill", 
      "cuboid": [
        [
          -28.048430005762853, 
          22.878394067473888, 
          45.96728022251896
        ], 
        [
          -45.93400316263453, 
          20.404954829740195, 
          49.692588287407
        ], 
        [
          -41.55635377389103, 
          6.695870637333874, 
          61.607878336901734
        ], 
        [
          -23.670780617019354, 
          9.169309875067567, 
          57.88257027201369
        ], 
        [
          -27.689808396041094, 
          26.687622383386834, 
          50.218215289317
        ], 
        [
          -45.575381552912766, 
          24.21418314565314, 
          53.94352335420505
        ], 
        [
          -41.197732164169274, 
          10.505098953246815, 
          65.85881340369978
        ], 
        [
          -23.312159007297595, 
          12.97853819098051, 
          62.13350533881174
        ]
      ], 
      "cuboid_centroid": [
        -34.62308108496606, 
        16.691746510360353, 
        55.91304681310937
      ], 
      "location": [
        -34.62308108496606, 
        16.691746510360353, 
        55.91304681310937
      ], 
      "pose_transform_permuted": [
        [
          -0.06270485405334973, 
          -0.6660421433904342, 
          -0.7432744032370153, 
          0.0
        ], 
        [
          0.9701386492235571, 
          0.13416282385725986, 
          -0.20206595015511566, 
          0.0
        ], 
        [
          -0.23430439061238004, 
          0.7337496296105916, 
          -0.6377406059963014, 
          0.0
        ], 
        [
          -34.62308108496606, 
          16.691746510360353, 
          55.91304681310937, 
          1.0
        ]
      ], 
      "projected_cuboid": [
        [
          153.4628758032767, 
          538.7252484864995
        ], 
        [
          -15.492234306189173, 
          492.2802024185294
        ], 
        [
          118.85917947693181, 
          331.25053599062886
        ], 
        [
          261.68122863394365, 
          357.77090862284246
        ], 
        [
          185.07951007688337, 
          556.7102232585303
        ], 
        [
          27.25521720552004, 
          512.6831746689204
        ], 
        [
          145.2008173408871, 
          358.3560177574327
        ], 
        [
          279.8308847592058, 
          384.687118721902
        ]
      ], 
      "projected_cuboid_centroid": [
        148.59702250410186, 
        432.49866822107424
      ], 
      "quaternion_xyzw": [
        0.9283268123445488, 
        0.09922885172815715, 
        -0.07130323090091781, 
        0.35111092668269195
      ], 
      "visibility": 0.8527896796600832
    }, 
    {
      "bounding_box": {
        "bottom_right": [
          370, 
          163
        ], 
        "top_left": [
          303, 
          64
        ]
      }, 
      "class": "061_foam_brick", 
      "cuboid": [
        [
          -47.11400426917507, 
          3.4125578002353665, 
          65.3431502246616
        ], 
        [
          -39.53274478637264, 
          4.758143210529251, 
          64.178032326084
        ], 
        [
          -40.697898250523956, 
          8.202568583186649, 
          60.5744809379807
        ], 
        [
          -48.27915773332638, 
          6.856983172892764, 
          61.73959883655831
        ], 
        [
          -47.22418749013727, 
          7.193377998093663, 
          68.99264261818514
        ], 
        [
          -39.64292800733485, 
          8.538963408387549, 
          67.82752471960754
        ], 
        [
          -40.808081471486155, 
          11.983388781044946, 
          64.22397333150425
        ], 
        [
          -48.389340954288585, 
          10.63780337075106, 
          65.38909123008185
        ]
      ], 
      "cuboid_centroid": [
        -43.961042870330616, 
        7.697973290640156, 
        64.78356177808293
      ], 
      "location": [
        -43.961042870330616, 
        7.697973290640156, 
        64.78356177808293
      ], 
      "pose_transform_permuted": [
        [
          0.020963321933514023, 
          -0.7193341262697557, 
          -0.6943478623263981, 
          0.0
        ], 
        [
          -0.9735289965654466, 
          -0.17279007759173548, 
          0.14961578102632328, 
          0.0
        ], 
        [
          0.22760015812777126, 
          -0.6728313338939922, 
          0.7039148841661501, 
          0.0
        ], 
        [
          -43.961042870330616, 
          7.697973290640156, 
          64.78356177808293, 
          1.0
        ]
      ], 
      "projected_cuboid": [
        [
          93.85610244791498, 
          301.13924935686686
        ], 
        [
          150.34216922473385, 
          312.826718035798
        ], 
        [
          120.29202872981264, 
          345.50491096587353
        ], 
        [
          61.07613391762116, 
          332.51859449770313
        ], 
        [
          113.50754766635242, 
          328.89202300056695
        ], 
        [
          167.29192038544653, 
          340.42736944330403
        ], 
        [
          139.90039862160847, 
          372.7972904024421
        ], 
        [
          83.64007164702302, 
          360.0494636135256
        ]
      ], 
      "projected_cuboid_centroid": [
        116.67938946983668, 
        336.6587854149771
      ], 
      "quaternion_xyzw": [
        -0.10953028333177911, 
        0.9138802154530206, 
        -0.3893423302008966, 
        -0.03519401583418534
      ], 
      "visibility": 0.959618371422232
    }
  ]
}