{
  "camera_data": {
    "location_worldframe": [
      -22.29512414942238, 
      14.663541728480073, 
      71.81854342514168
    ], 
    "quaternion_xyzw_worldframe": [
      0.9144815357129185, 
      0.024477682953565606, 
      -0.07607817295551994, 
      -0.396658418976323
    ]
  }, 
  "objects": [
    {
      "bounding_box": {
        "bottom_right": [
          539, 
          257
        ], 
        "top_left": [
          374, 
          22
        ]
      }, 
      "class": "003_cracker_box", 
      "cuboid": [
        [
          -32.22885870042463, 
          29.28766278783238, 
          52.708063285854166
        ], 
        [
          -48.4879627987044, 
          28.338996954379418, 
          54.66246415182238
        ], 
        [
          -45.91604752639308, 
          11.966459770971607, 
          68.11158401731451
        ], 
        [
          -29.656943428113316, 
          12.915125604424565, 
          66.15718315134632
        ], 
        [
          -31.834296353513924, 
          33.87516264675432, 
          58.21728856112964
        ], 
        [
          -48.09340045179369, 
          32.92649681330136, 
          60.17168942709785
        ], 
        [
          -45.52148517948237, 
          16.553959629893544, 
          73.62080929259
        ], 
        [
          -29.262381081202605, 
          17.502625463346504, 
          71.66640842662179
        ]
      ], 
      "cuboid_centroid": [
        -38.8751719399535, 
        22.92081120886296, 
        63.16443628922208
      ], 
      "location": [
        -38.8751719399535, 
        22.92081120886296, 
        63.16443628922208
      ], 
      "pose_transform_permuted": [
        [
          -0.054952974421171696, 
          -0.638927572228569, 
          -0.7673015887174823, 
          0.0
        ], 
        [
          0.9911911660631236, 
          0.05783278020613508, 
          -0.11914462577915136, 
          0.0
        ], 
        [
          -0.12049997062527112, 
          0.7670899080158304, 
          -0.6301212820557428, 
          0.0
        ], 
        [
          -38.8751719399535, 
          22.92081120886296, 
          63.16443628922208, 
          1.0
        ]
      ], 
      "projected_cuboid": [
        [
          152.7760222901286, 
          569.629889194187
        ], 
        [
          4.577196393773727, 
          549.7786844243817
        ], 
        [
          119.07432708467212, 
          366.98495109522383
        ], 
        [
          240.52820409188885, 
          377.4005445919861
        ], 
        [
          187.53770056763003, 
          583.611667666094
        ], 
        [
          51.77865275284587, 
          565.1238741597967
        ], 
        [
          149.08487583339883, 
          393.20576916727595
        ], 
        [
          262.02061805574334, 
          403.53574568479166
        ]
      ], 
      "projected_cuboid_centroid": [
        150.62492900626205, 
        466.81502011468183
      ], 
      "quaternion_xyzw": [
        0.9388267495651735, 
        0.047488194950240474, 
        -0.04636041747877284, 
        0.33793478266146654
      ], 
      "visibility": 0.1582293544750639
    }, 
    {
      "bounding_box": {
        "bottom_right": [
          539, 
          310
        ], 
        "top_left": [
          425, 
          204
        ]
      }, 
      "class": "006_mustard_bottle", 
      "cuboid": [
        [
          -26.36978387327924, 
          36.5388028489115, 
          61.93455949125723
        ], 
        [
          -35.630605054884235, 
          34.0626646266251, 
          61.37599136052092
        ], 
        [
          -32.649881456906186, 
          20.05389523610196, 
          74.05788406547587
        ], 
        [
          -23.389060275301194, 
          22.530033458388356, 
          74.6164521962122
        ], 
        [
          -27.6136574224409, 
          40.210139937752096, 
          66.28237721500963
        ], 
        [
          -36.8744786040459, 
          37.7340017154657, 
          65.72380908427333
        ], 
        [
          -33.89375500606785, 
          23.725232324942557, 
          78.40570178922827
        ], 
        [
          -24.632933824462853, 
          26.201370547228958, 
          78.9642699199646
        ]
      ], 
      "cuboid_centroid": [
        -30.131769439673544, 
        30.132017586927027, 
        70.17013064024276
      ], 
      "location": [
        -30.131769439673544, 
        30.132017586927027, 
        70.17013064024276
      ], 
      "pose_transform_permuted": [
        [
          0.21354418394584768, 
          -0.6302832656542794, 
          -0.746419270985987, 
          0.0
        ], 
        [
          0.9644277836132004, 
          0.2578666028432836, 
          0.058169638929323184, 
          0.0
        ], 
        [
          -0.15581327640664117, 
          0.7322893872625869, 
          -0.6629287112488137, 
          0.0
        ], 
        [
          -30.131769439673544, 
          30.132017586927027, 
          70.17013064024276, 
          1.0
        ]
      ], 
      "projected_cuboid": [
        [
          252.6340952542456, 
          587.9228131890585
        ], 
        [
          169.40891690179663, 
          569.2701253366591
        ], 
        [
          244.51317647392943, 
          417.7024254083559
        ], 
        [
          313.0310939503146, 
          434.31949652069954
        ], 
        [
          257.5611792249625, 
          596.8243465499423
        ], 
        [
          179.883458067504, 
          579.4812389073569
        ], 
        [
          249.12874785030874, 
          434.66677851791223
        ], 
        [
          313.8413806406077, 
          450.2489037821211
        ]
      ], 
      "projected_cuboid_centroid": [
        250.67571766029613, 
        502.3012898842819
      ], 
      "quaternion_xyzw": [
        0.9277845172589612, 
        0.11146981641601898, 
        0.07321576772964479, 
        0.3484677618688194
      ], 
      "visibility": 0.5964586014059037
    }, 
    {
      "bounding_box": {
        "bottom_right": [
          452, 
          225
        ], 
        "top_left": [
          362, 
          89
        ]
      }, 
      "class": "008_pudding_box", 
      "cuboid": [
        [
          -32.21814399458359, 
          18.49963213336325, 
          58.12588205996241
        ], 
        [
          -43.50715595209464, 
          17.508110062430994, 
          58.9904418257999
        ], 
        [
          -42.46787010200894, 
          10.637755839616199, 
          64.68157778241462
        ], 
        [
          -31.178858144497884, 
          11.629277910548453, 
          63.81701801657713
        ], 
        [
          -32.206950572005425, 
          20.954775522122386, 
          61.08769096620802
        ], 
        [
          -43.49596252951648, 
          19.963253451190134, 
          61.95225073204551
        ], 
        [
          -42.45667667943077, 
          13.092899228375336, 
          67.64338668866023
        ], 
        [
          -31.16766472191972, 
          14.08442129930759, 
          66.77882692282274
        ]
      ], 
      "cuboid_centroid": [
        -37.337410337007185, 
        15.796265680869293, 
        62.88463437431132
      ], 
      "location": [
        -37.337410337007185, 
        15.796265680869293, 
        62.88463437431132
      ], 
      "pose_transform_permuted": [
        [
          -0.0029095741003775737, 
          -0.6381802854990427, 
          -0.7698809210230079, 
          0.0
        ], 
        [
          0.993278867905455, 
          0.08724040011877157, 
          -0.07606945131068825, 
          0.0
        ], 
        [
          -0.11571148631311366, 
          0.7649280499238159, 
          -0.6336368385036558, 
          0.0
        ], 
        [
          -37.337410337007185, 
          15.796265680869293, 
          62.88463437431132, 
          1.0
        ]
      ], 
      "projected_cuboid": [
        [
          183.52402577336807, 
          443.0253143841205
        ], 
        [
          84.98056199562085, 
          431.5735023032797
        ], 
        [
          128.5182909072015, 
          360.9981199305535
        ], 
        [
          218.8635765571944, 
          370.4725526307572
        ], 
        [
          198.07449904067752, 
          456.22997503302145
        ], 
        [
          104.03913870724877, 
          445.141375917476
        ], 
        [
          144.06705836657812, 
          376.5146568087489
        ], 
        [
          230.6066073088054, 
          385.769761222758
        ]
      ], 
      "projected_cuboid_centroid": [
        162.30260236512723, 
        407.25341100858145
      ], 
      "quaternion_xyzw": [
        0.9391602417655198, 
        0.0540248291522535, 
        -0.021023841805364808, 
        0.3385516835795294
      ], 
      "visibility": 0.5122432401067657
    }, 
    {
      "bounding_box": {
        "bottom_right": [
          539, 
          256
        ], 
        "top_left": [
          354, 
          16
        ]
      }, 
      "class": "035_power_drill", 
      "cuboid": [
        [
          -25.13173170014889, 
          24.051552319712727, 
          43.79466535073602
        ], 
        [
          -43.266479296606576, 
          22.136196103581966, 
          46.506102085935765
        ], 
        [
          -40.046255657354074, 
          7.568948228264078, 
          57.75343019447271
        ], 
        [
          -21.911508060896395, 
          9.484304444394835, 
          55.041993459272966
        ], 
        [
          -24.833602290502537, 
          27.583149489803905, 
          48.28334210977688
        ], 
        [
          -42.96834988696022, 
          25.667793273673144, 
          50.99477884497663
        ], 
        [
          -39.748126247707724, 
          11.100545398355255, 
          62.24210695351358
        ], 
        [
          -21.613378651250038, 
          13.015901614486014, 
          59.53067021831383
        ]
      ], 
      "cuboid_centroid": [
        -32.4399289739283, 
        17.576048859033992, 
        53.0183861521248
      ], 
      "location": [
        -32.4399289739283, 
        17.576048859033992, 
        53.0183861521248
      ], 
      "pose_transform_permuted": [
        [
          -0.05212781554181877, 
          -0.6174984415958749, 
          -0.7848434490233201, 
          0.0
        ], 
        [
          0.9836542213621067, 
          0.10389161566148228, 
          -0.14707214293164447, 
          0.0
        ], 
        [
          -0.17235563436641552, 
          0.7796810190195511, 
          -0.6019893610631621, 
          0.0
        ], 
        [
          -32.4399289739283, 
          17.576048859033992, 
          53.0183861521248, 
          1.0
        ]
      ], 
      "projected_cuboid": [
        [
          172.99918609395823, 
          566.1798334328322
        ], 
        [
          -18.70621801200294, 
          527.1385348041769
        ], 
        [
          108.71124623014857, 
          343.181404841276
        ], 
        [
          267.52014581094164, 
          365.18301510840496
        ], 
        [
          205.00855717354833, 
          577.9596021409862
        ], 
        [
          28.475533944641263, 
          541.7284671297753
        ], 
        [
          138.17823065401714, 
          368.4012205426272
        ], 
        [
          286.3548972981818, 
          389.8925697660197
        ]
      ], 
      "projected_cuboid_centroid": [
        152.55977073248667, 
        450.0865451412161
      ], 
      "quaternion_xyzw": [
        0.9418304902429335, 
        0.07332722100466382, 
        -0.05287574583141869, 
        0.3237015087355277
      ], 
      "visibility": 0.7876415022303943
    }, 
    {
      "bounding_box": {
        "bottom_right": [
          382, 
          156
        ], 
        "top_left": [
          313, 
          48
        ]
      }, 
      "class": "061_foam_brick", 
      "cuboid": [
        [
          -45.91164482864632, 
          4.313080910155877, 
          61.01173065699162
        ], 
        [
          -38.23355310652664, 
          5.3967716819537905, 
          60.29331783875923
        ], 
        [
          -39.07721896153256, 
          9.095766427799418, 
          56.856328291956025
        ], 
        [
          -46.75531068365225, 
          8.012075656001505, 
          57.57474111018841
        ], 
        [
          -46.052349909446306, 
          7.872225625327733, 
          64.87673096977328
        ], 
        [
          -38.37425818732662, 
          8.955916397125646, 
          64.1583181515409
        ], 
        [
          -39.21792404233255, 
          12.654911142971272, 
          60.72132860473769
        ], 
        [
          -46.89601576445222, 
          11.57122037117336, 
          61.43974142297007
        ]
      ], 
      "cuboid_centroid": [
        -42.564784435489436, 
        8.483996026563576, 
        60.866529630864655
      ], 
      "location": [
        -42.564784435489436, 
        8.483996026563576, 
        60.866529630864655
      ], 
      "pose_transform_permuted": [
        [
          0.026770372845634327, 
          -0.6771584259431427, 
          -0.7353501297422278, 
          0.0
        ], 
        [
          -0.9859634730520461, 
          -0.13915951459633624, 
          0.09225323465580593, 
          0.0
        ], 
        [
          0.1648010222809702, 
          -0.7225587143419678, 
          0.6713788255401192, 
          0.0
        ], 
        [
          -42.564784435489436, 
          8.483996026563576, 
          60.866529630864655, 
          1.0
        ]
      ], 
      "projected_cuboid": [
        [
          76.92684711578491, 
          310.98831251590605
        ], 
        [
          140.58698918236752, 
          321.02323795184554
        ], 
        [
          111.99314098960596, 
          358.6059827226883
        ], 
        [
          44.889526109360986, 
          347.5030566630669
        ], 
        [
          99.868576496256, 
          338.0002192408236
        ], 
        [
          159.95061921183182, 
          347.7330904697498
        ], 
        [
          134.27284400819573, 
          384.43548829130594
        ], 
        [
          71.1300118824007, 
          373.7289923637135
        ]
      ], 
      "projected_cuboid_centroid": [
        105.53144427770852, 
        347.6242939197684
      ], 
      "quaternion_xyzw": [
        -0.08189618786642903, 
        0.9278836561143108, 
        -0.3633368371662343, 
        -0.017643069090254683
      ], 
      "visibility": 0.9978686301104437
    }
  ]
}