{
  "camera_data": {
    "location_worldframe": [
      -21.72027666970859, 
      14.47446452227132, 
      71.37396010737588
    ], 
    "quaternion_xyzw_worldframe": [
      0.9091575618006855, 
      0.015906031705273826, 
      -0.05973441117395916, 
      -0.41183894274068106
    ]
  }, 
  "objects": [
    {
      "bounding_box": {
        "bottom_right": [
          539, 
          260
        ], 
        "top_left": [
          380, 
          38
        ]
      }, 
      "class": "003_cracker_box", 
      "cuboid": [
        [
          -30.782502110737937, 
          29.987803901639705, 
          52.53344649493348
        ], 
        [
          -47.10199335896197, 
          29.483592933544784, 
          54.11398196936879
        ], 
        [
          -45.324821846534384, 
          12.628231543926361, 
          67.08672265848963
        ], 
        [
          -29.00533059831036, 
          13.132442512021282, 
          65.50618718405434
        ], 
        [
          -30.370308980343346, 
          34.38704815154444, 
          58.19287618244425
        ], 
        [
          -46.68980022856737, 
          33.882837183449524, 
          59.773411656879546
        ], 
        [
          -44.9126287161398, 
          17.027475793831098, 
          72.74615234600041
        ], 
        [
          -28.593137467915763, 
          17.531686761926018, 
          71.1656168715651
        ]
      ], 
      "cuboid_centroid": [
        -37.847565413438865, 
        23.5076398477354, 
        62.63979942046694
      ], 
      "location": [
        -37.847565413438865, 
        23.5076398477354, 
        62.63979942046694
      ], 
      "pose_transform_permuted": [
        [
          -0.05740851535507191, 
          -0.6127081274488937, 
          -0.7882214237908006, 
          0.0
        ], 
        [
          0.9948725010989707, 
          0.030737822599997744, 
          -0.09635295957514695, 
          0.0
        ], 
        [
          -0.08326445172944641, 
          0.7897112996658218, 
          -0.6078018544380344, 
          0.0
        ], 
        [
          -37.847565413438865, 
          23.5076398477354, 
          62.63979942046694, 
          1.0
        ]
      ], 
      "projected_cuboid": [
        [
          166.48882628448231, 
          577.722742801596
        ], 
        [
          13.515507271501683, 
          563.8616707189686
        ], 
        [
          118.27542603815434, 
          373.67723999083256
        ], 
        [
          243.48180409196604, 
          380.20451119290453
        ], 
        [
          200.9431394184842, 
          588.4331227484623
        ], 
        [
          61.54250191012618, 
          575.6012311273348
        ], 
        [
          149.58781649990604, 
          398.11906863722385
        ], 
        [
          265.53261040559215, 
          404.67009491780954
        ]
      ], 
      "projected_cuboid_centroid": [
        156.6749104995899, 
        473.4322089593547
      ], 
      "quaternion_xyzw": [
        0.9450932790676791, 
        0.030156355159436148, 
        -0.040673624058014224, 
        0.32285437028261993
      ], 
      "visibility": 0.15265499280513947
    }, 
    {
      "bounding_box": {
        "bottom_right": [
          539, 
          315
        ], 
        "top_left": [
          425, 
          213
        ]
      }, 
      "class": "006_mustard_bottle", 
      "cuboid": [
        [
          -24.91068613228018, 
          36.76280006889021, 
          62.107135181115595
        ], 
        [
          -34.22783576543289, 
          34.59374140902064, 
          61.275284801724794
        ], 
        [
          -31.953489875111085, 
          20.11107945758914, 
          73.56514196753942
        ], 
        [
          -22.63634024195837, 
          22.2801381174587, 
          74.39699234693022
        ], 
        [
          -26.138002727300723, 
          40.33376721380357, 
          66.54237407104165
        ], 
        [
          -35.45515236045344, 
          38.164708553934, 
          65.71052369165085
        ], 
        [
          -33.18080647013163, 
          23.6820466025025, 
          78.00038085746547
        ], 
        [
          -23.86365683697891, 
          25.851105262372066, 
          78.83223123685627
        ]
      ], 
      "cuboid_centroid": [
        -29.045746301205906, 
        30.22242333569635, 
        70.05375801929054
      ], 
      "location": [
        -29.045746301205906, 
        30.22242333569635, 
        70.05375801929054
      ], 
      "pose_transform_permuted": [
        [
          0.21070173966115607, 
          -0.6130520786231874, 
          -0.7614274537733217, 
          0.0
        ], 
        [
          0.9702938642355583, 
          0.2258871427104346, 
          0.08662942539990134, 
          0.0
        ], 
        [
          -0.11888834143944363, 
          0.7570614770430529, 
          -0.6424355860684933, 
          0.0
        ], 
        [
          -29.045746301205906, 
          30.22242333569635, 
          70.05375801929054, 
          1.0
        ]
      ], 
      "projected_cuboid": [
        [
          265.9041278261769, 
          588.9720248706486
        ], 
        [
          181.20681318326348, 
          574.3788920731122
        ], 
        [
          248.01582886455833, 
          419.08429255079227
        ], 
        [
          317.9747385029055, 
          433.003128652038
        ], 
        [
          270.362084463464, 
          596.5510475287272
        ], 
        [
          191.4379877981876, 
          583.0388472666904
        ], 
        [
          252.83608606390573, 
          435.21009635182276
        ], 
        [
          318.8081212402002, 
          448.1756723713789
        ]
      ], 
      "projected_cuboid_centroid": [
        258.6289133099355, 
        503.36998634372065
      ], 
      "quaternion_xyzw": [
        0.9339141816906857, 
        0.09229313862803845, 
        0.07959274280501664, 
        0.33608218220298447
      ], 
      "visibility": 0.5806269158408184
    }, 
    {
      "bounding_box": {
        "bottom_right": [
          458, 
          228
        ], 
        "top_left": [
          369, 
          93
        ]
      }, 
      "class": "008_pudding_box", 
      "cuboid": [
        [
          -31.218464327297045, 
          19.041160315859713, 
          57.60443346700445
        ], 
        [
          -42.548660758475556, 
          18.373877346761486, 
          58.19920472785953
        ], 
        [
          -41.843870946014746, 
          11.300667120672198, 
          63.689548899185034
        ], 
        [
          -30.513674514836232, 
          11.967950089770426, 
          63.09477763832994
        ], 
        [
          -31.197985391900314, 
          21.40133427568152, 
          60.642414020229985
        ], 
        [
          -42.528181823078825, 
          20.734051306583293, 
          61.23718528108508
        ], 
        [
          -41.82339201061801, 
          13.660841080494007, 
          66.72752945241058
        ], 
        [
          -30.493195579439497, 
          14.328124049592233, 
          66.13275819155548
        ]
      ], 
      "cuboid_centroid": [
        -36.520928168957525, 
        16.35100069817686, 
        62.16598145970751
      ], 
      "location": [
        -36.520928168957525, 
        16.35100069817686, 
        62.16598145970751
      ], 
      "pose_transform_permuted": [
        [
          -0.005323213665662666, 
          -0.6134943068509536, 
          -0.7896806783973233, 
          0.0
        ], 
        [
          0.9969025390941886, 
          0.05871178758717595, 
          -0.05233174762046219, 
          0.0
        ], 
        [
          -0.07846953437445149, 
          0.787513529793953, 
          -0.6112811834994392, 
          0.0
        ], 
        [
          -36.520928168957525, 
          16.35100069817686, 
          62.16598145970751, 
          1.0
        ]
      ], 
      "projected_cuboid": [
        [
          190.15827182695787, 
          449.57546353029954
        ], 
        [
          88.44498274278047, 
          441.6590896964212
        ], 
        [
          128.287482979945, 
          367.91536143083295
        ], 
        [
          221.52552562085532, 
          374.44771791103904
        ], 
        [
          204.9399761450399, 
          461.5005274740904
        ], 
        [
          108.12912109582817, 
          453.8610622597693
        ], 
        [
          144.5380544518748, 
          382.470770195702
        ], 
        [
          233.63911573949784, 
          388.8339513165823
        ]
      ], 
      "projected_cuboid_centroid": [
        165.67442771284013, 
        413.56114914372824
      ], 
      "quaternion_xyzw": [
        0.9452640831118923, 
        0.03628121612058255, 
        -0.015248374056570434, 
        0.32392415839982114
      ], 
      "visibility": 0.5474230292094282
    }, 
    {
      "bounding_box": {
        "bottom_right": [
          539, 
          261
        ], 
        "top_left": [
          361, 
          25
        ]
      }, 
      "class": "035_power_drill", 
      "cuboid": [
        [
          -23.653045786606906, 
          24.814239192124717, 
          43.609444997051824
        ], 
        [
          -41.89285898042749, 
          23.378868808713968, 
          45.876265569537686
        ], 
        [
          -39.36454807537363, 
          8.375495399529731, 
          56.719852192090606
        ], 
        [
          -21.12473488155305, 
          9.810865782940478, 
          54.453031619604744
        ], 
        [
          -23.346782870327566, 
          28.193369689408108, 
          48.21346051312984
        ], 
        [
          -41.58659606414815, 
          26.75799930599736, 
          50.480281085615694
        ], 
        [
          -39.05828515909428, 
          11.754625896813126, 
          61.32386770816861
        ], 
        [
          -20.818471965273705, 
          13.189996280223873, 
          59.05704713568275
        ]
      ], 
      "cuboid_centroid": [
        -31.355665472850596, 
        18.28443254446892, 
        52.46665635261022
      ], 
      "location": [
        -31.355665472850596, 
        18.28443254446892, 
        52.46665635261022
      ], 
      "pose_transform_permuted": [
        [
          -0.05354995612826906, 
          -0.5908397009978684, 
          -0.8050103874638679, 
          0.0
        ], 
        [
          0.9893531271680046, 
          0.0778565088568379, 
          -0.1229555367857306, 
          0.0
        ], 
        [
          -0.13532247406805523, 
          0.8030237124078818, 
          -0.5803799550925353, 
          0.0
        ], 
        [
          -31.355665472850596, 
          18.28443254446892, 
          52.46665635261022, 
          1.0
        ]
      ], 
      "projected_cuboid": [
        [
          189.9227096338259, 
          576.7510673637219
        ], 
        [
          -9.473245461408679, 
          545.0699626627016
        ], 
        [
          108.37963789697531, 
          352.03878331877274
        ], 
        [
          272.97466613149084, 
          369.37534505571523
        ], 
        [
          221.1913727209192, 
          585.1512332536279
        ], 
        [
          38.57705204061447, 
          555.982369491666
        ], 
        [
          139.08539881724147, 
          375.5138177977419
        ], 
        [
          292.0273958439487, 
          392.399898018491
        ]
      ], 
      "projected_cuboid_centroid": [
        160.21297835036685, 
        459.14640825029704
      ], 
      "quaternion_xyzw": [
        0.9483389724987256, 
        0.05619799172736719, 
        -0.046530169599836003, 
        0.3087555426000321
      ], 
      "visibility": 0.7227056292625692
    }, 
    {
      "bounding_box": {
        "bottom_right": [
          390, 
          156
        ], 
        "top_left": [
          322, 
          46
        ]
      }, 
      "class": "061_foam_brick", 
      "cuboid": [
        [
          -45.39635190185532, 
          5.20326276366415, 
          59.748767978423025
        ], 
        [
          -37.67495643760771, 
          6.070085618686504, 
          59.226977424396985
        ], 
        [
          -38.33011139740352, 
          9.898718437051988, 
          55.892374888813364
        ], 
        [
          -46.05150686165113, 
          9.031895582029634, 
          56.41416544283941
        ], 
        [
          -45.514055461360336, 
          8.64296129838873, 
          63.72119246523137
        ], 
        [
          -37.79265999711273, 
          9.509784153411086, 
          63.19940191120532
        ], 
        [
          -38.44781495690854, 
          13.338416971776567, 
          59.864799375621715
        ], 
        [
          -46.169210421156144, 
          12.471594116754215, 
          60.38658992964775
        ]
      ], 
      "cuboid_centroid": [
        -41.92208342938193, 
        9.27083986772036, 
        59.806783677022366
      ], 
      "location": [
        -41.92208342938193, 
        9.27083986772036, 
        59.806783677022366
      ], 
      "pose_transform_permuted": [
        [
          0.022394132147131596, 
          -0.6544327449131451, 
          -0.7557885188535369, 
          0.0
        ], 
        [
          -0.99152421776959, 
          -0.11131094855204293, 
          0.0670044648426309, 
          0.0
        ], 
        [
          0.12797745278673006, 
          -0.7478821131153565, 
          0.6513786275741087, 
          0.0
        ], 
        [
          -41.92208342938193, 
          9.27083986772036, 
          59.806783677022366, 
          1.0
        ]
      ], 
      "projected_cuboid": [
        [
          73.01082674010475, 
          319.73104256518565
        ], 
        [
          139.51923857874658, 
          327.9456759748175
        ], 
        [
          112.80696579517368, 
          367.7391426753486
        ], 
        [
          42.61435681370025, 
          358.67088691652623
        ], 
        [
          97.48904497087054, 
          345.6244892766203
        ], 
        [
          160.01914161805524, 
          353.53657148445063
        ], 
        [
          136.22129462355326, 
          392.11494889644183
        ], 
        [
          70.44386231309359, 
          383.4326049074877
        ]
      ], 
      "projected_cuboid_centroid": [
        104.6467194067059, 
        355.95810381249754
      ], 
      "quaternion_xyzw": [
        -0.06399646077829349, 
        0.9347720109388283, 
        -0.3492325821715009, 
        -0.011930805633208731
      ], 
      "visibility": 0.990124836966648
    }
  ]
}