{
  "camera_data": {
    "location_worldframe": [
      -17.71291028259695, 
      12.998291227990972, 
      71.83701289229849
    ], 
    "quaternion_xyzw_worldframe": [
      0.8928446008020887, 
      0.009984140403904449, 
      -0.03321423669446834, 
      -0.4490265942630203
    ]
  }, 
  "objects": [
    {
      "bounding_box": {
        "bottom_right": [
          539, 
          293
        ], 
        "top_left": [
          378, 
          93
        ]
      }, 
      "class": "003_cracker_box", 
      "cuboid": [
        [
          -25.436329657844137, 
          30.309678973581704, 
          53.99272493159661
        ], 
        [
          -41.8151344234863, 
          30.30262779888836, 
          54.89429046835426
        ], 
        [
          -41.16841696366286, 
          12.403828636328408, 
          66.50326510920425
        ], 
        [
          -24.789612198020695, 
          12.410879811021754, 
          65.6016995724466
        ], 
        [
          -25.107077902430287, 
          34.22098053889857, 
          60.00485524302944
        ], 
        [
          -41.48588266807245, 
          34.21392936420522, 
          60.906420779787084
        ], 
        [
          -40.83916520824901, 
          16.31513020164527, 
          72.51539542063708
        ], 
        [
          -24.46036044260684, 
          16.32218137633862, 
          71.61382988387943
        ]
      ], 
      "cuboid_centroid": [
        -33.13774743304657, 
        23.31240458761349, 
        63.254060176116845
      ], 
      "location": [
        -33.13774743304657, 
        23.31240458761349, 
        63.254060176116845
      ], 
      "pose_transform_permuted": [
        [
          -0.045856791543968156, 
          -0.5447495346558942, 
          -0.8373440745365548, 
          0.0
        ], 
        [
          0.9984883851069468, 
          0.00042985529978567527, 
          -0.054961441310636905, 
          0.0
        ], 
        [
          -0.030300156366170394, 
          0.8385986881200136, 
          -0.5439063713614481, 
          0.0
        ], 
        [
          -33.13774743304657, 
          23.31240458761349, 
          63.254060176116845, 
          1.0
        ]
      ], 
      "projected_cuboid": [
        [
          228.2528851755586, 
          572.6740087327436
        ], 
        [
          71.96112149663762, 
          567.6884637338059
        ], 
        [
          148.69772531682668, 
          372.7584166507041
        ], 
        [
          278.38645805166504, 
          374.18278443144857
        ], 
        [
          256.5872255793091, 
          577.4405768970341
        ], 
        [
          115.30375122889056, 
          572.876602765221
        ], 
        [
          178.7395387788458, 
          393.27731218947554
        ], 
        [
          297.91883641340064, 
          394.84041915477354
        ]
      ], 
      "projected_cuboid_centroid": [
        199.87146679261437, 
        469.8424881096374
      ], 
      "quaternion_xyzw": [
        0.9584402886674154, 
        0.008015630193478741, 
        -0.026297473626338125, 
        0.28396550074365456
      ], 
      "visibility": 0.16811039661044191
    }, 
    {
      "bounding_box": {
        "bottom_right": [
          539, 
          347
        ], 
        "top_left": [
          414, 
          256
        ]
      }, 
      "class": "006_mustard_bottle", 
      "cuboid": [
        [
          -19.735703535368554, 
          36.064601580895655, 
          64.30864272844974
        ], 
        [
          -29.080069471104604, 
          34.32620051226135, 
          62.94231378056329
        ], 
        [
          -27.825787042877277, 
          18.82661636792493, 
          74.08459373249711
        ], 
        [
          -18.481421107141227, 
          20.565017436559234, 
          75.45092268038356
        ], 
        [
          -21.021443668338925, 
          39.311789607857236, 
          68.97041262980724
        ], 
        [
          -30.365809604074972, 
          37.57338853922293, 
          67.60408368192078
        ], 
        [
          -29.111527175847645, 
          22.073804394886515, 
          78.74636363385461
        ], 
        [
          -19.767161240111598, 
          23.81220546352082, 
          80.11269258174106
        ]
      ], 
      "cuboid_centroid": [
        -24.4236153556081, 
        29.069202987891085, 
        71.52750318115217
      ], 
      "location": [
        -24.4236153556081, 
        29.069202987891085, 
        71.52750318115217
      ], 
      "pose_transform_permuted": [
        [
          0.2207317035132962, 
          -0.5574667278708393, 
          -0.8003175644338134, 
          0.0
        ], 
        [
          0.9731281872252652, 
          0.18103818838268895, 
          0.14229036205926499, 
          0.0
        ], 
        [
          -0.06556590983945945, 
          0.8102197030639509, 
          -0.5824475463369103, 
          0.0
        ], 
        [
          -24.4236153556081, 
          29.069202987891085, 
          71.52750318115217, 
          1.0
        ]
      ], 
      "projected_cuboid": [
        [
          316.56246756949434, 
          572.3747703917223
        ], 
        [
          233.14393704536965, 
          564.1375386750507
        ], 
        [
          279.61570853074437, 
          408.815433909773
        ], 
        [
          349.8737857211827, 
          418.6489290237995
        ], 
        [
          317.69235146251435, 
          577.2682954910796
        ], 
        [
          240.04894230118438, 
          569.6979797568786
        ], 
        [
          282.79256440091655, 
          422.7841352751989
        ], 
        [
          348.9081317216022, 
          431.8071803781809
        ]
      ], 
      "projected_cuboid_centroid": [
        297.9734147120362, 
        490.03079062724316
      ], 
      "quaternion_xyzw": [
        0.9465285857705288, 
        0.0651338221395074, 
        0.09588248866172391, 
        0.30107761438599173
      ], 
      "visibility": 0.5806000845290653
    }, 
    {
      "bounding_box": {
        "bottom_right": [
          454, 
          263
        ], 
        "top_left": [
          369, 
          136
        ]
      }, 
      "class": "008_pudding_box", 
      "cuboid": [
        [
          -26.464411077894002, 
          19.015549587787543, 
          58.13030688458159
        ], 
        [
          -37.82591673206442, 
          18.73507228404268, 
          58.22976710283795
        ], 
        [
          -37.59739545116456, 
          11.221818134939838, 
          63.14603609639141
        ], 
        [
          -26.235889796994133, 
          11.502295438684703, 
          63.04657587813507
        ], 
        [
          -26.488212644848442, 
          21.121453279094226, 
          61.349743089500706
        ], 
        [
          -37.84971829901887, 
          20.84097597534936, 
          61.44920330775705
        ], 
        [
          -37.621197018119, 
          13.327721826246519, 
          66.36547230131052
        ], 
        [
          -26.25969136394858, 
          13.608199129991386, 
          66.26601208305416
        ]
      ], 
      "cuboid_centroid": [
        -32.0428040480065, 
        16.171635707017032, 
        62.24788959294606
      ], 
      "location": [
        -32.0428040480065, 
        16.171635707017032, 
        62.24788959294606
      ], 
      "pose_transform_permuted": [
        [
          0.0061868854030504294, 
          -0.5474002964978903, 
          -0.8368475445499919, 
          0.0
        ], 
        [
          0.9996573230987988, 
          0.024678171994628493, 
          -0.008751140787442168, 
          0.0
        ], 
        [
          -0.025442987667848124, 
          0.8365069192168462, 
          -0.5473650895104875, 
          0.0
        ], 
        [
          -32.0428040480065, 
          16.171635707017032, 
          62.24788959294606, 
          1.0
        ]
      ], 
      "projected_cuboid": [
        [
          236.77455235340855, 
          447.7457060719271
        ], 
        [
          132.26685583918328, 
          444.8788598871834
        ], 
        [
          161.410281649587, 
          368.0639102461454
        ], 
        [
          257.814614430685, 
          370.58602369384073
        ], 
        [
          249.41341290768983, 
          456.8974887614905
        ], 
        [
          150.36060888967103, 
          454.16602903661186
        ], 
        [
          176.74990441288776, 
          380.3894456006794
        ], 
        [
          268.49359884666154, 
          382.8075255824512
        ]
      ], 
      "projected_cuboid_centroid": [
        204.7769686895925, 
        411.8398298417794
      ], 
      "quaternion_xyzw": [
        0.9582551574170678, 
        0.013076151814714955, 
        -0.0006689907600663403, 
        0.28561426920969235
      ], 
      "visibility": 0.633751425313569
    }, 
    {
      "bounding_box": {
        "bottom_right": [
          539, 
          304
        ], 
        "top_left": [
          363, 
          87
        ]
      }, 
      "class": "035_power_drill", 
      "cuboid": [
        [
          -18.12605133402873, 
          25.60197622866605, 
          44.95784171062972
        ], 
        [
          -36.483388159497316, 
          24.685519309215803, 
          46.39235918419917
        ], 
        [
          -34.93343537057187, 
          8.773821393684123, 
          56.061508905131554
        ], 
        [
          -16.576098545103296, 
          9.69027831313437, 
          54.6269914315621
        ], 
        [
          -17.894192194448276, 
          28.586054681201656, 
          49.83132053918243
        ], 
        [
          -36.25152901991686, 
          27.669597761751408, 
          51.26583801275187
        ], 
        [
          -34.70157623099142, 
          11.757899846219729, 
          60.93498773368425
        ], 
        [
          -16.34423940552284, 
          12.674356765669975, 
          59.5004702601148
        ]
      ], 
      "cuboid_centroid": [
        -26.413813782510076, 
        18.679938037442888, 
        52.94641472215699
      ], 
      "location": [
        -26.413813782510076, 
        18.679938037442888, 
        52.94641472215699
      ], 
      "pose_transform_permuted": [
        [
          -0.04054048365799186, 
          -0.5217649990338484, 
          -0.8521259466588852, 
          0.0
        ], 
        [
          0.9957277742793292, 
          0.04970991257081704, 
          -0.07781024582718338, 
          0.0
        ], 
        [
          -0.08295793277116936, 
          0.8516398534093234, 
          -0.5175207130402897, 
          0.0
        ], 
        [
          -26.413813782510076, 
          18.679938037442888, 
          52.94641472215699, 
          1.0
        ]
      ], 
      "projected_cuboid": [
        [
          264.7819858614432, 
          576.9940731098712
        ], 
        [
          58.69438111384352, 
          557.0675549390338
        ], 
        [
          146.5018330181937, 
          356.752910183725
        ], 
        [
          318.4171260029323, 
          367.8920627474809
        ], 
        [
          288.48854646664466, 
          579.2287165576275
        ], 
        [
          101.32886996039754, 
          561.1339411808117
        ], 
        [
          175.34839730735374, 
          376.19487485285777
        ], 
        [
          333.87817188091776, 
          386.89039081956327
        ]
      ], 
      "projected_cuboid_centroid": [
        213.3183064969343, 
        461.4461484115407
      ], 
      "quaternion_xyzw": [
        0.9617033812911778, 
        0.0344877245736277, 
        -0.030765912803144713, 
        0.2701679468670472
      ], 
      "visibility": 0.6943312783602241
    }, 
    {
      "bounding_box": {
        "bottom_right": [
          391, 
          189
        ], 
        "top_left": [
          327, 
          83
        ]
      }, 
      "class": "061_foam_brick", 
      "cuboid": [
        [
          -41.193061808089496, 
          5.600719946945536, 
          58.585091475644745
        ], 
        [
          -33.431113836447324, 
          6.211662009684995, 
          58.435062674880115
        ], 
        [
          -33.8129519586631, 
          10.31806746637769, 
          55.40209956544436
        ], 
        [
          -41.57489993030528, 
          9.70712540363823, 
          55.552128366209
        ], 
        [
          -41.356134736645274, 
          8.712047312139054, 
          62.81812652011004
        ], 
        [
          -33.594186765003094, 
          9.322989374878514, 
          62.668097719345404
        ], 
        [
          -33.97602488721888, 
          13.429394831571207, 
          59.635134609909656
        ], 
        [
          -41.73797285886105, 
          12.818452768831747, 
          59.78516341067429
        ]
      ], 
      "cuboid_centroid": [
        -37.58454334765419, 
        9.515057389258372, 
        59.1101130427772
      ], 
      "location": [
        -37.58454334765419, 
        9.515057389258372, 
        59.1101130427772
      ], 
      "pose_transform_permuted": [
        [
          0.03102605160842231, 
          -0.59195725653615, 
          -0.805371957890133, 
          0.0
        ], 
        [
          -0.9967316693706874, 
          -0.07845263899060118, 
          0.019265583534719966, 
          0.0
        ], 
        [
          0.07458795744028912, 
          -0.8021420010631566, 
          0.5924566201295083, 
          0.0
        ], 
        [
          -37.58454334765419, 
          9.515057389258372, 
          59.1101130427772, 
          1.0
        ]
      ], 
      "projected_cuboid": [
        [
          103.47789463153497, 
          324.2717554203304
        ], 
        [
          173.93846013479848, 
          329.9785451798692
        ], 
        [
          153.38949135882194, 
          372.61178889182764
        ], 
        [
          79.13750750862276, 
          366.4782882584133
        ], 
        [
          127.56165909726734, 
          347.25094441100094
        ], 
        [
          193.32048965962002, 
          352.62727095830917
        ], 
        [
          175.2158766555325, 
          393.38619568597477
        ], 
        [
          106.16646557763315, 
          387.6348394255988
        ]
      ], 
      "projected_cuboid_centroid": [
        139.66547738533856, 
        359.1359160229965
      ], 
      "quaternion_xyzw": [
        -0.040305978019051746, 
        0.9492425438637874, 
        -0.31193657625284893, 
        0.0030973295891882
      ], 
      "visibility": 0.9926938928437617
    }
  ]
}