{
  "camera_data": {
    "location_worldframe": [
      -16.382653015965584, 
      11.229351643740923, 
      73.82176436067095
    ], 
    "quaternion_xyzw_worldframe": [
      0.878303993388107, 
      0.00865003482671547, 
      -0.012506981777046136, 
      -0.47786374284906213
    ]
  }, 
  "objects": [
    {
      "bounding_box": {
        "bottom_right": [
          539, 
          309
        ], 
        "top_left": [
          366, 
          124
        ]
      }, 
      "class": "003_cracker_box", 
      "cuboid": [
        [
          -23.10427145289733, 
          29.832850229237216, 
          56.895912376591
        ], 
        [
          -39.500950887184196, 
          30.155826531230655, 
          57.24620586031723
        ], 
        [
          -39.644853385719706, 
          11.535830229127681, 
          67.67829946260926
        ], 
        [
          -23.24817395143284, 
          11.21285392713424, 
          67.32800597888303
        ], 
        [
          -22.901414413808226, 
          33.33968179022919, 
          63.157971060399795
        ], 
        [
          -39.29809384809509, 
          33.66265809222263, 
          63.508264544126035
        ], 
        [
          -39.4419963466306, 
          15.042661790119654, 
          73.94035814641806
        ], 
        [
          -23.04531691234374, 
          14.719685488126217, 
          73.59006466269182
        ]
      ], 
      "cuboid_centroid": [
        -31.273133899763966, 
        22.437756009678438, 
        65.41813526150453
      ], 
      "location": [
        -31.273133899763966, 
        22.437756009678438, 
        65.41813526150453
      ], 
      "pose_transform_permuted": [
        [
          -0.028253070186499085, 
          -0.48841666362594044, 
          -0.8721530408807514, 
          0.0
        ], 
        [
          0.999578064682761, 
          -0.01968935406579403, 
          -0.021354670251213848, 
          0.0
        ], 
        [
          0.006742153224530145, 
          0.8723883837081835, 
          -0.48876686808837644, 
          0.0
        ], 
        [
          -31.273133899763966, 
          22.437756009678438, 
          65.41813526150453, 
          1.0
        ]
      ], 
      "projected_cuboid": [
        [
          263.22205187153173, 
          552.9277737832907
        ], 
        [
          110.5298562038443, 
          554.2255555830494
        ], 
        [
          166.5836037434641, 
          364.19136594228655
        ], 
        [
          295.9086434681004, 
          362.10596008720455
        ], 
        [
          286.6009914515144, 
          554.8140300286299
        ], 
        [
          148.83564044639382, 
          555.973443552648
        ], 
        [
          194.73767379250665, 
          381.78677136960374
        ], 
        [
          313.19196888021656, 
          379.9625759074858
        ]
      ], 
      "projected_cuboid_centroid": [
        224.51902692014949, 
        456.20973862820256
      ], 
      "quaternion_xyzw": [
        0.9674863680269217, 
        -0.006829943078223476, 
        -0.012818718195193354, 
        0.25250576235693417
      ], 
      "visibility": 0.191693459764311
    }, 
    {
      "bounding_box": {
        "bottom_right": [
          539, 
          360
        ], 
        "top_left": [
          398, 
          278
        ]
      }, 
      "class": "006_mustard_bottle", 
      "cuboid": [
        [
          -17.645299994217517, 
          34.77434357923599, 
          67.75024898945887
        ], 
        [
          -26.971391474297057, 
          33.34953605523337, 
          65.9613920821186
        ], 
        [
          -26.440406622274253, 
          17.138770734836132, 
          76.10485689441622
        ], 
        [
          -17.114315142194712, 
          18.56357825883875, 
          77.89371380175648
        ], 
        [
          -19.023123132732522, 
          37.74392141766283, 
          72.56820158840304
        ], 
        [
          -28.349214612812062, 
          36.319113893660216, 
          70.77934468106278
        ], 
        [
          -27.818229760789258, 
          20.10834857326298, 
          80.92280949336039
        ], 
        [
          -18.492138280709717, 
          21.533156097265596, 
          82.71166640070065
        ]
      ], 
      "cuboid_centroid": [
        -22.731764877503387, 
        27.441346076249484, 
        74.33652924140964
      ], 
      "location": [
        -22.731764877503387, 
        27.441346076249484, 
        74.33652924140964
      ], 
      "pose_transform_permuted": [
        [
          0.23654021579138354, 
          -0.5098075094513638, 
          -0.8271305043223451, 
          0.0
        ], 
        [
          0.9712250738382416, 
          0.1483803580160594, 
          0.18629269138401983, 
          0.0
        ], 
        [
          -0.027756511731611505, 
          0.8473957328158985, 
          -0.5302358419249873, 
          0.0
        ], 
        [
          -22.731764877503387, 
          27.441346076249484, 
          74.33652924140964, 
          1.0
        ]
      ], 
      "projected_cuboid": [
        [
          341.53843371581195, 
          547.0248444725868
        ], 
        [
          261.7071700581363, 
          542.9285225803278
        ], 
        [
          294.7666895648264, 
          393.3898065159203
        ], 
        [
          363.4429533997026, 
          400.3869076513888
        ], 
        [
          340.62690719308813, 
          550.6748705721283
        ], 
        [
          266.2067229318931, 
          546.9496351772847
        ], 
        [
          296.73394956027005, 
          405.8100643702787
        ], 
        [
          361.36727550002047, 
          412.13096385139465
        ]
      ], 
      "projected_cuboid_centroid": [
        317.15133377472756, 
        470.1615791003578
      ], 
      "quaternion_xyzw": [
        0.9546925304746662, 
        0.046123978172348576, 
        0.11072489143839168, 
        0.27235034269600106
      ], 
      "visibility": 0.5376241263251087
    }, 
    {
      "bounding_box": {
        "bottom_right": [
          440, 
          281
        ], 
        "top_left": [
          361, 
          164
        ]
      }, 
      "class": "008_pudding_box", 
      "cuboid": [
        [
          -24.518628417826243, 
          18.323068350791242, 
          60.25132485232897
        ], 
        [
          -35.880072104888036, 
          18.306082176556178, 
          59.951859665225726
        ], 
        [
          -35.98489889516658, 
          10.488337562929354, 
          64.3725825927523
        ], 
        [
          -24.62345520810478, 
          10.505323737164415, 
          64.67204777985553
        ], 
        [
          -24.60968596156679, 
          20.217105521260002, 
          63.59863691871943
        ], 
        [
          -35.97112964862858, 
          20.200119347024938, 
          63.29917173161619
        ], 
        [
          -36.07595643890713, 
          12.382374733398112, 
          67.71989465914275
        ], 
        [
          -24.71451275184533, 
          12.399360907633175, 
          68.01935984624599
        ]
      ], 
      "cuboid_centroid": [
        -30.297292428366685, 
        15.352721542094677, 
        63.985609755735865
      ], 
      "location": [
        -30.297292428366685, 
        15.352721542094677, 
        63.985609755735865
      ], 
      "pose_transform_permuted": [
        [
          0.023669138644711075, 
          -0.4923285490084816, 
          -0.8700870914358749, 
          0.0
        ], 
        [
          0.9996518708395806, 
          0.0014945513369770491, 
          0.026348846395286115, 
          0.0
        ], 
        [
          0.011671152558810025, 
          0.870408125718729, 
          -0.49219223034776527, 
          0.0
        ], 
        [
          -30.297292428366685, 
          15.352721542094677, 
          63.985609755735865, 
          1.0
        ]
      ], 
      "projected_cuboid": [
        [
          262.75978773090225, 
          435.47469233672746
        ], 
        [
          159.75531401410004, 
          436.1337318869241
        ], 
        [
          180.981760038704, 
          360.18123121764444
        ], 
        [
          276.84696979096253, 
          359.9189405250211
        ], 
        [
          273.5076470416688, 
          442.8212766473806
        ], 
        [
          176.0009818734434, 
          443.48022196580007
        ], 
        [
          195.1177209056985, 
          370.8023856466418
        ], 
        [
          286.20305618910527, 
          370.5062413981601
        ]
      ], 
      "projected_cuboid_centroid": [
        226.96491402870336, 
        401.2513582688375
      ], 
      "quaternion_xyzw": [
        0.9669729944515235, 
        -0.0026310458720735118, 
        0.01293158788482192, 
        0.2545367825692683
      ], 
      "visibility": 0.6679249878226985
    }, 
    {
      "bounding_box": {
        "bottom_right": [
          539, 
          326
        ], 
        "top_left": [
          357, 
          129
        ]
      }, 
      "class": "035_power_drill", 
      "cuboid": [
        [
          -15.585490034438498, 
          25.545186898940702, 
          47.82291277208191
        ], 
        [
          -33.997189523433846, 
          24.973475555032557, 
          48.57923086459612
        ], 
        [
          -33.128153774770894, 
          8.439514346996067, 
          57.23658866981185
        ], 
        [
          -14.716454285775537, 
          9.011225690904212, 
          56.480270577297645
        ], 
        [
          -15.460041403281371, 
          28.202680746694504, 
          52.885646011542306
        ], 
        [
          -33.871740892276726, 
          27.63096940278636, 
          53.64196410405652
        ], 
        [
          -33.00270514361377, 
          11.09700819474987, 
          62.29932190927225
        ], 
        [
          -14.591005654618417, 
          11.668719538658015, 
          61.54300381675804
        ]
      ], 
      "cuboid_centroid": [
        -24.29409758902613, 
        18.321097546845287, 
        55.06111734067708
      ], 
      "location": [
        -24.29409758902613, 
        18.321097546845287, 
        55.06111734067708
      ], 
      "pose_transform_permuted": [
        [
          -0.02193464614138329, 
          -0.4646618032872166, 
          -0.8852170094761178, 
          0.0
        ], 
        [
          0.9986764816257188, 
          0.031010427569761065, 
          -0.041023757316559724, 
          0.0
        ], 
        [
          -0.0465132936489671, 
          0.8849451751935883, 
          -0.4633666985940655, 
          0.0
        ], 
        [
          -24.29409758902613, 
          18.321097546845287, 
          55.06111734067708, 
          1.0
        ]
      ], 
      "projected_cuboid": [
        [
          306.33974463366866, 
          558.1656396350957
        ], 
        [
          105.25382718562574, 
          547.4539823048763
        ], 
        [
          170.34286105980988, 
          351.92431808520956
        ], 
        [
          341.4777052267977, 
          358.37577498777983
        ], 
        [
          324.3927120078808, 
          557.6934248114321
        ], 
        [
          142.03076541322716, 
          547.9993925652649
        ], 
        [
          196.7196936573784, 
          368.2835877645718
        ], 
        [
          354.1005652233922, 
          374.4053696040727
        ]
      ], 
      "projected_cuboid_centroid": [
        244.32452251940964, 
        450.7438904442588
      ], 
      "quaternion_xyzw": [
        0.9706748511081639, 
        0.019966449406365005, 
        -0.01621511142121046, 
        0.2390163144800252
      ], 
      "visibility": 0.766487130060676
    }, 
    {
      "bounding_box": {
        "bottom_right": [
          383, 
          208
        ], 
        "top_left": [
          323, 
          107
        ]
      }, 
      "class": "061_foam_brick", 
      "cuboid": [
        [
          -39.53891382826823, 
          5.259594963394805, 
          59.33688984259764
        ], 
        [
          -31.765133086267948, 
          5.694809974403711, 
          59.48694326328994
        ], 
        [
          -31.952472844597462, 
          9.996024867672864, 
          56.717162476585024
        ], 
        [
          -39.726253586597736, 
          9.560809856663957, 
          56.56710905589273
        ], 
        [
          -39.78293437784612, 
          8.094657445343774, 
          63.75598603253627
        ], 
        [
          -32.00915363584584, 
          8.52987245635268, 
          63.90603945322857
        ], 
        [
          -32.19649339417535, 
          12.831087349621834, 
          61.13625866652366
        ], 
        [
          -39.97027413617563, 
          12.395872338612927, 
          60.98620524583136
        ]
      ], 
      "cuboid_centroid": [
        -35.86770361122179, 
        9.045341156508318, 
        60.23657425456065
      ], 
      "location": [
        -35.86770361122179, 
        9.045341156508318, 
        60.23657425456065
      ], 
      "pose_transform_permuted": [
        [
          0.046427044830619324, 
          -0.539395445075159, 
          -0.84077171892284, 
          0.0
        ], 
        [
          -0.9982511457953425, 
          -0.055887077064021184, 
          -0.01926874504284659, 
          0.0
        ], 
        [
          0.03659480054026443, 
          -0.8401959226569786, 
          0.5410467929153696, 
          0.0
        ], 
        [
          -35.86770361122179, 
          9.045341156508318, 
          60.23657425456065, 
          1.0
        ]
      ], 
      "projected_cuboid": [
        [
          123.26003428782202, 
          320.559743587049
        ], 
        [
          194.4391709398597, 
          324.3423414095151
        ], 
        [
          178.63956159559982, 
          367.2805881597488
        ], 
        [
          103.93326235967228, 
          363.42667794327105
        ], 
        [
          146.03907739408618, 
          340.99844400482976
        ], 
        [
          212.2426979972369, 
          344.47148484791205
        ], 
        [
          198.39171722844594, 
          385.2179892378715
        ], 
        [
          129.14727940025742, 
          381.68746966792776
        ]
      ], 
      "projected_cuboid_centroid": [
        161.3869535154826, 
        353.3717293278635
      ], 
      "quaternion_xyzw": [
        -0.02410731460842857, 
        0.9590644904508718, 
        -0.28163962088790173, 
        0.017124966706509294
      ], 
      "visibility": 0.9840859359458922
    }
  ]
}