{
  "camera_data": {
    "location_worldframe": [
      -16.376786362475723, 
      8.63581147026756, 
      75.8578591466765
    ], 
    "quaternion_xyzw_worldframe": [
      -0.8649348856607909, 
      -0.01420864660284324, 
      -0.01079188581680501, 
      0.5015734338137181
    ]
  }, 
  "objects": [
    {
      "bounding_box": {
        "bottom_right": [
          530, 
          314
        ], 
        "top_left": [
          347, 
          141
        ]
      }, 
      "class": "003_cracker_box", 
      "cuboid": [
        [
          -22.09946789762413, 
          28.229390454815217, 
          59.69934022415867
        ], 
        [
          -38.49012382767788, 
          28.76401939965732, 
          59.32693485216806
        ], 
        [
          -39.32793598966181, 
          9.605664204107363, 
          68.69758286224568
        ], 
        [
          -22.937280059608067, 
          9.071035259265262, 
          69.06998823423628
        ], 
        [
          -22.143043637899005, 
          31.385578137130015, 
          66.14829192221056
        ], 
        [
          -38.53369956795275, 
          31.92020708197212, 
          65.77588655021997
        ], 
        [
          -39.371511729936685, 
          12.76185188642216, 
          75.14653456029757
        ], 
        [
          -22.980855799882942, 
          12.227222941580058, 
          75.51893993228819
        ]
      ], 
      "cuboid_centroid": [
        -30.735489813780408, 
        20.495621170618687, 
        67.42293739222812
      ], 
      "location": [
        -30.735489813780408, 
        20.495621170618687, 
        67.42293739222812
      ], 
      "pose_transform_permuted": [
        [
          0.006069044751628949, 
          -0.43958046765651576, 
          -0.8981827092249561, 
          0.0
        ], 
        [
          0.9992108584610326, 
          -0.03259217014947369, 
          0.022702660163827826, 
          0.0
        ], 
        [
          0.03925336965623755, 
          0.8976116994000396, 
          -0.43903577311057973, 
          0.0
        ], 
        [
          -30.735489813780408, 
          20.495621170618687, 
          67.42293739222812, 
          1.0
        ]
      ], 
      "projected_cuboid": [
        [
          282.52789004741544, 
          525.4716826414611
        ], 
        [
          132.70657461969864, 
          531.8607399822213
        ], 
        [
          173.738364473937, 
          347.8581402995123
        ], 
        [
          303.0123581700918, 
          343.32796794369136
        ], 
        [
          301.5813533878882, 
          526.332277535283
        ], 
        [
          166.55704169028243, 
          532.0997965864168
        ], 
        [
          199.84645398640575, 
          363.8581866726641
        ], 
        [
          317.9523283378791, 
          359.63596831495187
        ]
      ], 
      "projected_cuboid_centroid": [
        236.4514090101928, 
        435.4081624956476
      ], 
      "quaternion_xyzw": [
        0.9740386628730437, 
        -0.018440114993432136, 
        0.00738464139364632, 
        0.22550856404804082
      ], 
      "visibility": 0.23329403263225953
    }, 
    {
      "bounding_box": {
        "bottom_right": [
          518, 
          363
        ], 
        "top_left": [
          376, 
          287
        ]
      }, 
      "class": "006_mustard_bottle", 
      "cuboid": [
        [
          -17.0865793145334, 
          32.492818015449956, 
          71.04512362699327
        ], 
        [
          -26.336820932506804, 
          31.299578054297285, 
          68.76142570160413
        ], 
        [
          -26.459319096054447, 
          14.552924878564916, 
          78.0077945670589
        ], 
        [
          -17.209077478081042, 
          15.746164839717592, 
          80.29149249244804
        ], 
        [
          -18.649149517560275, 
          35.21385149341269, 
          75.95264923136811
        ], 
        [
          -27.89939113553368, 
          34.02061153226001, 
          73.66895130597896
        ], 
        [
          -28.021889299081327, 
          17.273958356527647, 
          82.91532017143373
        ], 
        [
          -18.77164768110792, 
          18.46719831768032, 
          85.19901809682288
        ]
      ], 
      "cuboid_centroid": [
        -22.55423430680736, 
        24.883388185988803, 
        76.9802218992135
      ], 
      "location": [
        -22.55423430680736, 
        24.883388185988803, 
        76.9802218992135
      ], 
      "pose_transform_permuted": [
        [
          0.268256993718021, 
          -0.4671382182959866, 
          -0.8425081079068578, 
          0.0
        ], 
        [
          0.9633260211555605, 
          0.12426476534705443, 
          0.23782574843361975, 
          0.0
        ], 
        [
          0.006403425070711705, 
          0.875408542384332, 
          -0.48334137011836953, 
          0.0
        ], 
        [
          -22.55423430680736, 
          24.883388185988803, 
          76.9802218992135, 
          1.0
        ]
      ], 
      "projected_cuboid": [
        [
          352.2631039562655, 
          517.2027320194388
        ], 
        [
          275.624105379499, 
          516.0487807800329
        ], 
        [
          299.19388971398985, 
          372.7812086516236
        ], 
        [
          366.3367549615857, 
          377.87717153644354
        ], 
        [
          349.55636117470937, 
          520.5489678027943
        ], 
        [
          277.9388330868855, 
          519.5756196089595
        ], 
        [
          299.8554591626458, 
          384.39435558825886
        ], 
        [
          363.1131134943731, 
          388.88550530675724
        ]
      ], 
      "projected_cuboid_centroid": [
        324.0389930074625, 
        445.6788471723877
      ], 
      "quaternion_xyzw": [
        0.9593282378110672, 
        0.030714549939984844, 
        0.13188466736536064, 
        0.24769405062627436
      ], 
      "visibility": 0.43197368421052634
    }, 
    {
      "bounding_box": {
        "bottom_right": [
          421, 
          289
        ], 
        "top_left": [
          343, 
          178
        ]
      }, 
      "class": "008_pudding_box", 
      "cuboid": [
        [
          -23.799556783801208, 
          16.574554642360827, 
          62.34672441915308
        ], 
        [
          -35.134778915932735, 
          16.73422664106796, 
          61.53455777939085
        ], 
        [
          -35.53276462128713, 
          8.688851747955912, 
          65.50752404018722
        ], 
        [
          -24.197542489155595, 
          8.52917974924878, 
          66.31969067994945
        ], 
        [
          -24.021899491995104, 
          18.283944991019585, 
          65.78601427393674
        ], 
        [
          -35.357121624126634, 
          18.443616989726717, 
          64.9738476341745
        ], 
        [
          -35.75510732948102, 
          10.398242096614668, 
          68.94681389497089
        ], 
        [
          -24.419885197349494, 
          10.238570097907537, 
          69.75898053473311
        ]
      ], 
      "cuboid_centroid": [
        -29.777332056641114, 
        13.486398369487748, 
        65.64676915706198
      ], 
      "location": [
        -29.777332056641114, 
        13.486398369487748, 
        65.64676915706198
      ], 
      "pose_transform_permuted": [
        [
          0.05779488629604147, 
          -0.44433218268677543, 
          -0.8939954348446938, 
          0.0
        ], 
        [
          0.9973447321374617, 
          -0.014048955099786107, 
          0.07145957179688053, 
          0.0
        ], 
        [
          0.04431073269604453, 
          0.8957519115183072, 
          -0.4423401233363167, 
          0.0
        ], 
        [
          -29.777332056641114, 
          13.486398369487748, 
          65.64676915706198, 
          1.0
        ]
      ], 
      "projected_cuboid": [
        [
          276.3169136828705, 
          415.0667943696236
        ], 
        [
          174.54651803774678, 
          418.3219635857271
        ], 
        [
          189.90168681489857, 
          344.02550820435073
        ], 
        [
          285.3873531465802, 
          341.8751960711265
        ], 
        [
          285.2314231621771, 
          421.51235814938485
        ], 
        [
          188.95951605478047, 
          424.6757889383949
        ], 
        [
          202.718190014927, 
          353.71935028117366
        ], 
        [
          293.346961689718, 
          351.5621936035217
        ]
      ], 
      "projected_cuboid_centroid": [
        237.66765821455925, 
        382.8511128912345
      ], 
      "quaternion_xyzw": [
        0.9730226203049526, 
        -0.014994432446375267, 
        0.03320952036356892, 
        0.22781389854667575
      ], 
      "visibility": 0.7123128549303046
    }, 
    {
      "bounding_box": {
        "bottom_right": [
          539, 
          288
        ], 
        "top_left": [
          362, 
          139
        ]
      }, 
      "class": "019_pitcher_base", 
      "cuboid": [
        [
          -45.77018154101364, 
          39.041097169218496, 
          74.84789051797415
        ], 
        [
          -27.131399558070324, 
          39.818621133787424, 
          77.6333593440065
        ], 
        [
          -27.91793981490557, 
          18.364174326184923, 
          88.88514526044918
        ], 
        [
          -46.556721797848894, 
          17.58665036161599, 
          86.09967643441682
        ], 
        [
          -43.77558874853308, 
          32.871488825456176, 
          63.22336197832503
        ], 
        [
          -25.136806765589753, 
          33.649012790025104, 
          66.00883080435737
        ], 
        [
          -25.923347022425002, 
          12.194565982422603, 
          77.26061672080006
        ], 
        [
          -44.56212900536832, 
          11.417042017853671, 
          74.47514789476772
        ]
      ], 
      "cuboid_centroid": [
        -35.846764281719324, 
        25.61783157582055, 
        76.0542536193871
      ], 
      "location": [
        -35.846764281719324, 
        25.61783157582055, 
        76.0542536193871
      ], 
      "pose_transform_permuted": [
        [
          -0.14984995044614344, 
          0.4635109021100628, 
          0.8733286474277538, 
          0.0
        ], 
        [
          -0.9881762469035985, 
          -0.041222152493035485, 
          -0.14767778993790998, 
          0.0
        ], 
        [
          0.03244976953017531, 
          0.8851318775536393, 
          -0.46420746632923504, 
          0.0
        ], 
        [
          -35.846764281719324, 
          25.61783157582055, 
          76.0542536193871, 
          1.0
        ]
      ], 
      "projected_cuboid": [
        [
          152.7493680866994, 
          551.4691497389662
        ], 
        [
          293.6586550111921, 
          546.8293886961743
        ], 
        [
          312.690741275344, 
          383.47338380618044
        ], 
        [
          190.81165842303741, 
          382.22196525192027
        ], 
        [
          109.25153491824182, 
          550.5734169142169
        ], 
        [
          276.8112845794558, 
          545.1543662192305
        ], 
        [
          301.16046579748485, 
          357.4639769242408
        ], 
        [
          159.8265159075281, 
          355.0444432978872
        ]
      ], 
      "projected_cuboid_centroid": [
        228.13195611872044, 
        452.9279203837798
      ], 
      "quaternion_xyzw": [
        -0.07685580444738116, 
        0.23964334019738243, 
        0.9678115482733444, 
        -0.002266035928820758
      ], 
      "visibility": 0.08035392701269123
    }, 
    {
      "bounding_box": {
        "bottom_right": [
          526, 
          342
        ], 
        "top_left": [
          341, 
          154
        ]
      }, 
      "class": "035_power_drill", 
      "cuboid": [
        [
          -14.223145621490978, 
          24.33831793096985, 
          50.751820611437715
        ], 
        [
          -32.65555583773455, 
          23.98591043645784, 
          50.64406362177868
        ], 
        [
          -32.376039615766985, 
          6.992963365687353, 
          58.40541408806283
        ], 
        [
          -13.943629399523408, 
          7.345370860199366, 
          58.51317107772186
        ], 
        [
          -14.29896245460181, 
          26.713155254446658, 
          55.954096868873904
        ], 
        [
          -32.73137267084538, 
          26.360747759934643, 
          55.84633987921487
        ], 
        [
          -32.45185644887781, 
          9.367800689164161, 
          63.607690345499016
        ], 
        [
          -14.01944623263424, 
          9.720208183676174, 
          63.715447335158046
        ]
      ], 
      "cuboid_centroid": [
        -23.337501035184395, 
        16.853059310067007, 
        57.179755478468365
      ], 
      "location": [
        -23.337501035184395, 
        16.853059310067007, 
        57.179755478468365
      ], 
      "pose_transform_permuted": [
        [
          0.01325654485431144, 
          -0.41523941595320346, 
          -0.9096160538703596, 
          0.0
        ], 
        [
          0.9997998606072479, 
          0.01911507826467324, 
          0.0058448907102567026, 
          0.0
        ], 
        [
          -0.014960512420841558, 
          0.9095114191564136, 
          -0.4154098078315456, 
          0.0
        ], 
        [
          -23.337501035184395, 
          16.853059310067007, 
          57.179755478468365, 
          1.0
        ]
      ], 
      "projected_cuboid": [
        [
          330.8892552080082, 
          529.0429112041602
        ], 
        [
          134.84403120969304, 
          525.8759796875122
        ], 
        [
          183.4968087533781, 
          337.14165082587476
        ], 
        [
          353.4484483600574, 
          340.23608204554967
        ], 
        [
          344.172502706758, 
          527.8996873791283
        ], 
        [
          166.41518762355636, 
          525.02556041002
        ], 
        [
          207.23652220300318, 
          351.8309959178635
        ], 
        [
          363.27170140988864, 
          354.64792825130195
        ]
      ], 
      "projected_cuboid_centroid": [
        262.11259915603557, 
        430.4762022462304
      ], 
      "quaternion_xyzw": [
        0.9771037986869693, 
        0.008718518629061093, 
        0.004887258546696018, 
        0.2125283989533595
      ], 
      "visibility": 0.816854523155989
    }, 
    {
      "bounding_box": {
        "bottom_right": [
          366, 
          217
        ], 
        "top_left": [
          309, 
          121
        ]
      }, 
      "class": "061_foam_brick", 
      "cuboid": [
        [
          -38.91275675009875, 
          3.7937572231652026, 
          60.03554042285762
        ], 
        [
          -31.149489840098134, 
          4.11042252600432, 
          60.55994973783078
        ], 
        [
          -31.159792898876386, 
          8.558779969348716, 
          58.026327577216996
        ], 
        [
          -38.92305980887701, 
          8.242114666509599, 
          57.50191826224385
        ], 
        [
          -39.32608929666069, 
          6.386260840372272, 
          64.58895865994303
        ], 
        [
          -31.562822386660066, 
          6.702926143211391, 
          65.11336797491619
        ], 
        [
          -31.573125445438325, 
          11.151283586555785, 
          62.5797458143024
        ], 
        [
          -39.336392355438946, 
          10.834618283716669, 
          62.05533649932925
        ]
      ], 
      "cuboid_centroid": [
        -35.24294109776854, 
        7.472520404860495, 
        61.30764311858001
      ], 
      "location": [
        -35.24294109776854, 
        7.472520404860495, 
        61.30764311858001
      ], 
      "pose_transform_permuted": [
        [
          0.07864013380176293, 
          -0.49324649857489034, 
          -0.8663276637619577, 
          0.0
        ], 
        [
          -0.9969010376319289, 
          -0.0406638046381842, 
          -0.06734074666003437, 
          0.0
        ], 
        [
          0.00201259137039006, 
          -0.868938632261196, 
          0.4949157532752594, 
          0.0
        ], 
        [
          -35.24294109776854, 
          7.472520404860495, 
          61.30764311858001, 
          1.0
        ]
      ], 
      "projected_cuboid": [
        [
          133.03886061860305, 
          306.98799226434954
        ], 
        [
          204.99388692530283, 
          309.48486439544314
        ], 
        [
          192.820988934742, 
          351.9502266257395
        ], 
        [
          117.58449940008299, 
          349.7306165658173
        ], 
        [
          154.1702731788949, 
          326.01873927518113
        ], 
        [
          220.92325190067274, 
          328.1877339708917
        ], 
        [
          210.2809975164113, 
          368.3204477044427
        ], 
        [
          140.71266505773465, 
          366.40204476710386
        ]
      ], 
      "projected_cuboid_centroid": [
        172.4612967728437, 
        338.2905287538403
      ], 
      "quaternion_xyzw": [
        -0.011045291630741454, 
        0.965940905756543, 
        -0.2557512177922009, 
        0.0377820422532635
      ], 
      "visibility": 0.9865884325230512
    }
  ]
}