{
  "camera_data": {
    "location_worldframe": [
      -28.379883662138226, 
      -13.562606737340294, 
      77.50227806754418
    ], 
    "quaternion_xyzw_worldframe": [
      0.9344981160452356, 
      0.008707607727079814, 
      0.029629236559886325, 
      -0.3546307114037701
    ]
  }, 
  "objects": [
    {
      "bounding_box": {
        "bottom_right": [
          321, 
          230
        ], 
        "top_left": [
          164, 
          7
        ]
      }, 
      "class": "003_cracker_box", 
      "cuboid": [
        [
          -32.967418405314405, 
          -0.004680811487355052, 
          55.75618576098498
        ], 
        [
          -49.312413098791154, 
          0.846588108369889, 
          54.66320571383944
        ], 
        [
          -51.099985332756226, 
          -14.28204689116387, 
          69.61253799677552
        ], 
        [
          -34.75499063927948, 
          -15.133315811021111, 
          70.70551804392106
        ], 
        [
          -33.045540063086975, 
          5.0463601274715675, 
          60.85846760095526
        ], 
        [
          -49.390534756563724, 
          5.897629047328811, 
          59.76548755380971
        ], 
        [
          -51.178106990528796, 
          -9.231005952204944, 
          74.71481983674579
        ], 
        [
          -34.83311229705205, 
          -10.082274872062188, 
          75.80779988389133
        ]
      ], 
      "cuboid_centroid": [
        -42.072762697921604, 
        -4.61784338184615, 
        65.23550279886538
      ], 
      "location": [
        -42.072762697921604, 
        -4.61784338184615, 
        65.23550279886538
      ], 
      "pose_transform_permuted": [
        [
          0.010880453988903097, 
          -0.7034876127744533, 
          -0.7106242286848208, 
          0.0
        ], 
        [
          0.9964272478725856, 
          -0.0518952476228914, 
          0.0666304958050265, 
          0.0
        ], 
        [
          0.08375174874628138, 
          0.7088103145038593, 
          -0.7004095820553001, 
          0.0
        ], 
        [
          -42.072762697921604, 
          -4.61784338184615, 
          65.23550279886538, 
          1.0
        ]
      ], 
      "projected_cuboid": [
        [
          163.62891655691348, 
          273.24176504015054
        ], 
        [
          -3.527084361247939, 
          281.5462441435122
        ], 
        [
          86.84442518312908, 
          163.86809822882805
        ], 
        [
          217.26149921921632, 
          159.1385350586991
        ], 
        [
          189.59657851412962, 
          317.50918744677244
        ], 
        [
          37.18586288329411, 
          325.91425330606234
        ], 
        [
          113.23983420817618, 
          207.3949751370441
        ], 
        [
          234.49855877441507, 
          202.3561767201832
        ]
      ], 
      "projected_cuboid_centroid": [
        134.77337741105492, 
        235.5342987575099
      ], 
      "quaternion_xyzw": [
        0.9241025093382857, 
        -0.03669695596495685, 
        0.0209692509788314, 
        0.37980017926664605
      ], 
      "visibility": 0.613025486180436
    }, 
    {
      "bounding_box": {
        "bottom_right": [
          347, 
          282
        ], 
        "top_left": [
          232, 
          188
        ]
      }, 
      "class": "006_mustard_bottle", 
      "cuboid": [
        [
          -28.069228026765554, 
          7.516534602911337, 
          65.3204397386809
        ], 
        [
          -37.300795282925115, 
          5.918547211995392, 
          63.21552403878174
        ], 
        [
          -38.279347669399655, 
          -6.985853059516536, 
          77.30380372240239
        ], 
        [
          -29.047780413240098, 
          -5.3878656686005915, 
          79.40871942230157
        ], 
        [
          -29.6444229223768, 
          11.705908075114598, 
          69.04835703073769
        ], 
        [
          -38.875990178536355, 
          10.107920684198653, 
          66.94344133083851
        ], 
        [
          -39.8545425650109, 
          -2.7964795873132746, 
          81.03172101445918
        ], 
        [
          -30.62297530885134, 
          -1.1984921963973298, 
          83.13663671435835
        ]
      ], 
      "cuboid_centroid": [
        -33.96188529588823, 
        2.3600275077990314, 
        73.17608037657004
      ], 
      "location": [
        -33.96188529588823, 
        2.3600275077990314, 
        73.17608037657004
      ], 
      "pose_transform_permuted": [
        [
          0.27042436006913706, 
          -0.7192180748348387, 
          -0.6399967717670452, 
          0.0
        ], 
        [
          0.9613812612880129, 
          0.1664154190477318, 
          0.21920725423126583, 
          0.0
        ], 
        [
          0.05115249651982633, 
          0.6745599919868293, 
          -0.7364456798097997, 
          0.0
        ], 
        [
          -33.96188529588823, 
          2.3600275077990314, 
          73.17608037657004, 
          1.0
        ]
      ], 
      "projected_cuboid": [
        [
          250.51134920296636, 
          334.65653361149094
        ], 
        [
          164.28536687544926, 
          323.2185314288625
        ], 
        [
          215.30673393652748, 
          225.09107977118768
        ], 
        [
          284.8825115862589, 
          237.10091134667064
        ], 
        [
          250.71968602435797, 
          363.701289088123
        ], 
        [
          169.3019695342482, 
          353.81350132325696
        ], 
        [
          217.1038722351461, 
          254.88118623546404
        ], 
        [
          283.5143117183537, 
          265.5982385279393
        ]
      ], 
      "projected_cuboid_centroid": [
        232.01442138500587, 
        290.48681545263497
      ], 
      "quaternion_xyzw": [
        0.904977627491681, 
        0.031841373484386225, 
        0.13526069579684272, 
        0.40212700027714754
      ], 
      "visibility": 0.8745644599303136
    }, 
    {
      "bounding_box": {
        "bottom_right": [
          209, 
          202
        ], 
        "top_left": [
          145, 
          74
        ]
      }, 
      "class": "008_pudding_box", 
      "cuboid": [
        [
          -35.17106395757922, 
          -10.149836990685912, 
          61.91685433654961
        ], 
        [
          -46.46940894807312, 
          -9.937261747112267, 
          60.7025303170724
        ], 
        [
          -47.26709162587571, 
          -16.277010114401442, 
          67.01459841610288
        ], 
        [
          -35.96874663538181, 
          -16.489585357975088, 
          68.2289224355801
        ], 
        [
          -35.410625945345025, 
          -7.425657196491149, 
          64.62270371375286
        ], 
        [
          -46.70897093583892, 
          -7.213081952917505, 
          63.40837969427564
        ], 
        [
          -47.50665361364151, 
          -13.552830320206679, 
          69.72044779330614
        ], 
        [
          -36.208308623147616, 
          -13.765405563780325, 
          70.93477181278334
        ]
      ], 
      "cuboid_centroid": [
        -41.33885878561037, 
        -11.851333655446297, 
        65.81865106492786
      ], 
      "location": [
        -41.33885878561037, 
        -11.851333655446297, 
        65.81865106492786
      ], 
      "pose_transform_permuted": [
        [
          0.06227079788784619, 
          -0.7081125472221841, 
          -0.7033478109536142, 
          0.0
        ], 
        [
          0.9941000473381827, 
          -0.01870371810006557, 
          0.10684392858085445, 
          0.0
        ], 
        [
          0.0888119935888191, 
          0.7058517215159505, 
          -0.7027698697025209, 
          0.0
        ], 
        [
          -41.33885878561037, 
          -11.851333655446297, 
          65.81865106492786, 
          1.0
        ]
      ], 
      "projected_cuboid": [
        [
          176.12721169238466, 
          185.86112060307994
        ], 
        [
          69.92434422419514, 
          185.97985957528087
        ], 
        [
          102.29850274315567, 
          143.74986306794102
        ], 
        [
          198.1000268405553, 
          144.39370960526458
        ], 
        [
          186.92415404059017, 
          212.00392098746906
        ], 
        [
          85.46009161165732, 
          212.61824967227102
        ], 
        [
          115.17129689349262, 
          169.61551970871784
        ], 
        [
          207.09804659711497, 
          169.79201519882898
        ]
      ], 
      "projected_cuboid_centroid": [
        143.8424899101271, 
        177.25679226528905
      ], 
      "quaternion_xyzw": [
        0.9224016993435868, 
        -0.029140154383224953, 
        0.045835433355404846, 
        0.38239370599835676
      ], 
      "visibility": 0.26424723561100083
    }, 
    {
      "bounding_box": {
        "bottom_right": [
          396, 
          204
        ], 
        "top_left": [
          214, 
          11
        ]
      }, 
      "class": "019_pitcher_base", 
      "cuboid": [
        [
          -56.56669377927213, 
          15.745530494482473, 
          65.83977712360877
        ], 
        [
          -37.98379585252768, 
          16.844385277367564, 
          68.87885539083003
        ], 
        [
          -39.852205599752715, 
          0.14051346878484228, 
          86.34322859241487
        ], 
        [
          -58.435103526497166, 
          -0.9583413141002466, 
          83.30415032519362
        ], 
        [
          -54.530003049156136, 
          6.131522227877112, 
          56.86231271477611
        ], 
        [
          -35.94710512241169, 
          7.230377010762201, 
          59.90139098199737
        ], 
        [
          -37.81551486963674, 
          -9.47349479782052, 
          77.36576418358221
        ], 
        [
          -56.398412796381194, 
          -10.572349580705609, 
          74.32668591636096
        ]
      ], 
      "cuboid_centroid": [
        -47.19110432445443, 
        3.136017848330977, 
        71.6027706535955
      ], 
      "location": [
        -47.19110432445443, 
        3.136017848330977, 
        71.6027706535955
      ], 
      "pose_transform_permuted": [
        [
          -0.15301268817002042, 
          0.7222820957594849, 
          0.6744597703687418, 
          0.0
        ], 
        [
          -0.9852134300753911, 
          -0.05825821645626568, 
          -0.16112345532541933, 
          0.0
        ], 
        [
          0.07708374130694406, 
          0.6891405566843576, 
          -0.7205160580853818, 
          0.0
        ], 
        [
          -47.19110432445443, 
          3.136017848330977, 
          71.6027706535955, 
          1.0
        ]
      ], 
      "projected_cuboid": [
        [
          19.573443692837547, 
          400.8294934255359
        ], 
        [
          185.04279922562625, 
          403.710315843688
        ], 
        [
          233.38904454417818, 
          274.15445299716873
        ], 
        [
          104.37341418648802, 
          267.1511631150397
        ], 
        [
          -34.109593759168646, 
          330.7949424527554
        ], 
        [
          158.88236476262884, 
          337.6606967502831
        ], 
        [
          218.7440691040031, 
          207.9811622759909
        ], 
        [
          73.54662677023579, 
          197.42628668667928
        ]
      ], 
      "projected_cuboid_centroid": [
        127.17394222943346, 
        296.644568912675
      ], 
      "quaternion_xyzw": [
        -0.08583065259133675, 
        0.3942122218861406, 
        0.9149882181110981, 
        0.005143652256403312
      ], 
      "visibility": 0.3025932416042066
    }, 
    {
      "bounding_box": {
        "bottom_right": [
          235, 
          244
        ], 
        "top_left": [
          99, 
          25
        ]
      }, 
      "class": "035_power_drill", 
      "cuboid": [
        [
          -25.03253770973829, 
          -6.7717430717455205, 
          48.79343208041851
        ], 
        [
          -43.45720054856954, 
          -6.618269550444733, 
          48.162722841117365
        ], 
        [
          -44.00795534936621, 
          -20.241710264045544, 
          60.93673837270502
        ], 
        [
          -25.58329251053497, 
          -20.395183785346326, 
          61.56744761200616
        ], 
        [
          -25.14265275588736, 
          -2.858170048896051, 
          52.96249667997584
        ], 
        [
          -43.5673155947186, 
          -2.704696527595264, 
          52.3317874406747
        ], 
        [
          -44.11807039551528, 
          -16.32813724119607, 
          65.10580297226237
        ], 
        [
          -25.69340755668404, 
          -16.48161076249686, 
          65.73651221156351
        ]
      ], 
      "cuboid_centroid": [
        -34.57530405262679, 
        -11.549940156470797, 
        56.94961752634043
      ], 
      "location": [
        -34.57530405262679, 
        -11.549940156470797, 
        56.94961752634043
      ], 
      "pose_transform_permuted": [
        [
          0.01925357454954329, 
          -0.6842867762913095, 
          -0.7289593827239139, 
          0.0
        ], 
        [
          0.9993796319574918, 
          -0.008324619699935329, 
          0.03421055641335951, 
          0.0
        ], 
        [
          0.029477981564564652, 
          0.7291657442124032, 
          -0.6837020645138501, 
          0.0
        ], 
        [
          -34.57530405262679, 
          -11.549940156470797, 
          56.94961752634043, 
          1.0
        ]
      ], 
      "projected_cuboid": [
        [
          205.70751836849195, 
          199.27036329601574
        ], 
        [
          -3.6271331981619137, 
          200.00054936319756
        ], 
        [
          93.22881183062043, 
          96.13067488510451
        ], 
        [
          258.1384931263051, 
          96.6160515963758
        ], 
        [
          226.30672569690873, 
          244.50545410768714
        ], 
        [
          33.89719438714664, 
          245.72264813080128
        ], 
        [
          117.1885262056513, 
          139.53324795372546
        ], 
        [
          271.40961597125676, 
          139.57141550042132
        ]
      ], 
      "projected_cuboid_centroid": [
        155.10928511089742, 
        165.1241035796304
      ], 
      "quaternion_xyzw": [
        0.9297183389196173, 
        -0.010165068193779162, 
        0.01437643228190782, 
        0.3678503433617424
      ], 
      "visibility": 0.8138637695237826
    }, 
    {
      "bounding_box": {
        "bottom_right": [
          145, 
          132
        ], 
        "top_left": [
          85, 
          28
        ]
      }, 
      "class": "061_foam_brick", 
      "cuboid": [
        [
          -50.69847124462837, 
          -22.566052373442535, 
          63.272562081835005
        ], 
        [
          -42.943541967392626, 
          -22.31832359457494, 
          63.93836799706559
        ], 
        [
          -42.72455962332013, 
          -18.914152194714244, 
          60.1211838041184
        ], 
        [
          -50.47948890055588, 
          -19.161880973581837, 
          59.4553778888878
        ], 
        [
          -51.12196528461689, 
          -18.64405704122508, 
          66.74590943752227
        ], 
        [
          -43.36703600738115, 
          -18.396328262357482, 
          67.41171535275286
        ], 
        [
          -43.14805366330865, 
          -14.992156862496786, 
          63.59453115980567
        ], 
        [
          -50.9029829405444, 
          -15.239885641364381, 
          62.92872524457508
        ]
      ], 
      "cuboid_centroid": [
        -46.92326245396851, 
        -18.77910461796966, 
        63.43354662082034
      ], 
      "location": [
        -46.92326245396851, 
        -18.77910461796966, 
        63.43354662082034
      ], 
      "pose_transform_permuted": [
        [
          0.08057344684313528, 
          -0.7461939309181719, 
          -0.6608347275413895, 
          0.0
        ], 
        [
          -0.9958303808000745, 
          -0.0318114885868811, 
          -0.08549784716274889, 
          0.0
        ], 
        [
          -0.042775838266415234, 
          -0.6649681546170259, 
          0.7456457476616041, 
          0.0
        ], 
        [
          -46.92326245396851, 
          -18.77910461796966, 
          63.43354662082034, 
          1.0
        ]
      ], 
      "projected_cuboid": [
        [
          50.70233846562701, 
          83.07900963673245
        ], 
        [
          120.41344192996728, 
          87.1260304582575
        ], 
        [
          99.44007568115036, 
          105.50395077579877
        ], 
        [
          25.01847632102849, 
          101.40290463368115
        ], 
        [
          69.71334943957756, 
          124.31500079453676
        ], 
        [
          135.64486475506843, 
          127.74622544940304
        ], 
        [
          116.73125003292134, 
          147.55857516886
        ], 
        [
          46.60029267228078, 
          144.12883732502416
        ]
      ], 
      "projected_cuboid_centroid": [
        83.80057983635403, 
        115.4006119894671
      ], 
      "quaternion_xyzw": [
        0.003007994526627692, 
        0.9112674227358413, 
        -0.4092760372418776, 
        0.04556052643342025
      ], 
      "visibility": 0.9490547263681592
    }
  ]
}