{
  "camera_data": {
    "location_worldframe": [
      -11.797279548304736, 
      -16.689289748427772, 
      62.674978667777424
    ], 
    "quaternion_xyzw_worldframe": [
      0.8486667062850752, 
      0.03603391535269497, 
      0.17386981497803308, 
      -0.49823485481392477
    ]
  }, 
  "objects": [
    {
      "bounding_box": {
        "bottom_right": [
          372, 
          361
        ], 
        "top_left": [
          127, 
          146
        ]
      }, 
      "class": "003_cracker_box", 
      "cuboid": [
        [
          -9.96215014132725, 
          3.394505753819821, 
          46.212100837075845
        ], 
        [
          -25.287116718416424, 
          5.987910090650511, 
          40.96826931385129
        ], 
        [
          -31.22966565071773, 
          -12.868951134527801, 
          49.00931676228527
        ], 
        [
          -15.904699073628557, 
          -15.46235547135849, 
          54.25314828550983
        ], 
        [
          -11.56233028105141, 
          6.5606895881256815, 
          52.45446425029966
        ], 
        [
          -26.887296858140587, 
          9.154093924956372, 
          47.210632727075094
        ], 
        [
          -32.829845790441894, 
          -9.70276730022194, 
          55.25168017550909
        ], 
        [
          -17.504879213352716, 
          -12.29617163705263, 
          60.49551169873365
        ]
      ], 
      "cuboid_centroid": [
        -21.395997965884572, 
        -3.1541307732010595, 
        50.731890506292466
      ], 
      "location": [
        -21.395997965884572, 
        -3.1541307732010595, 
        50.731890506292466
      ], 
      "pose_transform_permuted": [
        [
          0.2228663200531616, 
          -0.44097268941557666, 
          -0.8694099669175384, 
          0.0
        ], 
        [
          0.9342440641013262, 
          -0.15809969929206263, 
          0.31967563838240237, 
          0.0
        ], 
        [
          0.27842168032931425, 
          0.8834860340001718, 
          -0.3767410193345667, 
          0.0
        ], 
        [
          -21.395997965884572, 
          -3.1541307732010595, 
          50.731890506292466, 
          1.0
        ]
      ], 
      "projected_cuboid": [
        [
          365.66886438881517, 
          312.461480494475
        ], 
        [
          149.6694159744764, 
          351.2363700611692
        ], 
        [
          138.92364319913213, 
          133.2465597012694
        ], 
        [
          323.94769489233084, 
          121.28841003073968
        ], 
        [
          363.0598716278088, 
          339.99095077952177
        ], 
        [
          175.3308754077854, 
          376.69666562345276
        ], 
        [
          162.0645278076161, 
          179.63009539501212
        ], 
        [
          325.99058007570966, 
          164.88528724515896
        ]
      ], 
      "projected_cuboid_centroid": [
        254.79696926659608, 
        240.12870190548173
      ], 
      "quaternion_xyzw": [
        0.9600963577968407, 
        -0.11366603364246544, 
        0.14127278841067314, 
        0.2129249064715164
      ], 
      "visibility": 0.4856688265270828
    }, 
    {
      "bounding_box": {
        "bottom_right": [
          352, 
          387
        ], 
        "top_left": [
          197, 
          292
        ]
      }, 
      "class": "006_mustard_bottle", 
      "cuboid": [
        [
          -8.120474843787315, 
          7.044690190829769, 
          58.67477847470537
        ], 
        [
          -16.326374196249528, 
          7.015723964567537, 
          53.68795136869879
        ], 
        [
          -21.261887875567876, 
          -9.539399206936425, 
          61.90557493527721
        ], 
        [
          -13.055988523105661, 
          -9.510432980674192, 
          66.89240204128379
        ], 
        [
          -10.745893439876614, 
          9.963422253539223, 
          62.97799084764218
        ], 
        [
          -18.95179279233883, 
          9.93445602727699, 
          57.991163741635596
        ], 
        [
          -23.887306471657173, 
          -6.620667144226972, 
          66.20878730821403
        ], 
        [
          -15.68140711919496, 
          -6.591700917964739, 
          71.1956144142206
        ]
      ], 
      "cuboid_centroid": [
        -16.003890657722245, 
        0.21201152330139889, 
        62.441782891459695
      ], 
      "location": [
        -16.003890657722245, 
        0.21201152330139889, 
        62.441782891459695
      ], 
      "pose_transform_permuted": [
        [
          0.45072336492403225, 
          -0.5010784712866871, 
          -0.7387615687654082, 
          0.0
        ], 
        [
          0.8545675561437148, 
          0.003016561150021194, 
          0.5193313334525083, 
          0.0
        ], 
        [
          0.25799727208723633, 
          0.865396571630234, 
          -0.42956510729595065, 
          0.0
        ], 
        [
          -16.003890657722245, 
          0.21201152330139889, 
          62.441782891459695, 
          1.0
        ]
      ], 
      "projected_cuboid": [
        [
          407.17157842432636, 
          337.31867127296283
        ], 
        [
          318.0643516028001, 
          342.97858033059475
        ], 
        [
          296.8983846535151, 
          191.10414303452526
        ], 
        [
          376.63685493096165, 
          197.4617806360504
        ], 
        [
          389.83874602205356, 
          357.66027127614524
        ], 
        [
          305.85318711276676, 
          364.6494216632381
        ], 
        [
          287.57850411131886, 
          219.95628401927024
        ], 
        [
          363.15021578396653, 
          223.9087326926923
        ]
      ], 
      "projected_cuboid_centroid": [
        343.7676199363927, 
        275.0973430545564
      ], 
      "quaternion_xyzw": [
        0.9298824786685892, 
        -0.06855186455988983, 
        0.2608003486003603, 
        0.2502046226086382
      ], 
      "visibility": 0.0825635103926097
    }, 
    {
      "bounding_box": {
        "bottom_right": [
          215, 
          323
        ], 
        "top_left": [
          110, 
          178
        ]
      }, 
      "class": "008_pudding_box", 
      "cuboid": [
        [
          -13.783540021690188, 
          -7.940949333913553, 
          47.83610798006476
        ], 
        [
          -24.240244245188357, 
          -6.358384349837262, 
          43.6737534257134
        ], 
        [
          -26.79078746792909, 
          -14.271188467746784, 
          47.07274900710739
        ], 
        [
          -16.33408324443092, 
          -15.853753451823074, 
          51.235103561458736
        ], 
        [
          -14.822065136026893, 
          -6.201377036434344, 
          51.10650859129381
        ], 
        [
          -25.278769359525064, 
          -4.618812052358053, 
          46.94415403694246
        ], 
        [
          -27.829312582265796, 
          -12.531616170267576, 
          50.34314961833645
        ], 
        [
          -17.37260835876763, 
          -14.114181154343866, 
          54.5055041726878
        ]
      ], 
      "cuboid_centroid": [
        -20.806426301977993, 
        -10.236282752090563, 
        49.089628799200604
      ], 
      "location": [
        -20.806426301977993, 
        -10.236282752090563, 
        49.089628799200604
      ], 
      "pose_transform_permuted": [
        [
          0.2699501206323824, 
          -0.45217755937774257, 
          -0.8500950312418432, 
          0.0
        ], 
        [
          0.920047154899852, 
          -0.13924410406211346, 
          0.3662303517019883, 
          0.0
        ], 
        [
          0.28397110110257945, 
          0.8809918130919687, 
          -0.3784356639343917, 
          0.0
        ], 
        [
          -20.806426301977993, 
          -10.236282752090563, 
          49.089628799200604, 
          1.0
        ]
      ], 
      "projected_cuboid": [
        [
          326.6452518474807, 
          184.75375453444414
        ], 
        [
          183.12189543017993, 
          195.6414851726556
        ], 
        [
          175.53630541891658, 
          111.59841809223173
        ], 
        [
          310.15441314064066, 
          108.26067495215298
        ], 
        [
          325.6331122655658, 
          208.5723575899051
        ], 
        [
          192.01867844570506, 
          220.8134884815769
        ], 
        [
          184.32518481716298, 
          140.53051530395047
        ], 
        [
          310.1948627939605, 
          135.1836193076072
        ]
      ], 
      "projected_cuboid_centroid": [
        253.6681220192385, 
        162.07750698839953
      ], 
      "quaternion_xyzw": [
        0.9553970377850332, 
        -0.1107432796070479, 
        0.16647018128957006, 
        0.2173476550748487
      ], 
      "visibility": 0.9210250262250862
    }, 
    {
      "bounding_box": {
        "bottom_right": [
          417, 
          322
        ], 
        "top_left": [
          181, 
          111
        ]
      }, 
      "class": "019_pitcher_base", 
      "cuboid": [
        [
          -35.598920736944386, 
          17.17150256277054, 
          53.93433578372969
        ], 
        [
          -18.715085509353052, 
          15.607698576840473, 
          62.19618781611954
        ], 
        [
          -25.454626363962028, 
          -5.524832087700145, 
          71.96907666674258
        ], 
        [
          -42.33846159155336, 
          -3.9610281017700797, 
          63.707224634352734
        ], 
        [
          -30.960706162019214, 
          10.746432459664817, 
          43.23959076482053
        ], 
        [
          -14.076870934427882, 
          9.18262847373475, 
          51.50144279721037
        ], 
        [
          -20.816411789036856, 
          -11.949902190805869, 
          61.274331647833414
        ], 
        [
          -37.70024701662819, 
          -10.386098204875802, 
          53.01247961544357
        ]
      ], 
      "cuboid_centroid": [
        -28.20766626299062, 
        2.6108001859823355, 
        57.60433371578155
      ], 
      "location": [
        -28.20766626299062, 
        2.6108001859823355, 
        57.60433371578155
      ], 
      "pose_transform_permuted": [
        [
          -0.3484602104406174, 
          0.4827032566211235, 
          0.8034757857139367, 
          0.0
        ], 
        [
          -0.895133863565118, 
          0.08290852670112259, 
          -0.4380203567653208, 
          0.0
        ], 
        [
          0.27804876555361163, 
          0.8718507968211254, 
          -0.40319359128894994, 
          0.0
        ], 
        [
          -28.20766626299062, 
          2.6108001859823355, 
          57.60433371578155, 
          1.0
        ]
      ], 
      "projected_cuboid": [
        [
          126.65029228430006, 
          443.0837266577013
        ], 
        [
          319.78169213394517, 
          407.1193594378029
        ], 
        [
          291.3961831131932, 
          232.34532708127645
        ], 
        [
          124.21058200755722, 
          240.12712995055875
        ], 
        [
          96.54361585790006, 
          405.8336499820475
        ], 
        [
          334.61022250303824, 
          368.37660389106395
        ], 
        [
          298.90528056049146, 
          169.2769684937543
        ], 
        [
          99.16190560289152, 
          168.79963969672855
        ]
      ], 
      "projected_cuboid_centroid": [
        218.26500769535045, 
        297.45817190400214
      ], 
      "quaternion_xyzw": [
        -0.2081114080025302, 
        0.23441804928321017, 
        0.9447831028998375, 
        0.0955132694337045
      ], 
      "visibility": 0.21920120007500468
    }, 
    {
      "bounding_box": {
        "bottom_right": [
          289, 
          463
        ], 
        "top_left": [
          67, 
          211
        ]
      }, 
      "class": "035_power_drill", 
      "cuboid": [
        [
          -0.2906549848119458, 
          -1.4987570674357027, 
          39.90736379443122
        ], 
        [
          -17.734188929581837, 
          0.47307585095087007, 
          34.27490896101118
        ], 
        [
          -21.872097132450968, 
          -16.383860742503334, 
          41.188543672053726
        ], 
        [
          -4.4285631876810765, 
          -18.355693660889905, 
          46.820998505473774
        ], 
        [
          -1.6407616738160367, 
          0.89060064750075, 
          44.92507845373836
        ], 
        [
          -19.084295618585926, 
          2.862433565887322, 
          39.29262362031831
        ], 
        [
          -23.22220382145506, 
          -13.994503027566882, 
          46.20625833136087
        ], 
        [
          -5.778669876685169, 
          -15.966335945953453, 
          51.83871316478091
        ]
      ], 
      "cuboid_centroid": [
        -11.756429403133502, 
        -7.746630047501292, 
        43.056811062896045
      ], 
      "location": [
        -11.756429403133502, 
        -7.746630047501292, 
        43.056811062896045
      ], 
      "pose_transform_permuted": [
        [
          0.23606564857074827, 
          -0.41777830095787744, 
          -0.8773455276086715, 
          0.0
        ], 
        [
          0.9461618205040643, 
          -0.10695499144253776, 
          0.30551227382989615, 
          0.0
        ], 
        [
          0.2214727525635627, 
          0.90223174708253, 
          -0.37003762157215075, 
          0.0
        ], 
        [
          -11.756429403133502, 
          -7.746630047501292, 
          43.056811062896045, 
          1.0
        ]
      ], 
      "projected_cuboid": [
        [
          477.68040367341496, 
          253.2572396645378
        ], 
        [
          203.3524586588285, 
          280.6476258234031
        ], 
        [
          196.03157482035328, 
          61.14420414469532
        ], 
        [
          430.7326704612771, 
          64.2040492579502
        ], 
        [
          461.956756384579, 
          283.85913534676115
        ], 
        [
          220.40688774462024, 
          312.1384072525093
        ], 
        [
          211.32922918166906, 
          111.75987923694916
        ], 
        [
          421.6503508949428, 
          109.02397991215933
        ]
      ], 
      "projected_cuboid_centroid": [
        334.7635123429218, 
        177.33355386750745
      ], 
      "quaternion_xyzw": [
        0.9651086849670436, 
        -0.08507532600261375, 
        0.14028936088662855, 
        0.20407440498707413
      ], 
      "visibility": 0.9165500349895032
    }, 
    {
      "bounding_box": {
        "bottom_right": [
          126, 
          222
        ], 
        "top_left": [
          32, 
          98
        ]
      }, 
      "class": "061_foam_brick", 
      "cuboid": [
        [
          -28.93407448083375, 
          -18.726631341328563, 
          40.67867835344167
        ], 
        [
          -21.711137636575216, 
          -19.388008377220796, 
          43.513349219664114
        ], 
        [
          -20.41730902115103, 
          -14.985481145002824, 
          41.24376933937357
        ], 
        [
          -27.64024586540956, 
          -14.324104109110591, 
          38.40909847315113
        ], 
        [
          -30.381519105386023, 
          -16.0818092560167, 
          44.98394915061604
        ], 
        [
          -23.158582261127492, 
          -16.743186291908934, 
          47.81862001683848
        ], 
        [
          -21.864753645703303, 
          -12.340659059690962, 
          45.549040136547944
        ], 
        [
          -29.087690489961837, 
          -11.679282023798729, 
          42.7143692703255
        ]
      ], 
      "cuboid_centroid": [
        -25.399414063268527, 
        -15.533645200509763, 
        43.113859244994806
      ], 
      "location": [
        -25.399414063268527, 
        -15.533645200509763, 
        43.113859244994806
      ], 
      "pose_transform_permuted": [
        [
          0.2753890055168361, 
          -0.5032005449384945, 
          -0.8191154419335838, 
          0.0
        ], 
        [
          -0.9275158664859883, 
          0.08492912339488834, 
          -0.3640073645080851, 
          0.0
        ], 
        [
          -0.2527354606247297, 
          -0.8599861949897671, 
          0.4433379426237144, 
          0.0
        ], 
        [
          -25.399414063268527, 
          -15.533645200509763, 
          43.113859244994806, 
          1.0
        ]
      ], 
      "projected_cuboid": [
        [
          99.09437296952404, 
          27.770222668008575
        ], 
        [
          213.27783335944878, 
          35.65820709705205
        ], 
        [
          215.3824551502668, 
          79.51058864689402
        ], 
        [
          94.60726039654142, 
          74.39290245101493
        ], 
        [
          118.39890418598233, 
          82.6242246229552
        ], 
        [
          221.15767876167695, 
          86.55030153183998
        ], 
        [
          223.45600324794458, 
          128.79358871090437
        ], 
        [
          115.38978160676199, 
          127.46231238534655
        ]
      ], 
      "projected_cuboid_centroid": [
        164.78731937000114, 
        81.13493456342115
      ], 
      "quaternion_xyzw": [
        0.08890075992058243, 
        0.9495548303559594, 
        -0.24920585344381335, 
        0.1683410872085267
      ], 
      "visibility": 0.8751692129181976
    }
  ]
}