{
  "camera_data": {
    "location_worldframe": [
      -16.4412045380577, 
      -19.19616458286322, 
      60.909820422115565
    ], 
    "quaternion_xyzw_worldframe": [
      0.8697099482668936, 
      0.016298041000040803, 
      0.14656865613640266, 
      -0.47102523745232266
    ]
  }, 
  "objects": [
    {
      "bounding_box": {
        "bottom_right": [
          339, 
          296
        ], 
        "top_left": [
          94, 
          62
        ]
      }, 
      "class": "003_cracker_box", 
      "cuboid": [
        [
          -15.491762707249116, 
          -0.2034248716329838, 
          43.12970449322986
        ], 
        [
          -31.11305937977874, 
          2.360031756747011, 
          38.83064691390091
        ], 
        [
          -36.74537846796485, 
          -15.846788698394953, 
          48.44013273518573
        ], 
        [
          -21.124081795435224, 
          -18.410245326774945, 
          52.73919031451469
        ], 
        [
          -16.591764832344875, 
          3.3715946997226616, 
          49.25845868345087
        ], 
        [
          -32.213061504874496, 
          5.935051328102656, 
          44.959401104121916
        ], 
        [
          -37.845380593060604, 
          -12.271769127039306, 
          54.56888692540674
        ], 
        [
          -22.22408392053098, 
          -14.835225755419302, 
          58.86794450473569
        ]
      ], 
      "cuboid_centroid": [
        -26.66857165015486, 
        -6.237596999336145, 
        48.8492957093183
      ], 
      "location": [
        -26.66857165015486, 
        -6.237596999336145, 
        48.8492957093183
      ], 
      "pose_transform_permuted": [
        [
          0.15320364225555788, 
          -0.49791360122955153, 
          -0.8535869549789582, 
          0.0
        ], 
        [
          0.952309006121735, 
          -0.15627402034439503, 
          0.26208011642402934, 
          0.0
        ], 
        [
          0.2638867197474405, 
          0.8530301731334118, 
          -0.45022585761472766, 
          0.0
        ], 
        [
          -26.66857165015486, 
          -6.237596999336145, 
          48.8492957093183, 
          1.0
        ]
      ], 
      "projected_cuboid": [
        [
          288.4375597895459, 
          270.7710913995331
        ], 
        [
          50.71360078108917, 
          305.7003979814962
        ], 
        [
          73.66378638290513, 
          98.81544828744863
        ], 
        [
          266.20181878501245, 
          87.11484468845137
        ], 
        [
          300.46159800598133, 
          309.790674081866
        ], 
        [
          96.29332936412074, 
          343.6895910174968
        ], 
        [
          108.63941738701541, 
          153.35052380999824
        ], 
        [
          278.5780447034852, 
          138.88543934117996
        ]
      ], 
      "projected_cuboid_centroid": [
        188.01252438529667, 
        205.18662817985006
      ], 
      "quaternion_xyzw": [
        0.9564159835335909, 
        -0.10982688164084793, 
        0.10855207509845052, 
        0.24783657821706062
      ], 
      "visibility": 0.5076955424726661
    }, 
    {
      "bounding_box": {
        "bottom_right": [
          330, 
          344
        ], 
        "top_left": [
          175, 
          250
        ]
      }, 
      "class": "006_mustard_bottle", 
      "cuboid": [
        [
          -12.704929538300808, 
          4.1705259510638735, 
          55.1770657857093
        ], 
        [
          -21.2472764338325, 
          3.9943973758877984, 
          50.794902387156924
        ], 
        [
          -25.82812790600584, 
          -11.924206348241327, 
          60.364363753839
        ], 
        [
          -17.285781010474146, 
          -11.748077773065251, 
          64.74652715239138
        ], 
        [
          -14.970374084393978, 
          7.399192986847959, 
          59.46343097847975
        ], 
        [
          -23.512720979925668, 
          7.223064411671884, 
          55.08126757992737
        ], 
        [
          -28.093572452099007, 
          -8.69553931245724, 
          64.65072894660945
        ], 
        [
          -19.551225556567314, 
          -8.519410737281166, 
          69.03289234516183
        ]
      ], 
      "cuboid_centroid": [
        -20.399250995199907, 
        -2.262506680696684, 
        59.913897366159375
      ], 
      "location": [
        -20.399250995199907, 
        -2.262506680696684, 
        59.913897366159375
      ], 
      "pose_transform_permuted": [
        [
          0.38892418541747037, 
          -0.5542871040662067, 
          -0.7358692994162946, 
          0.0
        ], 
        [
          0.8896054163832717, 
          0.018342141377852988, 
          0.45636127196706106, 
          0.0
        ], 
        [
          0.23945778706072784, 
          0.8321233823082537, 
          -0.5002305916593376, 
          0.0
        ], 
        [
          -20.399250995199907, 
          -2.262506680696684, 
          59.913897366159375, 
          1.0
        ]
      ], 
      "projected_cuboid": [
        [
          357.7729067022526, 
          313.5971839020434
        ], 
        [
          256.65282851739676, 
          315.2255957099333
        ], 
        [
          251.5037330326025, 
          167.93609007107617
        ], 
        [
          338.02688153824505, 
          176.51717881184558
        ], 
        [
          346.21085973919276, 
          339.64891321970146
        ], 
        [
          252.03998263894331, 
          343.2232309898401
        ], 
        [
          247.91505741739965, 
          201.55491983683876
        ], 
        [
          329.2936489281307, 
          207.4690931530642
        ]
      ], 
      "projected_cuboid_centroid": [
        298.5012656557125, 
        253.14698484075404
      ], 
      "quaternion_xyzw": [
        0.92973088822893, 
        -0.05945689459239226, 
        0.22729304470961997, 
        0.2835545503210946
      ], 
      "visibility": 0.38840054372451294
    }, 
    {
      "bounding_box": {
        "bottom_right": [
          175, 
          255
        ], 
        "top_left": [
          72, 
          104
        ]
      }, 
      "class": "008_pudding_box", 
      "cuboid": [
        [
          -19.356438899969795, 
          -11.340975347429305, 
          45.728516289851946
        ], 
        [
          -30.06010650883294, 
          -9.814386103005415, 
          42.22517565833159
        ], 
        [
          -32.478580321786424, 
          -17.45173695380332, 
          46.28630445457595
        ], 
        [
          -21.77491271292328, 
          -18.97832619822721, 
          49.78964508609631
        ], 
        [
          -20.131148434953815, 
          -9.383454158218761, 
          48.94847005961155
        ], 
        [
          -30.83481604381696, 
          -7.8568649137948725, 
          45.4451294280912
        ], 
        [
          -33.253289856770444, 
          -15.494215764592777, 
          49.50625822433556
        ], 
        [
          -22.549622247907298, 
          -17.02080500901667, 
          53.00959885585591
        ]
      ], 
      "cuboid_centroid": [
        -26.30486437837012, 
        -13.417595556011042, 
        47.61738725709375
      ], 
      "location": [
        -26.30486437837012, 
        -13.417595556011042, 
        47.61738725709375
      ], 
      "pose_transform_permuted": [
        [
          0.20137493984203186, 
          -0.5088303343586784, 
          -0.8369820783125363, 
          0.0
        ], 
        [
          0.9417765598072679, 
          -0.13431900348454565, 
          0.30824612724840544, 
          0.0
        ], 
        [
          0.2692668234471891, 
          0.8503235355005249, 
          -0.45215591945533257, 
          0.0
        ], 
        [
          -26.30486437837012, 
          -13.417595556011042, 
          47.61738725709375, 
          1.0
        ]
      ], 
      "projected_cuboid": [
        [
          253.966758776698, 
          141.01974395935414
        ], 
        [
          98.76281439828134, 
          149.32721220175083
        ], 
        [
          104.25409360649509, 
          72.20431317455262
        ], 
        [
          246.41233283373293, 
          70.00103554769777
        ], 
        [
          260.4296403189276, 
          171.0488203516048
        ], 
        [
          116.72068358518314, 
          181.0825994386405
        ], 
        [
          120.38167126841829, 
          106.37089964554465
        ], 
        [
          252.8389626010779, 
          102.04342676058283
        ]
      ], 
      "projected_cuboid_centroid": [
        184.52471020944753, 
        123.00810228198857
      ], 
      "quaternion_xyzw": [
        0.9525075030702289, 
        -0.10592720415084701, 
        0.13375775661812886, 
        0.2522253763661841
      ], 
      "visibility": 0.8326218672542
    }, 
    {
      "bounding_box": {
        "bottom_right": [
          399, 
          268
        ], 
        "top_left": [
          157, 
          41
        ]
      }, 
      "class": "019_pitcher_base", 
      "cuboid": [
        [
          -40.29770891754254, 
          14.519296844215576, 
          51.76559002150667
        ], 
        [
          -22.88954675894065, 
          13.1386957976681, 
          58.894222773589114
        ], 
        [
          -29.22664520042441, 
          -7.216795538700203, 
          70.42720918229108
        ], 
        [
          -46.63480735902631, 
          -5.836194492152727, 
          63.29857643020864
        ], 
        [
          -36.536606555793455, 
          7.358859417489043, 
          41.19419578163779
        ], 
        [
          -19.12844439719156, 
          5.9782583709415675, 
          48.32282853372023
        ], 
        [
          -25.465542838675326, 
          -14.377232965426737, 
          59.8558149424222
        ], 
        [
          -42.873704997277216, 
          -12.996631918879261, 
          52.72718219033976
        ]
      ], 
      "cuboid_centroid": [
        -32.881625878108935, 
        0.07103193939441976, 
        55.810702481964434
      ], 
      "location": [
        -32.881625878108935, 
        0.07103193939441976, 
        55.810702481964434
      ], 
      "pose_transform_permuted": [
        [
          -0.2825644435574512, 
          0.5379500004275364, 
          0.7942086770608008, 
          0.0
        ], 
        [
          -0.9229322153732267, 
          0.07319561771240943, 
          -0.3779402304803663, 
          0.0
        ], 
        [
          0.26144546592388124, 
          0.8397930008012131, 
          -0.47580876847021014, 
          0.0
        ], 
        [
          -32.881625878108935, 
          0.07103193939441976, 
          55.810702481964434, 
          1.0
        ]
      ], 
      "projected_cuboid": [
        [
          62.96651068889881, 
          422.8728816834595
        ], 
        [
          272.5922796384888, 
          392.26465563421027
        ], 
        [
          258.4299390507578, 
          218.63637601677848
        ], 
        [
          85.40298716625229, 
          224.11391847880793
        ], 
        [
          4.6349154064147955, 
          368.55781983759675
        ], 
        [
          268.72482163590695, 
          339.2661662280541
        ], 
        [
          252.80638859110533, 
          145.18436612642546
        ], 
        [
          44.32856922546109, 
          141.8295165805194
        ]
      ], 
      "projected_cuboid_centroid": [
        164.7661664455929, 
        273.96530966186543
      ], 
      "quaternion_xyzw": [
        -0.17510881242551546, 
        0.2687612988753401, 
        0.9429917673600392, 
        0.08871792289691406
      ], 
      "visibility": 0.23203221809169763
    }, 
    {
      "bounding_box": {
        "bottom_right": [
          233, 
          382
        ], 
        "top_left": [
          14, 
          98
        ]
      }, 
      "class": "035_power_drill", 
      "cuboid": [
        [
          -6.372399712429915, 
          -5.663108562029729, 
          36.476207207199444
        ], 
        [
          -24.14378779671898, 
          -3.702505344861115, 
          31.97916934063595
        ], 
        [
          -28.02737917236226, 
          -20.018014768697086, 
          40.213172668093875
        ], 
        [
          -10.255991088073193, 
          -21.978617985865696, 
          44.71021053465737
        ], 
        [
          -7.322596089430052, 
          -2.9435102984744415, 
          41.416874256682604
        ], 
        [
          -25.093984173719118, 
          -0.9829070813058283, 
          36.91983639011911
        ], 
        [
          -28.977575549362395, 
          -17.298416505141798, 
          45.153839717577036
        ], 
        [
          -11.206187465073329, 
          -19.259019722310413, 
          49.65087758414053
        ]
      ], 
      "cuboid_centroid": [
        -17.674987630896155, 
        -11.480762533585763, 
        40.81502346238824
      ], 
      "location": [
        -17.674987630896155, 
        -11.480762533585763, 
        40.81502346238824
      ], 
      "pose_transform_permuted": [
        [
          0.16614148039780027, 
          -0.4755207371142163, 
          -0.8638737819073437, 
          0.0
        ], 
        [
          0.9639450902525812, 
          -0.10634587665067606, 
          0.24392566025757556, 
          0.0
        ], 
        [
          0.20786098425273172, 
          0.8732530071759981, 
          -0.4407075488734122, 
          0.0
        ], 
        [
          -17.674987630896155, 
          -11.480762533585763, 
          40.81502346238824, 
          1.0
        ]
      ], 
      "projected_cuboid": [
        [
          387.649602114772, 
          190.48607902476724
        ], 
        [
          75.59339235986138, 
          211.53951177894047
        ], 
        [
          106.79162518314901, 
          7.801409999331177
        ], 
        [
          358.2403926682108, 
          11.117623034956985
        ], 
        [
          386.5191868500351, 
          235.3833472260617
        ], 
        [
          116.08510934497086, 
          259.08811116938466
        ], 
        [
          136.48583266848033, 
          68.97203587605097
        ], 
        [
          360.2238993045162, 
          66.41784058164798
        ]
      ], 
      "projected_cuboid_centroid": [
        248.71781148513696, 
        123.270319209903
      ], 
      "quaternion_xyzw": [
        0.9619085038786073, 
        -0.0816623565641802, 
        0.10657644126283923, 
        0.23812771232742325
      ], 
      "visibility": 0.8856231003039514
    }, 
    {
      "bounding_box": {
        "bottom_right": [
          81, 
          146
        ], 
        "top_left": [
          0, 
          3
        ]
      }, 
      "class": "061_foam_brick", 
      "cuboid": [
        [
          -35.14237730751377, 
          -22.24981483540415, 
          40.35226661573493
        ], 
        [
          -27.74527692878785, 
          -22.87598331824226, 
          42.704800181428794
        ], 
        [
          -26.55173350876484, 
          -18.647578104128552, 
          40.0773918006652
        ], 
        [
          -33.948833887490764, 
          -18.021409621290445, 
          37.724858234971336
        ], 
        [
          -36.236960824264806, 
          -19.317255929320726, 
          44.57453160366603
        ], 
        [
          -28.839860445538886, 
          -19.943424412158837, 
          46.92706516935989
        ], 
        [
          -27.646317025515877, 
          -15.715019198045132, 
          44.299656788596295
        ], 
        [
          -35.0434174042418, 
          -15.088850715207021, 
          41.94712322290244
        ]
      ], 
      "cuboid_centroid": [
        -31.394347166514823, 
        -18.98241701672464, 
        42.325961702165614
      ], 
      "location": [
        -31.394347166514823, 
        -18.98241701672464, 
        42.325961702165614
      ], 
      "pose_transform_permuted": [
        [
          0.20825409208758483, 
          -0.5579449928978533, 
          -0.8033228603923768, 
          0.0
        ], 
        [
          -0.9498806531461672, 
          0.08040790269230513, 
          -0.30209487576461047, 
          0.0
        ], 
        [
          -0.233145829701898, 
          -0.8259733373934288, 
          0.5132358795015938, 
          0.0
        ], 
        [
          -31.394347166514823, 
          -18.98241701672464, 
          42.325961702165614, 
          1.0
        ]
      ], 
      "projected_cuboid": [
        [
          13.263872422428083, 
          -20.780263436499848
        ], 
        [
          132.21218651521073, 
          -12.400547219365682
        ], 
        [
          125.3222156063369, 
          25.138688662554614
        ], 
        [
          -2.340105656659969, 
          18.516311741766426
        ], 
        [
          44.42066037404478, 
          42.16193589165476
        ], 
        [
          151.1046513231216, 
          46.63228726041429
        ], 
        [
          145.99188387389748, 
          84.09483547629404
        ], 
        [
          32.33887225092634, 
          81.44550203711061
        ]
      ], 
      "projected_cuboid_centroid": [
        82.72248738441408, 
        34.102492922337326
      ], 
      "quaternion_xyzw": [
        0.08286867600725353, 
        0.9459356282184287, 
        -0.28310088986100057, 
        0.13487941267562376
      ], 
      "visibility": 0.7839678372920652
    }
  ]
}