{
  "camera_data": {
    "location_worldframe": [
      -15.974069575858223, 
      -19.16706343308901, 
      60.71023542199681
    ], 
    "quaternion_xyzw_worldframe": [
      0.8665865268173659, 
      0.017519642736720534, 
      0.14695260917216918, 
      -0.47657797186711665
    ]
  }, 
  "objects": [
    {
      "bounding_box": {
        "bottom_right": [
          341, 
          301
        ], 
        "top_left": [
          94, 
          68
        ]
      }, 
      "class": "003_cracker_box", 
      "cuboid": [
        [
          -15.046016543036156, 
          0.04530934556402008, 
          43.16667715668125
        ], 
        [
          -30.665259750423356, 
          2.60705815280126, 
          38.85914882081815
        ], 
        [
          -36.25810547748109, 
          -15.7356397646209, 
          48.2303310797396
        ], 
        [
          -20.638862270093895, 
          -18.297388571858143, 
          52.5378594156027
        ], 
        [
          -16.17404043498774, 
          3.5410838016128556, 
          49.335917027732265
        ], 
        [
          -31.793283642374938, 
          6.102832608850097, 
          45.02838869186916
        ], 
        [
          -37.38612936943267, 
          -12.239865308572067, 
          54.39957095079061
        ], 
        [
          -21.766886162045477, 
          -14.801614115809308, 
          58.707099286653715
        ]
      ], 
      "cuboid_centroid": [
        -26.216072956234417, 
        -6.097277981504023, 
        48.78312405373593
      ], 
      "location": [
        -26.216072956234417, 
        -6.097277981504023, 
        48.78312405373593
      ], 
      "pose_transform_permuted": [
        [
          0.15710639539285276, 
          -0.486876676828239, 
          -0.8592256293240763, 
          0.0
        ], 
        [
          0.9521838223172222, 
          -0.1561699077672395, 
          0.26259651259172584, 
          0.0
        ], 
        [
          0.2620373046801336, 
          0.8593963354987397, 
          -0.4390608038612742, 
          0.0
        ], 
        [
          -26.216072956234417, 
          -6.097277981504023, 
          48.78312405373593, 
          1.0
        ]
      ], 
      "projected_cuboid": [
        [
          294.1560418687566, 
          273.84632999883456
        ], 
        [
          57.22664947260909, 
          309.0669194243253
        ], 
        [
          77.32233068842837, 
          99.28555867395043
        ], 
        [
          270.3429825959914, 
          87.547039745125
        ], 
        [
          305.2992014871434, 
          311.56553330220123
        ], 
        [
          101.89696326771329, 
          345.56894109800345
        ], 
        [
          112.01850828270624, 
          153.29000583334962
        ], 
        [
          282.20980077542634, 
          138.82255038158888
        ]
      ], 
      "projected_cuboid_centroid": [
        192.602442408806, 
        206.62828649281838
      ], 
      "quaternion_xyzw": [
        0.9579673516279194, 
        -0.10913921328756503, 
        0.10952954379691479, 
        0.24164118931507006
      ], 
      "visibility": 0.4910173364358636
    }, 
    {
      "bounding_box": {
        "bottom_right": [
          331, 
          347
        ], 
        "top_left": [
          175, 
          253
        ]
      }, 
      "class": "006_mustard_bottle", 
      "cuboid": [
        [
          -12.305276413793855, 
          4.2809287916831735, 
          55.27381609176678
        ], 
        [
          -20.835830957558674, 
          4.128832082803443, 
          50.86784587203004
        ], 
        [
          -25.385012237406123, 
          -11.921725970488168, 
          60.229751204033356
        ], 
        [
          -16.854457693641304, 
          -11.769629261608438, 
          64.6357214237701
        ], 
        [
          -14.592880221397971, 
          7.448906824536568, 
          59.59356612943905
        ], 
        [
          -23.123434765162788, 
          7.296810115656838, 
          55.18759590970232
        ], 
        [
          -27.672616045010233, 
          -8.753747937634774, 
          64.54950124170563
        ], 
        [
          -19.14206150124542, 
          -8.601651228755044, 
          68.95547146144236
        ]
      ], 
      "cuboid_centroid": [
        -19.988946229402046, 
        -2.2364095729758002, 
        59.9116586667362
      ], 
      "location": [
        -19.988946229402046, 
        -2.2364095729758002, 
        59.9116586667362
      ], 
      "pose_transform_permuted": [
        [
          0.39272841569424344, 
          -0.5438682125204733, 
          -0.7416007015073864, 
          0.0
        ], 
        [
          0.8883773534010487, 
          0.015839447600079673, 
          0.45884052940433, 
          0.0
        ], 
        [
          0.2378022707847227, 
          0.8390211155891236, 
          -0.4893808819367707, 
          0.0
        ], 
        [
          -19.988946229402046, 
          -2.2364095729758002, 
          59.9116586667362, 
          1.0
        ]
      ], 
      "projected_cuboid": [
        [
          361.8779081592769, 
          314.5918669816145
        ], 
        [
          261.3251079344704, 
          316.5749251272955
        ], 
        [
          254.94585602849722, 
          167.7225966043109
        ], 
        [
          341.3693329854007, 
          176.17346128617714
        ], 
        [
          349.9129560492888, 
          339.94890005780155
        ], 
        [
          256.27558190150205, 
          343.8011466577836
        ], 
        [
          251.05559469802566, 
          200.96149887999778
        ], 
        [
          332.3136013199106, 
          206.75912615062288
        ]
      ], 
      "projected_cuboid_centroid": [
        302.17729879902004, 
        253.37854264626975
      ], 
      "quaternion_xyzw": [
        0.9312624724664846, 
        -0.059586537025583676, 
        0.22860605099955347, 
        0.27737859223529227
      ], 
      "visibility": 0.36067202601391024
    }, 
    {
      "bounding_box": {
        "bottom_right": [
          177, 
          260
        ], 
        "top_left": [
          72, 
          109
        ]
      }, 
      "class": "008_pudding_box", 
      "cuboid": [
        [
          -18.878295533893862, 
          -11.136546050546462, 
          45.61894201162575
        ], 
        [
          -29.578340140080194, 
          -9.604326362363915, 
          42.10700254240837
        ], 
        [
          -31.980294296869133, 
          -17.29926568189752, 
          46.06799178743169
        ], 
        [
          -21.2802496906828, 
          -18.831485370080067, 
          49.57993125664907
        ], 
        [
          -19.66802288829954, 
          -9.221363448297696, 
          48.860634880319445
        ], 
        [
          -30.368067494485867, 
          -7.68914376011515, 
          45.34869541110207
        ], 
        [
          -32.7700216512748, 
          -15.384083079648756, 
          49.30968465612539
        ], 
        [
          -22.069977045088475, 
          -16.9163027678313, 
          52.82162412534277
        ]
      ], 
      "cuboid_centroid": [
        -25.824158592584332, 
        -13.260314565097609, 
        47.464313333875566
      ], 
      "location": [
        -25.824158592584332, 
        -13.260314565097609, 
        47.464313333875566
      ], 
      "pose_transform_permuted": [
        [
          0.20527861256842567, 
          -0.49782500911429445, 
          -0.8426328539160187, 
          0.0
        ], 
        [
          0.941457785054368, 
          -0.13481440563519018, 
          0.3090027075235567, 
          0.0
        ], 
        [
          0.2674275662610905, 
          0.8567352915264099, 
          -0.4410066323659735, 
          0.0
        ], 
        [
          -25.824158592584332, 
          -13.260314565097609, 
          47.464313333875566, 
          1.0
        ]
      ], 
      "projected_cuboid": [
        [
          259.05643995855513, 
          143.09197765756608
        ], 
        [
          103.84120726534319, 
          151.6398991104606
        ], 
        [
          108.28252063766912, 
          73.01652827040778
        ], 
        [
          250.78286093166065, 
          70.72070794677295
        ], 
        [
          265.1292512539767, 
          172.63427010645006
        ], 
        [
          121.47967560683962, 
          182.85899849187172
        ], 
        [
          124.21213284119415, 
          106.8966526531109
        ], 
        [
          256.9080383166835, 
          102.48914789118628
        ]
      ], 
      "projected_cuboid_centroid": [
        189.01297156516253, 
        124.2906937388346
      ], 
      "quaternion_xyzw": [
        0.9540474215803947, 
        -0.10540408233323469, 
        0.13476303914748475, 
        0.24601283443675123
      ], 
      "visibility": 0.8476196981080527
    }, 
    {
      "bounding_box": {
        "bottom_right": [
          399, 
          272
        ], 
        "top_left": [
          157, 
          46
        ]
      }, 
      "class": "019_pitcher_base", 
      "cuboid": [
        [
          -39.92527175460274, 
          14.574791121472469, 
          51.91833263147912
        ], 
        [
          -22.530482410254937, 
          13.167390133602314, 
          59.07431614383264
        ], 
        [
          -28.82536825073881, 
          -7.349848429092898, 
          70.34072434352315
        ], 
        [
          -46.22015759508661, 
          -5.9424474412227415, 
          63.18474083116963
        ], 
        [
          -36.112337410233124, 
          7.557597077252673, 
          41.26973409816749
        ], 
        [
          -18.71754806588532, 
          6.150196089382517, 
          48.42571761052101
        ], 
        [
          -25.012433906369193, 
          -14.367042473312692, 
          59.69212581021153
        ], 
        [
          -42.407223250716996, 
          -12.959641485442535, 
          52.536142297858
        ]
      ], 
      "cuboid_centroid": [
        -32.468852830485964, 
        0.10387432407988756, 
        55.80522922084532
      ], 
      "location": [
        -32.468852830485964, 
        0.10387432407988756, 
        55.80522922084532
      ], 
      "pose_transform_permuted": [
        [
          -0.28645848150669717, 
          0.5271883984347417, 
          0.8000088883070455, 
          0.0
        ], 
        [
          -0.9222232260512724, 
          0.07461647587029331, 
          -0.37939029152294795, 
          0.0
        ], 
        [
          0.2597039286512346, 
          0.8464660988033064, 
          -0.4648107281677407, 
          0.0
        ], 
        [
          -32.468852830485964, 
          0.10387432407988756, 
          55.80522922084532, 
          1.0
        ]
      ], 
      "projected_cuboid": [
        [
          68.05577330298645, 
          423.00285458358417
        ], 
        [
          276.49807624877235, 
          392.160990973944
        ], 
        [
          261.2233668026956, 
          217.56038308101523
        ], 
        [
          88.21826709086044, 
          223.12848477619144
        ], 
        [
          11.036352301492482, 
          370.95168196875335
        ], 
        [
          273.7400801193455, 
          341.0195562340687
        ], 
        [
          256.2610340608432, 
          144.9241283793553
        ], 
        [
          47.51345040939555, 
          141.72700024686714
        ]
      ], 
      "projected_cuboid_centroid": [
        168.7127570673789, 
        274.2792444355426
      ], 
      "quaternion_xyzw": [
        -0.17623440493059753, 
        0.2625586812648183, 
        0.9445499210155098, 
        0.08848669537817848
      ], 
      "visibility": 0.24518715068029132
    }, 
    {
      "bounding_box": {
        "bottom_right": [
          237, 
          389
        ], 
        "top_left": [
          16, 
          105
        ]
      }, 
      "class": "035_power_drill", 
      "cuboid": [
        [
          -5.890989642613706, 
          -5.3005781556139855, 
          36.47043934063689
        ], 
        [
          -23.65769850249438, 
          -3.3467923796692194, 
          31.95199642068728
        ], 
        [
          -27.504861096362365, 
          -19.775454353843053, 
          39.97542126569687
        ], 
        [
          -9.738152236481689, 
          -21.72924012978782, 
          44.49386418564647
        ], 
        [
          -6.863236914075169, 
          -2.645091732686193, 
          41.441596737524215
        ], 
        [
          -24.629945773955843, 
          -0.6913059567414281, 
          36.92315381757461
        ], 
        [
          -28.477108367823824, 
          -17.119967930915262, 
          44.946578662584194
        ], 
        [
          -10.710399507943153, 
          -19.07375370686003, 
          49.46502158253381
        ]
      ], 
      "cuboid_centroid": [
        -17.184049005218764, 
        -11.210273043264623, 
        40.708509001610544
      ], 
      "location": [
        -17.184049005218764, 
        -11.210273043264623, 
        40.708509001610544
      ], 
      "pose_transform_permuted": [
        [
          0.16999707102998782, 
          -0.4643108058087443, 
          -0.8692050077235962, 
          0.0
        ], 
        [
          0.9636912825379972, 
          -0.10597608904800576, 
          0.24508670046559283, 
          0.0
        ], 
        [
          0.2059112110396098, 
          0.8793092572314096, 
          -0.42943678261857976, 
          0.0
        ], 
        [
          -17.184049005218764, 
          -11.210273043264623, 
          40.708509001610544, 
          1.0
        ]
      ], 
      "projected_cuboid": [
        [
          394.73323317586295, 
          195.77438886486914
        ], 
        [
          83.42917899407225, 
          217.42430347861986
        ], 
        [
          111.59159711476904, 
          9.458497173227213
        ], 
        [
          363.89931529643053, 
          12.83198990506036
        ], 
        [
          392.53674931216335, 
          239.24636261704563
        ], 
        [
          122.8763957812156, 
          263.3012857325448
        ], 
        [
          140.8822768311299, 
          70.14729062377789
        ], 
        [
          365.157870502306, 
          67.63806051178088
        ]
      ], 
      "projected_cuboid_centroid": [
        254.593834095079, 
        126.42146497097252
      ], 
      "quaternion_xyzw": [
        0.9633542374813382, 
        -0.08093785441351144, 
        0.10771836447743383, 
        0.23193638270694722
      ], 
      "visibility": 0.8615338072908788
    }, 
    {
      "bounding_box": {
        "bottom_right": [
          83, 
          151
        ], 
        "top_left": [
          0, 
          7
        ]
      }, 
      "class": "061_foam_brick", 
      "cuboid": [
        [
          -34.61211336862518, 
          -22.033439764033318, 
          40.068850962926405
        ], 
        [
          -27.218836790023655, 
          -22.662638192327442, 
          42.432569628440056
        ], 
        [
          -26.033512470187397, 
          -18.398207211392894, 
          39.860242663378806
        ], 
        [
          -33.426789048788926, 
          -17.769008783098766, 
          37.49652399786515
        ], 
        [
          -35.72767896110269, 
          -19.156696845861454, 
          44.32389503234912
        ], 
        [
          -28.33440238250116, 
          -19.78589527415558, 
          46.68761369786277
        ], 
        [
          -27.149078062664906, 
          -15.521464293221026, 
          44.115286732801515
        ], 
        [
          -34.542354641266435, 
          -14.892265864926904, 
          41.75156806728786
        ]
      ], 
      "cuboid_centroid": [
        -30.880595715645043, 
        -18.777452028627174, 
        42.09206884786396
      ], 
      "location": [
        -30.880595715645043, 
        -18.777452028627174, 
        42.09206884786396
      ], 
      "pose_transform_permuted": [
        [
          0.2122461155957578, 
          -0.5473255127863721, 
          -0.8095593674756949, 
          0.0
        ], 
        [
          -0.9493896291538315, 
          0.08079698576829453, 
          -0.3035311831524204, 
          0.0
        ], 
        [
          -0.23154031715807588, 
          -0.8330105822520462, 
          0.5024763192295182, 
          0.0
        ], 
        [
          -30.880595715645043, 
          -18.777452028627174, 
          42.09206884786396, 
          1.0
        ]
      ], 
      "projected_cuboid": [
        [
          17.067922300682415, 
          -19.98029219678066
        ], 
        [
          136.6424467146635, 
          -11.551944819043516
        ], 
        [
          130.37275813477765, 
          27.123355184477496
        ], 
        [
          2.199981962152375, 
          20.554835221302287
        ], 
        [
          48.12748859134742, 
          42.786904108682
        ], 
        [
          155.23166163304563, 
          47.26930162044235
        ], 
        [
          150.65062443729448, 
          85.64407932069417
        ], 
        [
          36.6883799801398, 
          83.05806534642862
        ]
      ], 
      "projected_cuboid_centroid": [
        87.06969898453524, 
        35.37038980826669
      ], 
      "quaternion_xyzw": [
        0.08240017607659758, 
        0.9476232873459753, 
        -0.27695653062623865, 
        0.1360712916291674
      ], 
      "visibility": 0.7957451402782134
    }
  ]
}