{
  "camera_data": {
    "location_worldframe": [
      -12.2108025549704, 
      -17.19016008128084, 
      62.24148877186617
    ], 
    "quaternion_xyzw_worldframe": [
      0.8508657043818292, 
      0.03377096561259699, 
      0.17188353199583817, 
      -0.49532161834060295
    ]
  }, 
  "objects": [
    {
      "bounding_box": {
        "bottom_right": [
          367, 
          354
        ], 
        "top_left": [
          121, 
          138
        ]
      }, 
      "class": "003_cracker_box", 
      "cuboid": [
        [
          -10.417179278114906, 
          2.78087063182277, 
          45.63747865808685
        ], 
        [
          -25.766436974903673, 
          5.3870053454817715, 
          40.47158418578212
        ], 
        [
          -31.715845428130525, 
          -13.399160362346196, 
          48.67146614841407
        ], 
        [
          -16.36658773134176, 
          -16.0052950760052, 
          53.8373606207188
        ], 
        [
          -11.969142621766098, 
          5.992286280238286, 
          51.868900393775874
        ], 
        [
          -27.318400318554865, 
          8.598420993897287, 
          46.70300592147114
        ], 
        [
          -33.267808771781716, 
          -10.187744713930682, 
          54.902887884103095
        ], 
        [
          -17.91855107499295, 
          -12.793879427589683, 
          60.06878235640782
        ]
      ], 
      "cuboid_centroid": [
        -21.842494024948312, 
        -3.703437041053956, 
        50.27018327109497
      ], 
      "location": [
        -21.842494024948312, 
        -3.703437041053956, 
        50.27018327109497
      ], 
      "pose_transform_permuted": [
        [
          0.2161508886846726, 
          -0.4472723851246394, 
          -0.8678860563609387, 
          0.0
        ], 
        [
          0.9357249048115202, 
          -0.1588757713915218, 
          0.31492442233053375, 
          0.0
        ], 
        [
          0.2787430641940669, 
          0.880173791230837, 
          -0.38418277081883445, 
          0.0
        ], 
        [
          -21.842494024948312, 
          -3.703437041053956, 
          50.27018327109497, 
          1.0
        ]
      ], 
      "projected_cuboid": [
        [
          358.8474267547617, 
          305.78379264635305
        ], 
        [
          139.22691108182235, 
          344.27450406165525
        ], 
        [
          131.17326196650828, 
          126.46468968330977
        ], 
        [
          318.1165069976408, 
          114.73609642837562
        ], 
        [
          357.5039385895971, 
          334.8996355593115
        ], 
        [
          167.03802892148394, 
          371.47521363340445
        ], 
        [
          155.74480159380428, 
          174.32409768581752
        ], 
        [
          321.18176448492443, 
          159.6963139782322
        ]
      ], 
      "projected_cuboid_centroid": [
        247.93754009247488, 
        233.99653801497098
      ], 
      "quaternion_xyzw": [
        0.9596594125526119, 
        -0.11400368450030622, 
        0.13834994584239826, 
        0.21660162581323367
      ], 
      "visibility": 0.5003279430057673
    }, 
    {
      "bounding_box": {
        "bottom_right": [
          348, 
          383
        ], 
        "top_left": [
          192, 
          287
        ]
      }, 
      "class": "006_mustard_bottle", 
      "cuboid": [
        [
          -8.487391867558062, 
          6.506095572495729, 
          58.06459029111388
        ], 
        [
          -16.724050873260314, 
          6.4698694664505565, 
          53.12878195779801
        ], 
        [
          -21.65841419344353, 
          -10.016567651423635, 
          61.48403092878636
        ], 
        [
          -13.421755187741278, 
          -9.980341545378463, 
          66.41983926210224
        ], 
        [
          -11.077327407014984, 
          9.46062348550491, 
          62.36487575813625
        ], 
        [
          -19.313986412717234, 
          9.424397379459737, 
          57.42906742482037
        ], 
        [
          -24.24834973290045, 
          -7.062039738414455, 
          65.78431639580873
        ], 
        [
          -16.0116907271982, 
          -7.025813632369282, 
          70.7201247291246
        ]
      ], 
      "cuboid_centroid": [
        -16.367870800229255, 
        -0.27797208295936293, 
        61.92445334346131
      ], 
      "location": [
        -16.367870800229255, 
        -0.27797208295936293, 
        61.92445334346131
      ], 
      "pose_transform_permuted": [
        [
          0.444631748635888, 
          -0.5072237869789895, 
          -0.7382590870337181, 
          0.0
        ], 
        [
          0.857770885915153, 
          0.0037726096289906453, 
          0.5140182061494459, 
          0.0
        ], 
        [
          0.25793713862635104, 
          0.8618061014951445, 
          -0.4367592883305314, 
          0.0
        ], 
        [
          -16.367870800229255, 
          -0.27797208295936293, 
          61.92445334346131, 
          1.0
        ]
      ], 
      "projected_cuboid": [
        [
          402.99126256093155, 
          333.04461362441583
        ], 
        [
          312.3179616104763, 
          338.23265494229435
        ], 
        [
          292.1638835980916, 
          186.40167366845267
        ], 
        [
          372.92867911447706, 
          193.1491625824567
        ], 
        [
          386.07875016792605, 
          354.1900227153141
        ], 
        [
          300.7414954473463, 
          360.8069506824155
        ], 
        [
          283.3752026674118, 
          216.033923741771
        ], 
        [
          359.84231866196706, 
          220.30297761293656
        ]
      ], 
      "projected_cuboid_centroid": [
        339.4552900557645, 
        270.8925248345634
      ], 
      "quaternion_xyzw": [
        0.9297628830035128, 
        -0.06834122270409028, 
        0.25776732226836807, 
        0.2538236072244761
      ], 
      "visibility": 0.11420692278432865
    }, 
    {
      "bounding_box": {
        "bottom_right": [
          208, 
          316
        ], 
        "top_left": [
          103, 
          170
        ]
      }, 
      "class": "008_pudding_box", 
      "cuboid": [
        [
          -14.26255134776819, 
          -8.53215195777152, 
          47.358628321427524
        ], 
        [
          -24.740008112171868, 
          -6.944685229960151, 
          43.25068239665909
        ], 
        [
          -27.293282581661465, 
          -14.82747620503677, 
          46.7167041260361
        ], 
        [
          -16.81582581725779, 
          -16.414942932848138, 
          50.82465005080454
        ], 
        [
          -15.275566972703972, 
          -6.768262232163858, 
          50.62400099980962
        ], 
        [
          -25.75302373710765, 
          -5.180795504352489, 
          46.51605507504117
        ], 
        [
          -28.306298206597248, 
          -13.063586479429109, 
          49.98207680441819
        ], 
        [
          -17.82884144219357, 
          -14.651053207240478, 
          54.090022729186636
        ]
      ], 
      "cuboid_centroid": [
        -21.28442477718272, 
        -10.797869218600315, 
        48.67035256292286
      ], 
      "location": [
        -21.28442477718272, 
        -10.797869218600315, 
        48.67035256292286
      ], 
      "pose_transform_permuted": [
        [
          0.2633192846073451, 
          -0.45849853569899207, 
          -0.8487880902157354, 
          0.0
        ], 
        [
          0.9218730950631159, 
          -0.1396753905632055, 
          0.36144313540708134, 
          0.0
        ], 
        [
          0.2842751912821706, 
          0.8776502248601684, 
          -0.3858981875551251, 
          0.0
        ], 
        [
          -21.28442477718272, 
          -10.797869218600315, 
          48.67035256292286, 
          1.0
        ]
      ], 
      "projected_cuboid": [
        [
          319.64375269363467, 
          177.20343999160704
        ], 
        [
          173.98836962036683, 
          187.65236004801955
        ], 
        [
          167.41939805966888, 
          104.01553359259772
        ], 
        [
          303.6726555442249, 
          101.03920299784454
        ], 
        [
          319.3291703276097, 
          201.98346589781616
        ], 
        [
          183.87084330806377, 
          213.88726832241497
        ], 
        [
          177.04572536248713, 
          133.89524131339684
        ], 
        [
          304.3423939624296, 
          128.82933136082244
        ]
      ], 
      "projected_cuboid_centroid": [
        246.4231452919373, 
        154.96573676358148
      ], 
      "quaternion_xyzw": [
        0.9550276710832807, 
        -0.11097861210777595, 
        0.16354563300395347, 
        0.22103985801173814
      ], 
      "visibility": 0.9245588235294118
    }, 
    {
      "bounding_box": {
        "bottom_right": [
          414, 
          317
        ], 
        "top_left": [
          176, 
          104
        ]
      }, 
      "class": "019_pitcher_base", 
      "cuboid": [
        [
          -35.963986933132304, 
          16.685743988709493, 
          53.427909697587005
        ], 
        [
          -19.034117098771492, 
          15.123992834608563, 
          61.59540714957519
        ], 
        [
          -25.776673366916864, 
          -5.924056058813683, 
          71.5468991209494
        ], 
        [
          -42.70654320127768, 
          -4.362304904712752, 
          63.37940166896122
        ], 
        [
          -31.411450483069984, 
          10.177339069305031, 
          42.746748310908146
        ], 
        [
          -14.481580648709173, 
          8.6155879152041, 
          50.91424576289633
        ], 
        [
          -21.224136916854548, 
          -12.432460978218145, 
          60.86573773427054
        ], 
        [
          -38.154006751215356, 
          -10.870709824117213, 
          52.69824028228236
        ]
      ], 
      "cuboid_centroid": [
        -28.594061924993426, 
        2.1266415052456744, 
        57.146823715928775
      ], 
      "location": [
        -28.594061924993426, 
        2.1266415052456744, 
        57.146823715928775
      ], 
      "pose_transform_permuted": [
        [
          -0.34202337640942154, 
          0.48896404235136487, 
          0.8024552733445631, 
          0.0
        ], 
        [
          -0.8975744900495513, 
          0.08279969128181817, 
          -0.43301794001808874, 
          0.0
        ], 
        [
          0.2781731704692456, 
          0.8683653884412382, 
          -0.41056210174392027, 
          0.0
        ], 
        [
          -28.594061924993426, 
          2.1266415052456744, 
          57.146823715928775, 
          1.0
        ]
      ], 
      "projected_cuboid": [
        [
          119.6113912015284, 
          439.8443179756036
        ], 
        [
          315.4180671199677, 
          404.2365864947919
        ], 
        [
          287.853278576194, 
          229.12787916062396
        ], 
        [
          119.23892662682061, 
          236.57898675527397
        ], 
        [
          86.43372953960176, 
          400.261675148725
        ], 
        [
          328.64040879232004, 
          363.53361297708426
        ], 
        [
          294.0765104393335, 
          164.3504574620082
        ], 
        [
          92.25101395228147, 
          163.27219213008323
        ]
      ], 
      "projected_cuboid_centroid": [
        212.520738570441, 
        293.1333026375074
      ], 
      "quaternion_xyzw": [
        -0.20514379662333673, 
        0.23809338218540865, 
        0.9445098135852472, 
        0.09554502678507218
      ], 
      "visibility": 0.2165084226646248
    }, 
    {
      "bounding_box": {
        "bottom_right": [
          280, 
          457
        ], 
        "top_left": [
          57, 
          200
        ]
      }, 
      "class": "035_power_drill", 
      "cuboid": [
        [
          -0.799667729437721, 
          -2.182701487504323, 
          39.30511294521006
        ], 
        [
          -18.271716062249226, 
          -0.19417695753531083, 
          33.76770865795603
        ], 
        [
          -22.4175020407845, 
          -16.993251513146074, 
          40.816147720901164
        ], 
        [
          -4.945453707972993, 
          -18.981776043115087, 
          46.3535520081552
        ], 
        [
          -2.111484062179507, 
          0.2432302600299585, 
          44.315429485040944
        ], 
        [
          -19.583532394991014, 
          2.2317547899989716, 
          38.77802519778692
        ], 
        [
          -23.729318373526286, 
          -14.567319765611792, 
          45.826464260732045
        ], 
        [
          -6.257270040714778, 
          -16.555844295580805, 
          51.36386854798608
        ]
      ], 
      "cuboid_centroid": [
        -12.264493051482003, 
        -8.375010626558058, 
        42.565788602971054
      ], 
      "location": [
        -12.264493051482003, 
        -8.375010626558058, 
        42.565788602971054
      ], 
      "pose_transform_permuted": [
        [
          0.22937059412898855, 
          -0.4241732568501579, 
          -0.8760519691909617, 
          0.0
        ], 
        [
          0.9477084810251167, 
          -0.10786036793631443, 
          0.3003565984899626, 
          0.0
        ], 
        [
          0.2218943937830678, 
          0.8991348043371016, 
          -0.37725273834364165, 
          0.0
        ], 
        [
          -12.264493051482003, 
          -8.375010626558058, 
          42.565788602971054, 
          1.0
        ]
      ], 
      "projected_cuboid": [
        [
          470.65618893174224, 
          243.67009980644448
        ], 
        [
          190.6128171963533, 
          270.21975085936106
        ], 
        [
          186.2402889925869, 
          51.24613682244521
        ], 
        [
          424.2231044216567, 
          54.89220899061457
        ], 
        [
          455.97438721118715, 
          276.21372299128774
        ], 
        [
          210.01750798649076, 
          303.9801725404841
        ], 
        [
          203.13845801539276, 
          103.75487040362427
        ], 
        [
          416.08536267126914, 
          101.38445528459506
        ]
      ], 
      "projected_cuboid_centroid": [
        326.6509662246205, 
        168.35350788838792
      ], 
      "quaternion_xyzw": [
        0.964740282997603, 
        -0.08545169294029613, 
        0.13727196893162888, 
        0.2076792089326985
      ], 
      "visibility": 0.9268766618940478
    }, 
    {
      "bounding_box": {
        "bottom_right": [
          118, 
          214
        ], 
        "top_left": [
          22, 
          87
        ]
      }, 
      "class": "061_foam_brick", 
      "cuboid": [
        [
          -29.489546320696654, 
          -19.31768007864722, 
          40.365106060189795
        ], 
        [
          -22.251223905845496, 
          -19.982719737932715, 
          43.159387010596205
        ], 
        [
          -20.958211868195725, 
          -15.59896655266133, 
          40.85329524515261
        ], 
        [
          -28.19653428304688, 
          -14.933926893375837, 
          38.0590142947462
        ], 
        [
          -30.902333474155235, 
          -16.640601084382254, 
          44.66194407884826
        ], 
        [
          -23.66401105930408, 
          -17.305640743667748, 
          47.45622502925467
        ], 
        [
          -22.37099902165431, 
          -12.921887558396367, 
          45.15013326381107
        ], 
        [
          -29.609321436505464, 
          -12.256847899110873, 
          42.35585231340466
        ]
      ], 
      "cuboid_centroid": [
        -25.93027267117548, 
        -16.119783818521793, 
        42.75761966200044
      ], 
      "location": [
        -25.93027267117548, 
        -16.119783818521793, 
        42.75761966200044
      ], 
      "pose_transform_permuted": [
        [
          0.2687951183750934, 
          -0.5093377041271506, 
          -0.8175110320308852, 
          0.0
        ], 
        [
          -0.9294915671112732, 
          0.08539945026932483, 
          -0.35882079170907427, 
          0.0
        ], 
        [
          -0.2525759509667323, 
          -0.856318887476027, 
          0.4504701454536921, 
          0.0
        ], 
        [
          -25.93027267117548, 
          -16.119783818521793, 
          42.75761966200044, 
          1.0
        ]
      ], 
      "projected_cuboid": [
        [
          88.72266688785234, 
          18.053786405971564
        ], 
        [
          204.3478216455143, 
          26.360515639097372
        ], 
        [
          205.71792267671572, 
          69.64973733062166
        ], 
        [
          83.18734025826834, 
          64.01796354589061
        ], 
        [
          109.5093028295021, 
          74.57690683837218
        ], 
        [
          213.4414444709986, 
          78.80336739142463
        ], 
        [
          215.1456226228033, 
          120.65142512005075
        ], 
        [
          105.66725559265278, 
          118.9556331473663
        ]
      ], 
      "projected_cuboid_centroid": [
        155.47115925201865, 
        72.22304438982789
      ], 
      "quaternion_xyzw": [
        0.08902327988170435, 
        0.9491208414393535, 
        -0.2528149756266237, 
        0.16531506913608082
      ], 
      "visibility": 0.8840022505626407
    }
  ]
}