{
  "camera_data": {
    "location_worldframe": [
      -22.722742071792318, 
      -2.901758217830784, 
      95.43499626352543
    ], 
    "quaternion_xyzw_worldframe": [
      0.9554402667450405, 
      0.034370772791471764, 
      -0.06820251578774704, 
      -0.2851368793956133
    ]
  }, 
  "objects": [
    {
      "bounding_box": {
        "bottom_right": [
          355, 
          309
        ], 
        "top_left": [
          236, 
          138
        ]
      }, 
      "class": "003_cracker_box", 
      "cuboid": [
        [
          -32.274103889840795, 
          6.568715715797821, 
          73.1451773909064
        ], 
        [
          -48.56853756400061, 
          5.603285213815215, 
          74.76921275733307
        ], 
        [
          -46.12398028504081, 
          -7.108095201983197, 
          91.73973115781622
        ], 
        [
          -29.829546610880993, 
          -6.142664700000592, 
          90.11569579138956
        ], 
        [
          -32.18674393315516, 
          12.321004823413773, 
          77.4412146108701
        ], 
        [
          -48.48117760731497, 
          11.355574321431167, 
          79.06524997729677
        ], 
        [
          -46.03662032835516, 
          -1.3558060943672456, 
          96.03576837777992
        ], 
        [
          -29.74218665419535, 
          -0.3903755923846397, 
          94.41173301135326
        ]
      ], 
      "cuboid_centroid": [
        -39.15536210909798, 
        2.6064548107152876, 
        84.59047288434316
      ], 
      "location": [
        -39.15536210909798, 
        2.6064548107152876, 
        84.59047288434316
      ], 
      "pose_transform_permuted": [
        [
          -0.012167125177474147, 
          -0.8011544909670243, 
          -0.5983338889518831, 
          0.0
        ], 
        [
          0.9933449356251727, 
          0.058854791704931075, 
          -0.09900480978816695, 
          0.0
        ], 
        [
          -0.11453296439339022, 
          0.5955565423171321, 
          -0.7951066626374887, 
          0.0
        ], 
        [
          -39.15536210909798, 
          2.6064548107152876, 
          84.59047288434316, 
          1.0
        ]
      ], 
      "projected_cuboid": [
        [
          244.31756006463524, 
          321.1806692485853
        ], 
        [
          132.27666117220144, 
          313.2540810973401
        ], 
        [
          211.22547934908826, 
          231.96435050149617
        ], 
        [
          303.58971206442646, 
          236.93323294844635
        ], 
        [
          258.08723876942594, 
          358.1384245342367
        ], 
        [
          151.85128486522612, 
          349.8834015278558
        ], 
        [
          223.80938922510975, 
          265.7572814000287
        ], 
        [
          312.18721628039475, 
          271.08135710433254
        ]
      ], 
      "projected_cuboid_centroid": [
        232.6760720965431, 
        289.7195161385108
      ], 
      "quaternion_xyzw": [
        0.892641496751942, 
        0.0485603001678804, 
        -0.031135661788680807, 
        0.44706109883218376
      ], 
      "visibility": 0.5596977689072635
    }, 
    {
      "bounding_box": {
        "bottom_right": [
          385, 
          343
        ], 
        "top_left": [
          295, 
          262
        ]
      }, 
      "class": "006_mustard_bottle", 
      "cuboid": [
        [
          -26.924606131715713, 
          15.941685615726541, 
          80.59949588767093
        ], 
        [
          -36.100130302401126, 
          13.121350242217583, 
          80.35143866784556
        ], 
        [
          -33.272360009660154, 
          2.5420284683035184, 
          96.03717746332057
        ], 
        [
          -24.09683583897474, 
          5.362363841812479, 
          96.28523468314594
        ], 
        [
          -28.410625661532517, 
          20.483250403286927, 
          83.93047046316241
        ], 
        [
          -37.58614983221793, 
          17.662915029777967, 
          83.68241324333705
        ], 
        [
          -34.758379539476955, 
          7.083593255863903, 
          99.36815203881207
        ], 
        [
          -25.582855368791545, 
          9.903928629372864, 
          99.61620925863744
        ]
      ], 
      "cuboid_centroid": [
        -30.841492835596334, 
        11.512639435795222, 
        89.98382396324149
      ], 
      "location": [
        -30.841492835596334, 
        11.512639435795222, 
        89.98382396324149
      ], 
      "pose_transform_permuted": [
        [
          0.25511502197003466, 
          -0.7796811396547636, 
          -0.571850931267975, 
          0.0
        ], 
        [
          0.9555448988693069, 
          0.29371151218446795, 
          0.02583283599089747, 
          0.0
        ], 
        [
          -0.1478178501811503, 
          0.5530196724284835, 
          -0.819950684538354, 
          0.0
        ], 
        [
          -30.841492835596334, 
          11.512639435795222, 
          89.98382396324149, 
          1.0
        ]
      ], 
      "projected_cuboid": [
        [
          301.9547002218293, 
          378.77123157646366
        ], 
        [
          239.9915491811737, 
          360.3773624624964
        ], 
        [
          295.2871579402168, 
          287.4030874150398
        ], 
        [
          347.01349250128237, 
          302.98843005594307
        ], 
        [
          299.562914873738, 
          403.44330353734665
        ], 
        [
          240.05911428837405, 
          385.8547361986225
        ], 
        [
          293.49046300297573, 
          311.3049465465427
        ], 
        [
          343.49164235652813, 
          326.3096265699616
        ]
      ], 
      "projected_cuboid_centroid": [
        297.28121795684353, 
        341.5200914655166
      ], 
      "quaternion_xyzw": [
        0.8775556253830531, 
        0.12578386759611127, 
        0.08003705116649967, 
        0.4557066748603196
      ], 
      "visibility": 0.8545099739809193
    }, 
    {
      "bounding_box": {
        "bottom_right": [
          273, 
          291
        ], 
        "top_left": [
          220, 
          197
        ]
      }, 
      "class": "008_pudding_box", 
      "cuboid": [
        [
          -32.21883449167955, 
          -2.658950070525169, 
          80.92855541090273
        ], 
        [
          -43.506695744398066, 
          -3.767320367552787, 
          81.65524255591168
        ], 
        [
          -42.52255009156385, 
          -9.091539837599663, 
          88.821486695668
        ], 
        [
          -31.234688838845344, 
          -7.983169540572045, 
          88.09479955065905
        ], 
        [
          -32.372361118565564, 
          0.41655311105073395, 
          83.23460747105794
        ], 
        [
          -43.66022237128407, 
          -0.691817185976884, 
          83.96129461606688
        ], 
        [
          -42.676076718449856, 
          -6.0160366560237595, 
          91.1275387558232
        ], 
        [
          -31.388215465731346, 
          -4.907666358996142, 
          90.40085161081426
        ]
      ], 
      "cuboid_centroid": [
        -37.447455605064704, 
        -4.337493363274465, 
        86.02804708336296
      ], 
      "location": [
        -37.447455605064704, 
        -4.337493363274465, 
        86.02804708336296
      ], 
      "pose_transform_permuted": [
        [
          0.03990710564051161, 
          -0.799434162362025, 
          -0.5994260737941284, 
          0.0
        ], 
        [
          0.9931776215999383, 
          0.09752144811212964, 
          -0.0639385437301874, 
          0.0
        ], 
        [
          -0.10957231470884062, 
          0.5927852748938466, 
          -0.7978716929759588, 
          0.0
        ], 
        [
          -37.447455605064704, 
          -4.337493363274465, 
          86.02804708336296, 
          1.0
        ]
      ], 
      "projected_cuboid": [
        [
          267.50539530265604, 
          255.76404377546154
        ], 
        [
          195.07124695079912, 
          248.6808217382967
        ], 
        [
          224.14700564875267, 
          218.69731169224065
        ], 
        [
          290.9286998988075, 
          224.9570035085844
        ], 
        [
          272.4449926914849, 
          275.955571191347
        ], 
        [
          201.9575434211013, 
          268.89213631167803
        ], 
        [
          229.75598138198532, 
          238.07796979734294
        ], 
        [
          294.879216774933, 
          244.33377337484865
        ]
      ], 
      "projected_cuboid_centroid": [
        247.5118507744855, 
        246.39681735035393
      ], 
      "quaternion_xyzw": [
        0.8923829013220606, 
        0.05801706938640408, 
        -0.006732378571483537, 
        0.44748332049268985
      ], 
      "visibility": 0.2978891820580475
    }, 
    {
      "bounding_box": {
        "bottom_right": [
          415, 
          284
        ], 
        "top_left": [
          273, 
          132
        ]
      }, 
      "class": "019_pitcher_base", 
      "cuboid": [
        [
          -55.7954215125616, 
          21.264896283787323, 
          84.86887526203691
        ], 
        [
          -37.24810045515159, 
          24.673926443715082, 
          84.49076302205097
        ], 
        [
          -34.297207045128445, 
          10.799134787330209, 
          104.14520283294155
        ], 
        [
          -52.84452810253847, 
          7.390104627402449, 
          104.52331507292749
        ], 
        [
          -53.997433461156355, 
          10.619194527693207, 
          77.08373529029251
        ], 
        [
          -35.450112403746324, 
          14.028224687620966, 
          76.70562305030657
        ], 
        [
          -32.49921899372319, 
          0.15343303123609292, 
          96.36006286119716
        ], 
        [
          -51.04654005113321, 
          -3.2555971286916674, 
          96.73817510118309
        ]
      ], 
      "cuboid_centroid": [
        -44.1473202531424, 
        10.709164657511709, 
        90.61446906161703
      ], 
      "location": [
        -44.1473202531424, 
        10.709164657511709, 
        90.61446906161703
      ], 
      "pose_transform_permuted": [
        [
          -0.13507941140745958, 
          0.7997912589622818, 
          0.5848827105864289, 
          0.0
        ], 
        [
          -0.9833272436685946, 
          -0.18073727307403267, 
          0.02004645660642094, 
          0.0
        ], 
        [
          -0.12174305158727694, 
          0.5724230738557036, 
          -0.8108701831414236, 
          0.0
        ], 
        [
          -44.1473202531424, 
          10.709164657511709, 
          90.61446906161703, 
          1.0
        ]
      ], 
      "projected_cuboid": [
        [
          128.05438390695207, 
          406.91604099100414
        ], 
        [
          244.52158959441522, 
          429.032417122369
        ], 
        [
          304.50006070290505, 
          328.58807762725604
        ], 
        [
          209.71623817721576, 
          310.9937951300201
        ], 
        [
          104.89144291822099, 
          346.75760652520194
        ], 
        [
          233.06516073849116, 
          370.8221115876427
        ], 
        [
          300.2261768113226, 
          274.1357366829906
        ], 
        [
          197.83119853623379, 
          255.33836290131862
        ]
      ], 
      "projected_cuboid_centroid": [
        219.59873084733297, 
        336.3162868769632
      ], 
      "quaternion_xyzw": [
        -0.032455154658129454, 
        0.4544286139200311, 
        0.8860915624401813, 
        -0.08534115927825729
      ], 
      "visibility": 0.21784134007585335
    }, 
    {
      "bounding_box": {
        "bottom_right": [
          292, 
          322
        ], 
        "top_left": [
          192, 
          161
        ]
      }, 
      "class": "035_power_drill", 
      "cuboid": [
        [
          -24.73664638020247, 
          -0.37608233173353767, 
          65.92087142603731
        ], 
        [
          -42.910977435892036, 
          -2.162718847651683, 
          68.44894769646014
        ], 
        [
          -39.77842785101412, 
          -13.611093403630425, 
          82.87804308228178
        ], 
        [
          -21.604096795324562, 
          -11.82445688771228, 
          80.34996681185895
        ], 
        [
          -24.68413142308858, 
          4.109559227991221, 
          69.46848199384138
        ], 
        [
          -42.858462478778144, 
          2.322922712073076, 
          71.99655826426421
        ], 
        [
          -39.72591289390024, 
          -9.125451843905665, 
          86.42565365008585
        ], 
        [
          -21.55158183821067, 
          -7.33881532798752, 
          83.89757737966302
        ]
      ], 
      "cuboid_centroid": [
        -32.23127963705135, 
        -4.750767087819602, 
        76.17326253806158
      ], 
      "location": [
        -32.23127963705135, 
        -4.750767087819602, 
        76.17326253806158
      ], 
      "pose_transform_permuted": [
        [
          -0.009182220569472458, 
          -0.7843127455604502, 
          -0.6202983781843697, 
          0.0
        ], 
        [
          0.9858012838763464, 
          0.09690967804072752, 
          -0.1371264133729952, 
          0.0
        ], 
        [
          -0.16766306672141942, 
          0.6127499453789735, 
          -0.7722867002908204, 
          0.0
        ], 
        [
          -32.23127963705135, 
          -4.750767087819602, 
          76.17326253806158, 
          1.0
        ]
      ], 
      "projected_cuboid": [
        [
          279.8024317240436, 
          270.243919337912
        ], 
        [
          144.47019700403467, 
          256.43572649108387
        ], 
        [
          223.4900194088932, 
          185.6992544192394
        ], 
        [
          337.00577236555256, 
          194.80219419388882
        ], 
        [
          290.5141879204382, 
          304.83621852121894
        ], 
        [
          161.4742807828083, 
          290.49375180399534
        ], 
        [
          234.41159085920637, 
          216.97476053923722
        ], 
        [
          343.4564266464154, 
          226.63520365290603
        ]
      ], 
      "projected_cuboid_centroid": [
        254.05236561974343, 
        240.02451087903646
      ], 
      "quaternion_xyzw": [
        0.8970576357514173, 
        0.07373348551359481, 
        -0.04077459131706535, 
        0.43380697733746787
      ], 
      "visibility": 0.604228121927237
    }, 
    {
      "bounding_box": {
        "bottom_right": [
          221, 
          246
        ], 
        "top_left": [
          175, 
          180
        ]
      }, 
      "class": "061_foam_brick", 
      "cuboid": [
        [
          -45.68474594722767, 
          -16.198333680318193, 
          86.62536306422936
        ], 
        [
          -38.011895627995564, 
          -15.076903426336424, 
          85.90887348044079
        ], 
        [
          -38.811860587115596, 
          -12.30571854408287, 
          81.67947378756706
        ], 
        [
          -46.4847109063477, 
          -13.42714879806464, 
          82.39596337135563
        ], 
        [
          -46.04829266491065, 
          -11.844303570420326, 
          89.54697084544603
        ], 
        [
          -38.37544234567854, 
          -10.722873316438555, 
          88.83048126165745
        ], 
        [
          -39.17540730479858, 
          -7.951688434185, 
          84.60108156878373
        ], 
        [
          -46.84825762403069, 
          -9.07311868816677, 
          85.31757115257228
        ]
      ], 
      "cuboid_centroid": [
        -42.430076626013125, 
        -12.075011057251597, 
        85.61322231650654
      ], 
      "location": [
        -42.430076626013125, 
        -12.075011057251597, 
        85.61322231650654
      ], 
      "pose_transform_permuted": [
        [
          0.06916794421243933, 
          -0.8283923278419221, 
          -0.5558614455654087, 
          0.0
        ], 
        [
          -0.9852904110489165, 
          -0.14400573840712827, 
          0.09200626718259242, 
          0.0
        ], 
        [
          0.15626452376813388, 
          -0.5413210678317062, 
          0.826167598089552, 
          0.0
        ], 
        [
          -42.430076626013125, 
          -12.075011057251597, 
          85.61322231650654, 
          1.0
        ]
      ], 
      "projected_cuboid": [
        [
          197.98945505727661, 
          173.55952662046684
        ], 
        [
          243.65389873763607, 
          179.6895959533684
        ], 
        [
          226.06625920426418, 
          192.93733419468558
        ], 
        [
          178.2107880006968, 
          186.3774090974561
        ], 
        [
          205.05935214562902, 
          202.74479900925297
        ], 
        [
          249.27893045391932, 
          208.90865500368747
        ], 
        [
          232.57986929960833, 
          223.15962373178183
        ], 
        [
          186.30845612102001, 
          216.57053198799068
        ]
      ], 
      "projected_cuboid_centroid": [
        215.08019395035822, 
        198.06638285127656
      ], 
      "quaternion_xyzw": [
        -0.08551310818346185, 
        0.8778486379276942, 
        -0.47119738370766695, 
        -0.006504060604361904
      ], 
      "visibility": 0.7959183673469388
    }
  ]
}