{
  "camera_data": {
    "location_worldframe": [
      -13.276283041295892, 
      -17.911849865718754, 
      61.62756560811336
    ], 
    "quaternion_xyzw_worldframe": [
      0.8558138148885621, 
      0.02904441984903009, 
      0.16445970856583575, 
      -0.48958416629990437
    ]
  }, 
  "objects": [
    {
      "bounding_box": {
        "bottom_right": [
          358, 
          339
        ], 
        "top_left": [
          111, 
          122
        ]
      }, 
      "class": "003_cracker_box", 
      "cuboid": [
        [
          -11.735311251086344, 
          1.8273048016340263, 
          44.72359049102224
        ], 
        [
          -27.17069595007121, 
          4.411285390063995, 
          39.80931951761051
        ], 
        [
          -33.020021820619604, 
          -14.243700164845219, 
          48.372639431794326
        ], 
        [
          -17.58463712163474, 
          -16.82768075327519, 
          53.28691040520606
        ], 
        [
          -13.16158021851164, 
          5.127460912740049, 
          50.938662816412496
        ], 
        [
          -28.59696491749651, 
          7.711441501170017, 
          46.024391843000764
        ], 
        [
          -34.446290788044905, 
          -10.943544053739197, 
          54.587711757184586
        ], 
        [
          -19.010906089060033, 
          -13.527524642169164, 
          59.50198273059632
        ]
      ], 
      "cuboid_centroid": [
        -23.090801019565625, 
        -4.558119626052585, 
        49.655651124103414
      ], 
      "location": [
        -23.090801019565625, 
        -4.558119626052585, 
        49.655651124103414
      ], 
      "pose_transform_permuted": [
        [
          0.19864470773327586, 
          -0.45963178133802896, 
          -0.8656089796632147, 
          0.0
        ], 
        [
          0.9409753985177084, 
          -0.1575252066195552, 
          0.2995848939180782, 
          0.0
        ], 
        [
          0.2740539718267209, 
          0.8740277082927616, 
          -0.40121064998639056, 
          0.0
        ], 
        [
          -23.090801019565625, 
          -4.558119626052585, 
          49.655651124103414, 
          1.0
        ]
      ], 
      "projected_cuboid": [
        [
          340.4897013912706, 
          295.0767704836696
        ], 
        [
          114.56184220884028, 
          332.38387785023554
        ], 
        [
          114.5098104370024, 
          116.24643589147082
        ], 
        [
          304.1353803185542, 
          104.8674718950475
        ], 
        [
          342.6490899475567, 
          326.97022666726747
        ], 
        [
          147.46079622137293, 
          362.64486738819534
        ], 
        [
          142.25374186720254, 
          166.36858584018088
        ], 
        [
          309.7812610934301, 
          152.03858165427056
        ]
      ], 
      "projected_cuboid_centroid": [
        231.5268021699574, 
        224.33069098357814
      ], 
      "quaternion_xyzw": [
        0.9592460693786664, 
        -0.11247874560638635, 
        0.1298492684922006, 
        0.22435391157818715
      ], 
      "visibility": 0.5115071507150715
    }, 
    {
      "bounding_box": {
        "bottom_right": [
          342, 
          373
        ], 
        "top_left": [
          186, 
          277
        ]
      }, 
      "class": "006_mustard_bottle", 
      "cuboid": [
        [
          -9.563419878836774, 
          5.714051123076443, 
          57.0609444710655
        ], 
        [
          -17.890754813083294, 
          5.6368397829863675, 
          52.28019148518088
        ], 
        [
          -22.71575455953463, 
          -10.719687473410529, 
          60.94876282894228
        ], 
        [
          -14.38841962528811, 
          -10.642476133320454, 
          65.72951581482688
        ], 
        [
          -12.064227730290211, 
          8.734497712101124, 
          61.36818475669319
        ], 
        [
          -20.391562664536732, 
          8.657286372011049, 
          56.587431770808585
        ], 
        [
          -25.216562410988065, 
          -7.699240884385848, 
          65.25600311456998
        ], 
        [
          -16.889227476741546, 
          -7.622029544295773, 
          70.0367561004546
        ]
      ], 
      "cuboid_centroid": [
        -17.389991144912422, 
        -0.9925948806547027, 
        61.15847379281774
      ], 
      "location": [
        -17.389991144912422, 
        -0.9925948806547027, 
        61.15847379281774
      ], 
      "pose_transform_permuted": [
        [
          0.4293305957055823, 
          -0.5185404918691351, 
          -0.7394530677760279, 
          0.0
        ], 
        [
          0.8672139345474623, 
          0.008040837862282333, 
          0.4978706440566222, 
          0.0
        ], 
        [
          0.25222030639331117, 
          0.8550152399848585, 
          -0.45313778968046764, 
          0.0
        ], 
        [
          -17.389991144912422, 
          -0.9925948806547027, 
          61.15847379281774, 
          1.0
        ]
      ], 
      "projected_cuboid": [
        [
          391.46776707841497, 
          326.6928632959948
        ], 
        [
          297.56935388247865, 
          330.7889487045665
        ], 
        [
          281.17109041142066, 
          179.48612285095047
        ], 
        [
          363.87865520867683, 
          186.93505851334828
        ], 
        [
          375.87930016777506, 
          349.1936011852077
        ], 
        [
          287.81112891817565, 
          354.87886714057487
        ], 
        [
          273.7915145049812, 
          210.36273414402095
        ], 
        [
          351.91632242795737, 
          215.2459055219375
        ]
      ], 
      "projected_cuboid_centroid": [
        328.68757139811726, 
        264.63082348793944
      ], 
      "quaternion_xyzw": [
        0.9302798291788806, 
        -0.06561989760289544, 
        0.24917267113611571, 
        0.2611252687288896
      ], 
      "visibility": 0.18119992547046768
    }, 
    {
      "bounding_box": {
        "bottom_right": [
          197, 
          300
        ], 
        "top_left": [
          92, 
          152
        ]
      }, 
      "class": "008_pudding_box", 
      "cuboid": [
        [
          -15.580350397491289, 
          -9.449385042064891, 
          46.66934450298786
        ], 
        [
          -26.127990707507426, 
          -7.8848755506182115, 
          42.7359026864137
        ], 
        [
          -28.638797223531547, 
          -15.712098964627605, 
          46.35547931470663
        ], 
        [
          -18.09115691351541, 
          -17.276608456074285, 
          50.28892113128079
        ], 
        [
          -16.527232388066512, 
          -7.638375531481984, 
          49.92876552484052
        ], 
        [
          -27.074872698082654, 
          -6.073866040035304, 
          45.99532370826637
        ], 
        [
          -29.585679214106776, 
          -13.901089454044696, 
          49.614900336559295
        ], 
        [
          -19.038038904090637, 
          -15.465598945491376, 
          53.54834215313345
        ]
      ], 
      "cuboid_centroid": [
        -22.58301480579903, 
        -11.675237248054794, 
        48.14212241977358
      ], 
      "location": [
        -22.58301480579903, 
        -11.675237248054794, 
        48.14212241977358
      ], 
      "pose_transform_permuted": [
        [
          0.2461287686274858, 
          -0.4707466666903781, 
          -0.8472410401002395, 
          0.0
        ], 
        [
          0.9280482885161756, 
          -0.13765546731107492, 
          0.3460891572481025, 
          0.0
        ], 
        [
          0.2795469155957836, 
          0.8714634716378926, 
          -0.40299460581460067, 
          0.0
        ], 
        [
          -22.58301480579903, 
          -11.675237248054794, 
          48.14212241977358, 
          1.0
        ]
      ], 
      "projected_cuboid": [
        [
          302.0669746012016, 
          165.30254665850038
        ], 
        [
          152.8174627834005, 
          174.88780816242217
        ], 
        [
          149.36202615426205, 
          92.51890933347755
        ], 
        [
          288.13948420790524, 
          90.06619017657172
        ], 
        [
          303.5884442313027, 
          191.69639226617815
        ], 
        [
          165.0454905781824, 
          202.85955881166316
        ], 
        [
          160.92498034003575, 
          123.86120037185768
        ], 
        [
          290.40585979497735, 
          119.25549889689636
        ]
      ], 
      "projected_cuboid_centroid": [
        229.33704884605143, 
        143.94798061032685
      ], 
      "quaternion_xyzw": [
        0.9548236486721392, 
        -0.10923545502016428, 
        0.155059504102977, 
        0.2287703267823538
      ], 
      "visibility": 0.9227581279028224
    }, 
    {
      "bounding_box": {
        "bottom_right": [
          409, 
          304
        ], 
        "top_left": [
          169, 
          86
        ]
      }, 
      "class": "019_pitcher_base", 
      "cuboid": [
        [
          -37.09238760999659, 
          15.915855083669939, 
          52.798649607385315
        ], 
        [
          -20.017704297100074, 
          14.411773805139594, 
          60.670149030991794
        ], 
        [
          -26.633878869506887, 
          -6.478726104931258, 
          71.03006540324563
        ], 
        [
          -43.708562182403405, 
          -4.974644826400909, 
          63.158565979639135
        ], 
        [
          -32.75852021521926, 
          9.249527910188345, 
          42.123922130164146
        ], 
        [
          -15.68383690232274, 
          7.7454466316579955, 
          49.99542155377063
        ], 
        [
          -22.30001147472955, 
          -13.145053278412854, 
          60.355337926024454
        ], 
        [
          -39.37469478762607, 
          -11.640971999882506, 
          52.48383850241798
        ]
      ], 
      "cuboid_centroid": [
        -29.696199542363072, 
        1.3854009026285432, 
        56.57699376670489
      ], 
      "location": [
        -29.696199542363072, 
        1.3854009026285432, 
        56.57699376670489
      ], 
      "pose_transform_permuted": [
        [
          -0.325595187546968, 
          0.5008284399552343, 
          0.8019719060040986, 
          0.0
        ], 
        [
          -0.9052520968723263, 
          0.07974219529024067, 
          -0.41732494993725827, 
          0.0
        ], 
        [
          0.27295912469865763, 
          0.8618654945641762, 
          -0.42741219627356286, 
          0.0
        ], 
        [
          -29.696199542363072, 
          1.3854009026285432, 
          56.57699376670489, 
          1.0
        ]
      ], 
      "projected_cuboid": [
        [
          103.80423650580535, 
          434.05271783933625
        ], 
        [
          304.1654777442427, 
          399.97291210897595
        ], 
        [
          279.9536997773388, 
          224.6419043865453
        ], 
        [
          109.440234179785, 
          231.2799555948764
        ], 
        [
          63.39400161392659, 
          390.39230876765384
        ], 
        [
          312.8975585189075, 
          355.9100711109134
        ], 
        [
          282.90472174085687, 
          157.13253112626376
        ], 
        [
          78.15298661043083, 
          154.995679084019
        ]
      ], 
      "projected_cuboid_centroid": [
        199.33485407140228, 
        286.3459351449091
      ], 
      "quaternion_xyzw": [
        -0.19662259139302027, 
        0.24566985079938972, 
        0.9446017014383101, 
        0.09334657121934384
      ], 
      "visibility": 0.2209381777130804
    }, 
    {
      "bounding_box": {
        "bottom_right": [
          265, 
          438
        ], 
        "top_left": [
          43, 
          172
        ]
      }, 
      "class": "035_power_drill", 
      "cuboid": [
        [
          -2.2518288944158154, 
          -3.2514095867094577, 
          38.28128706531949
        ], 
        [
          -19.818321475014976, 
          -1.2833648400856545, 
          33.04347384967975
        ], 
        [
          -23.880135337773506, 
          -17.972631114836602, 
          40.39514031950839
        ], 
        [
          -6.313642757174344, 
          -19.940675861460402, 
          45.63295353514813
        ], 
        [
          -3.463019524277973, 
          -0.7539081354782915, 
          43.28176529475696
        ], 
        [
          -21.029512104877135, 
          1.214136611145511, 
          38.04395207911722
        ], 
        [
          -25.091325967635665, 
          -15.475129663605433, 
          45.39561854894586
        ], 
        [
          -7.524833387036502, 
          -17.443174410229236, 
          50.6334317645856
        ]
      ], 
      "cuboid_centroid": [
        -13.671577431025739, 
        -9.363269625157447, 
        41.838452807132676
      ], 
      "location": [
        -13.671577431025739, 
        -9.363269625157447, 
        41.838452807132676
      ], 
      "pose_transform_permuted": [
        [
          0.2117762276936299, 
          -0.43668719271820716, 
          -0.8743317443059381, 
          0.0
        ], 
        [
          0.9528312698880751, 
          -0.1067495156769737, 
          0.2841063573047281, 
          0.0
        ], 
        [
          0.21739996454300733, 
          0.8932575492062522, 
          -0.3934823416027566, 
          0.0
        ], 
        [
          -13.671577431025739, 
          -9.363269625157447, 
          41.838452807132676, 
          1.0
        ]
      ], 
      "projected_cuboid": [
        [
          449.9640534356152, 
          227.98919981869918
        ], 
        [
          159.06499418482468, 
          252.57311043187946
        ], 
        [
          163.69057282108167, 
          36.001655224774545
        ], 
        [
          407.19360333917535, 
          40.236688810622624
        ], 
        [
          438.57000492745743, 
          263.99685282593344
        ], 
        [
          184.33786482299445, 
          290.3069261372805
        ], 
        [
          184.36106491228136, 
          91.48067288864387
        ], 
        [
          401.67784390941443, 
          89.55839273350323
        ]
      ], 
      "projected_cuboid_centroid": [
        305.8715841460986, 
        153.93186020146027
      ], 
      "quaternion_xyzw": [
        0.9644195875499764, 
        -0.08402708852156729, 
        0.12854430566318767, 
        0.21519926208413523
      ], 
      "visibility": 0.9232049065344339
    }, 
    {
      "bounding_box": {
        "bottom_right": [
          105, 
          194
        ], 
        "top_left": [
          7, 
          62
        ]
      }, 
      "class": "061_foam_brick", 
      "cuboid": [
        [
          -30.965985892165854, 
          -20.280848148354238, 
          40.10735588027236
        ], 
        [
          -23.678751187746727, 
          -20.930654984750856, 
          42.7752308019366
        ], 
        [
          -22.416398312801668, 
          -16.58252144749924, 
          40.38620771479897
        ], 
        [
          -29.703633017220792, 
          -15.93271461110262, 
          37.71833279313473
        ], 
        [
          -32.29071308449778, 
          -17.541553531938575, 
          44.39301794248324
        ], 
        [
          -25.003478380078654, 
          -18.191360368335193, 
          47.06089286414748
        ], 
        [
          -23.741125505133592, 
          -13.843226831083575, 
          44.671869777009846
        ], 
        [
          -31.02836020955272, 
          -13.193419994686955, 
          42.0039948553456
        ]
      ], 
      "cuboid_centroid": [
        -27.35355569864972, 
        -17.062037489718907, 
        42.389612828641106
      ], 
      "location": [
        -27.35355569864972, 
        -17.062037489718907, 
        42.389612828641106
      ], 
      "pose_transform_permuted": [
        [
          0.2520409402123035, 
          -0.5211747706518837, 
          -0.8153847085228263, 
          0.0
        ], 
        [
          -0.9357725198066458, 
          0.08344336436888777, 
          -0.34258866898588636, 
          0.0
        ], 
        [
          -0.2465870143207432, 
          -0.849360973543497, 
          0.46666988438255186, 
          0.0
        ], 
        [
          -27.35355569864972, 
          -17.062037489718907, 
          42.389612828641106, 
          1.0
        ]
      ], 
      "projected_cuboid": [
        [
          66.40158627116308, 
          3.605995760557254
        ], 
        [
          183.91123229044712, 
          12.324107558710482
        ], 
        [
          183.110701992393, 
          54.306249246224745
        ], 
        [
          58.10154708550679, 
          48.005405812076084
        ], 
        [
          90.43682787336652, 
          62.54947951091812
        ], 
        [
          195.88274930854158, 
          67.13216779208926
        ], 
        [
          195.7992481617677, 
          108.01779055379444
        ], 
        [
          84.35067121163857, 
          105.77129862384292
        ]
      ], 
      "projected_cuboid_centroid": [
        134.58380257016418, 
        58.62265891153432
      ], 
      "quaternion_xyzw": [
        0.08696438232501151, 
        0.9487515746855139, 
        -0.26030118984568745, 
        0.15668738399598806
      ], 
      "visibility": 0.8890380313199105
    }
  ]
}