{
  "camera_data": {
    "location_worldframe": [
      -23.779063624915942, 
      -5.107069893471537, 
      92.1744093522733
    ], 
    "quaternion_xyzw_worldframe": [
      0.952645843554183, 
      0.03127104572687092, 
      -0.04851606867218647, 
      -0.2985530526001465
    ]
  }, 
  "objects": [
    {
      "bounding_box": {
        "bottom_right": [
          348, 
          296
        ], 
        "top_left": [
          224, 
          119
        ]
      }, 
      "class": "003_cracker_box", 
      "cuboid": [
        [
          -32.373935839527036, 
          5.162357906451512, 
          69.8491163801496
        ], 
        [
          -48.72995442815753, 
          4.466198395908673, 
          70.88552052497475
        ], 
        [
          -47.11048002902554, 
          -8.757258354753425, 
          87.56098277884708
        ], 
        [
          -30.75446144039504, 
          -8.061098844210585, 
          86.52457863402192
        ], 
        [
          -32.33095053431092, 
          10.790115780991224, 
          74.30769138838198
        ], 
        [
          -48.68696912294141, 
          10.093956270448386, 
          75.34409553320714
        ], 
        [
          -47.067494723809425, 
          -3.129500480213712, 
          92.01955778707946
        ], 
        [
          -30.711476135178927, 
          -2.433340969670873, 
          90.9831536422543
        ]
      ], 
      "cuboid_centroid": [
        -39.72071528166823, 
        1.0164287131188998, 
        80.93433708361452
      ], 
      "location": [
        -39.72071528166823, 
        1.0164287131188998, 
        80.93433708361452
      ], 
      "pose_transform_permuted": [
        [
          -0.005986811454571028, 
          -0.7838103076726559, 
          -0.6209714644608912, 
          0.0
        ], 
        [
          0.9970992890518504, 
          0.04243943287711005, 
          -0.06318150290523022, 
          0.0
        ], 
        [
          -0.07587599001595802, 
          0.6195484614807512, 
          -0.7812826236490432, 
          0.0
        ], 
        [
          -39.72071528166823, 
          1.0164287131188998, 
          80.93433708361452, 
          1.0
        ]
      ], 
      "projected_cuboid": [
        [
          232.3521435768921, 
          312.702735487284
        ], 
        [
          111.91344558684216, 
          306.8887609632986
        ], 
        [
          192.26362150241442, 
          219.9475138264049
        ], 
        [
          290.453199794061, 
          223.5995941861916
        ], 
        [
          247.61830412040004, 
          350.7291276133662
        ], 
        [
          134.09671161992262, 
          344.7361255384411
        ], 
        [
          206.53374907713206, 
          255.14882974007028
        ], 
        [
          300.0741592146649, 
          259.02292609608685
        ]
      ], 
      "projected_cuboid_centroid": [
        217.67483027422176, 
        279.9843297610075
      ], 
      "quaternion_xyzw": [
        0.8996692746495087, 
        0.03287747682034633, 
        -0.019220483656827034, 
        0.4349078532028964
      ], 
      "visibility": 0.5493457100496358
    }, 
    {
      "bounding_box": {
        "bottom_right": [
          378, 
          333
        ], 
        "top_left": [
          284, 
          251
        ]
      }, 
      "class": "006_mustard_bottle", 
      "cuboid": [
        [
          -27.116595005180073, 
          14.219361457560906, 
          77.74621119016871
        ], 
        [
          -36.327990837123146, 
          11.584343109088543, 
          77.10361260576207
        ], 
        [
          -34.241858087571444, 
          0.5200938054049031, 
          92.56941918290428
        ], 
        [
          -25.03046225562838, 
          3.1551121538772637, 
          93.21201776731091
        ], 
        [
          -28.634299893061616, 
          18.694262846507208, 
          81.15227722265884
        ], 
        [
          -37.84569572500469, 
          16.059244498034847, 
          80.5096786382522
        ], 
        [
          -35.759562975452994, 
          4.994995194351207, 
          95.9754852153944
        ], 
        [
          -26.548167143509914, 
          7.630013542823569, 
          96.61808379980104
        ]
      ], 
      "cuboid_centroid": [
        -31.43807899031653, 
        9.607178325956056, 
        86.86084820278155
      ], 
      "location": [
        -31.43807899031653, 
        9.607178325956056, 
        86.86084820278155
      ], 
      "pose_transform_permuted": [
        [
          0.2605546616629327, 
          -0.7682365831998934, 
          -0.5847423895009165, 
          0.0
        ], 
        [
          0.9592805963936223, 
          0.27441247981821887, 
          0.0669206235990476, 
          0.0
        ], 
        [
          -0.10904975521626312, 
          0.5783686002138142, 
          -0.8084540266298308, 
          0.0
        ], 
        [
          -31.43807899031653, 
          9.607178325956056, 
          86.86084820278155, 
          1.0
        ]
      ], 
      "projected_cuboid": [
        [
          294.03385725441467, 
          370.827804744351
        ], 
        [
          228.22520166035298, 
          353.41452199484485
        ], 
        [
          282.67566130164636, 
          276.28295098647294
        ], 
        [
          337.1899178254787, 
          291.3387499072042
        ], 
        [
          291.84889831497367, 
          396.142196629635
        ], 
        [
          228.80692343196216, 
          379.6676554644473
        ], 
        [
          281.23125466137316, 
          301.04288377134924
        ], 
        [
          333.8333330866133, 
          315.4032461815335
        ]
      ], 
      "projected_cuboid_centroid": [
        286.96084322501866, 
        332.2739465350357
      ], 
      "quaternion_xyzw": [
        0.8835145140443864, 
        0.10850479220741399, 
        0.09266267844399227, 
        0.44614168323399883
      ], 
      "visibility": 0.830880870792179
    }, 
    {
      "bounding_box": {
        "bottom_right": [
          262, 
          278
        ], 
        "top_left": [
          207, 
          179
        ]
      }, 
      "class": "008_pudding_box", 
      "cuboid": [
        [
          -32.7584705151448, 
          -4.277707032633971, 
          77.36384446011597
        ], 
        [
          -44.08317176794483, 
          -5.188161946061638, 
          77.67138952693224
        ], 
        [
          -43.44659094340304, 
          -10.727716634110237, 
          84.71262588241379
        ], 
        [
          -32.121889690603005, 
          -9.817261720682572, 
          84.4050808155975
        ], 
        [
          -32.93586247467108, 
          -1.265180874029391, 
          79.74992588907247
        ], 
        [
          -44.26056372747112, 
          -2.175635787457058, 
          80.05747095588876
        ], 
        [
          -43.62398290292933, 
          -7.715190475505658, 
          87.09870731137028
        ], 
        [
          -32.29928165012929, 
          -6.80473556207799, 
          86.79116224455402
        ]
      ], 
      "cuboid_centroid": [
        -38.19122670903706, 
        -5.996448754069815, 
        82.23127588574313
      ], 
      "location": [
        -38.19122670903706, 
        -5.996448754069815, 
        82.23127588574313
      ], 
      "pose_transform_permuted": [
        [
          0.04611056604434702, 
          -0.7830641634920072, 
          -0.6202285921577244, 
          0.0
        ], 
        [
          0.9964190384495563, 
          0.08010759746664098, 
          -0.02705976545573022, 
          0.0
        ], 
        [
          -0.07087531631464389, 
          0.6167601593094123, 
          -0.783953639037333, 
          0.0
        ], 
        [
          -38.19122670903706, 
          -5.996448754069815, 
          82.23127588574313, 
          1.0
        ]
      ], 
      "projected_cuboid": [
        [
          253.889580607814, 
          243.79750537850194
        ], 
        [
          176.3837374836976, 
          237.66275960756494
        ], 
        [
          205.79386900501433, 
          205.74877363892344
        ], 
        [
          276.94118472393217, 
          211.2554626224157
        ], 
        [
          259.5063080425602, 
          264.82576853430135
        ], 
        [
          184.28891912405828, 
          258.7930852474844
        ], 
        [
          212.25428498933474, 
          226.0451690163012
        ], 
        [
          281.4684958234636, 
          231.47238732711543
        ]
      ], 
      "projected_cuboid_centroid": [
        231.83969516073054, 
        234.39593929400687
      ], 
      "quaternion_xyzw": [
        0.8990839490721504, 
        0.04198242943195081, 
        0.005297280806835978, 
        0.4357262200449951
      ], 
      "visibility": 0.31014768937589327
    }, 
    {
      "bounding_box": {
        "bottom_right": [
          411, 
          271
        ], 
        "top_left": [
          263, 
          113
        ]
      }, 
      "class": "019_pitcher_base", 
      "cuboid": [
        [
          -56.016214834956266, 
          19.977043185570313, 
          81.17348529098955
        ], 
        [
          -37.40769898960696, 
          23.03722440648998, 
          81.52845406776306
        ], 
        [
          -35.396933481037394, 
          8.566580976921678, 
          100.8693930446888
        ], 
        [
          -54.0054493263867, 
          5.506399756002011, 
          100.51442426791526
        ], 
        [
          -54.14348896615343, 
          9.519435717670891, 
          73.15454052499916
        ], 
        [
          -35.534973120804125, 
          12.579616938590558, 
          73.50950930177268
        ], 
        [
          -33.524207612234555, 
          -1.8910264909777472, 
          92.85044827869841
        ], 
        [
          -52.132723457583865, 
          -4.951207711897414, 
          92.49547950192488
        ]
      ], 
      "cuboid_centroid": [
        -44.77021122359541, 
        9.043008347296285, 
        87.01196678484398
      ], 
      "location": [
        -44.77021122359541, 
        9.043008347296285, 
        87.01196678484398
      ], 
      "pose_transform_permuted": [
        [
          -0.14069432101492463, 
          0.7856600940089963, 
          0.6024480186352267, 
          0.0
        ], 
        [
          -0.9865716206848203, 
          -0.16224227508538822, 
          -0.018819454721935355, 
          0.0
        ], 
        [
          -0.08295681850391978, 
          0.5970057351319955, 
          -0.7979362872330185, 
          0.0
        ], 
        [
          -44.77021122359541, 
          9.043008347296285, 
          87.01196678484398, 
          1.0
        ]
      ], 
      "projected_cuboid": [
        [
          110.49676897526196, 
          404.53811978216106
        ], 
        [
          234.8548152889912, 
          423.9848807671035
        ], 
        [
          292.8857405909244, 
          318.5800136127362
        ], 
        [
          192.6615493858626, 
          302.5029498947858
        ], 
        [
          83.58458816252215, 
          342.6862150559952
        ], 
        [
          221.63845829635946, 
          364.5530438507651
        ], 
        [
          287.43416612947914, 
          262.424754558412
        ], 
        [
          178.5000639477328, 
          244.73837490014722
        ]
      ], 
      "projected_cuboid_centroid": [
        204.90169538991674, 
        328.7135513061507
      ], 
      "quaternion_xyzw": [
        -0.04468312967920658, 
        0.44359831704621977, 
        0.8924720408018454, 
        -0.06868537118793319
      ], 
      "visibility": 0.23026505329876115
    }, 
    {
      "bounding_box": {
        "bottom_right": [
          282, 
          310
        ], 
        "top_left": [
          176, 
          142
        ]
      }, 
      "class": "035_power_drill", 
      "cuboid": [
        [
          -24.718049575345958, 
          -1.722628637636072, 
          62.69255831944428
        ], 
        [
          -42.998996469770624, 
          -3.2283990905471454, 
          64.544364188658
        ], 
        [
          -40.58048159252865, 
          -15.132108712347398, 
          78.74047011800562
        ], 
        [
          -22.299534698103983, 
          -13.626338259436322, 
          76.88866424879191
        ], 
        [
          -24.706969827467262, 
          2.6607072467929718, 
          66.36618357623209
        ], 
        [
          -42.98791672189193, 
          1.1549367938818986, 
          68.2179894454458
        ], 
        [
          -40.56940184464995, 
          -10.748772827918351, 
          82.41409537479342
        ], 
        [
          -22.28845495022529, 
          -9.243002375007277, 
          80.56228950557971
        ]
      ], 
      "cuboid_centroid": [
        -32.64372570999796, 
        -6.235700732777212, 
        72.55332684711885
      ], 
      "location": [
        -32.64372570999796, 
        -6.235700732777212, 
        72.55332684711885
      ], 
      "pose_transform_permuted": [
        [
          -0.001937289764051221, 
          -0.7664246365777696, 
          -0.6423319993245866, 
          0.0
        ], 
        [
          0.9915842769551324, 
          0.08167510766445009, 
          -0.10044455544288886, 
          0.0
        ], 
        [
          -0.12944587475558528, 
          0.6371207881870081, 
          -0.7598164342255149, 
          0.0
        ], 
        [
          -32.64372570999796, 
          -6.235700732777212, 
          72.55332684711885, 
          1.0
        ]
      ], 
      "projected_cuboid": [
        [
          269.5706658269474, 
          258.6323013126821
        ], 
        [
          123.34250427191438, 
          246.61080139430092
        ], 
        [
          204.44958961395642, 
          170.7947710555462
        ], 
        [
          325.6327602924825, 
          178.77074541730852
        ], 
        [
          281.39692730002395, 
          294.66801877986205
        ], 
        [
          142.72230889870116, 
          282.3156872499679
        ], 
        [
          216.87579250571557, 
          203.7288850324222
        ], 
        [
          332.81866224882657, 
          212.09818044912643
        ]
      ], 
      "projected_cuboid_centroid": [
        239.64233239015255, 
        227.44961416135538
      ], 
      "quaternion_xyzw": [
        0.9043004291255654, 
        0.05836583054156674, 
        -0.028304156978544347, 
        0.4219397176110818
      ], 
      "visibility": 0.6835817623849189
    }, 
    {
      "bounding_box": {
        "bottom_right": [
          208, 
          229
        ], 
        "top_left": [
          160, 
          158
        ]
      }, 
      "class": "061_foam_brick", 
      "cuboid": [
        [
          -46.65990609200929, 
          -17.708352796894484, 
          82.20795480957091
        ], 
        [
          -38.947537892029715, 
          -16.715446273794143, 
          81.78711215026453
        ], 
        [
          -39.548985844272885, 
          -13.812739660707429, 
          77.6134104325305
        ], 
        [
          -47.26135404425244, 
          -14.805646183807768, 
          78.03425309183686
        ], 
        [
          -47.04521473796577, 
          -13.431117490613897, 
          85.23819107480817
        ], 
        [
          -39.332846537986214, 
          -12.438210967513559, 
          84.8173484155018
        ], 
        [
          -39.93429449022937, 
          -9.535504354426843, 
          80.64364669776776
        ], 
        [
          -47.64666269020894, 
          -10.528410877527183, 
          81.06448935707412
        ]
      ], 
      "cuboid_centroid": [
        -43.29710029111933, 
        -13.621928575660663, 
        81.42580075366934
      ], 
      "location": [
        -43.29710029111933, 
        -13.621928575660663, 
        81.42580075366934
      ], 
      "pose_transform_permuted": [
        [
          0.07330834149169563, 
          -0.8137814444697405, 
          -0.5765289651912375, 
          0.0
        ], 
        [
          -0.9903650035856503, 
          -0.12750167611461916, 
          0.05404148647805035, 
          0.0
        ], 
        [
          0.1174863683179094, 
          -0.5670124189333996, 
          0.8152875995835847, 
          0.0
        ], 
        [
          -43.29710029111933, 
          -13.621928575660663, 
          81.42580075366934, 
          1.0
        ]
      ], 
      "projected_cuboid": [
        [
          176.37090662088937, 
          158.40457364885683
        ], 
        [
          225.51045703165138, 
          164.28800991406754
        ], 
        [
          207.57198232363166, 
          178.37246943004965
        ], 
        [
          155.90092116302543, 
          172.09839638373188
        ], 
        [
          184.79086781506277, 
          189.2505220677435
        ], 
        [
          232.21660646953356, 
          195.07681305472792
        ], 
        [
          215.29925726120973, 
          210.22551066097398
        ], 
        [
          165.51957366523445, 
          204.0206023641236
        ]
      ], 
      "projected_cuboid_centroid": [
        195.64811437633992, 
        184.0661532542875
      ], 
      "quaternion_xyzw": [
        -0.06919454940995624, 
        0.8851421337432603, 
        -0.46011509958406416, 
        0.005441740450250027
      ], 
      "visibility": 0.8457892818082392
    }
  ]
}