{
  "camera_data": {
    "location_worldframe": [
      -23.61752134981737, 
      -4.112963699237265, 
      93.71191978632767
    ], 
    "quaternion_xyzw_worldframe": [
      0.9540953563007928, 
      0.03221806999802539, 
      -0.05856119221092551, 
      -0.2919509958974621
    ]
  }, 
  "objects": [
    {
      "bounding_box": {
        "bottom_right": [
          351, 
          300
        ], 
        "top_left": [
          230, 
          126
        ]
      }, 
      "class": "003_cracker_box", 
      "cuboid": [
        [
          -32.69874614573992, 
          5.770602074781868, 
          71.40500730383471
        ], 
        [
          -49.02702425390678, 
          4.9545971755866764, 
          72.74649368617497
        ], 
        [
          -46.996294247603174, 
          -8.019419398636192, 
          89.57220546070873
        ], 
        [
          -30.66801613943631, 
          -7.203414499441001, 
          88.23071907836847
        ], 
        [
          -32.623388730877764, 
          11.46063132027182, 
          75.78339581793861
        ], 
        [
          -48.951666839044634, 
          10.644626421076628, 
          77.12488220027888
        ], 
        [
          -46.92093683274103, 
          -2.3293901531462393, 
          93.95059397481263
        ], 
        [
          -30.59265872457416, 
          -1.5133852539510482, 
          92.60910759247237
        ]
      ], 
      "cuboid_centroid": [
        -39.80984148924047, 
        1.7206059608178141, 
        82.67780063932368
      ], 
      "location": [
        -39.80984148924047, 
        1.7206059608178141, 
        82.67780063932368
      ], 
      "pose_transform_permuted": [
        [
          -0.01049546193089343, 
          -0.7924832007700152, 
          -0.6098034287999444, 
          0.0
        ], 
        [
          0.9954081676338628, 
          0.04974547445280683, 
          -0.08177999498203126, 
          0.0
        ], 
        [
          -0.09514423307091757, 
          0.6078616325026419, 
          -0.7883221490257458, 
          0.0
        ], 
        [
          -39.80984148924047, 
          1.7206059608178141, 
          82.67780063932368, 
          1.0
        ]
      ], 
      "projected_cuboid": [
        [
          235.33690095106564, 
          316.3868079677382
        ], 
        [
          119.17452184865232, 
          309.60971407654637
        ], 
        [
          199.44574896863054, 
          225.53831754902296
        ], 
        [
          294.67628062564626, 
          229.74476411423427
        ], 
        [
          250.09933256111702, 
          353.93981371071754
        ], 
        [
          140.27473202656654, 
          346.8942708420064
        ], 
        [
          213.02621239688392, 
          260.0635307287938
        ], 
        [
          303.951138810419, 
          264.5712181409044
        ]
      ], 
      "projected_cuboid_centroid": [
        222.66056930312706, 
        284.3854405493478
      ], 
      "quaternion_xyzw": [
        0.896252368049375, 
        0.04041543227357542, 
        -0.025739250517617933, 
        0.4409487233033101
      ], 
      "visibility": 0.556848156915793
    }, 
    {
      "bounding_box": {
        "bottom_right": [
          381, 
          336
        ], 
        "top_left": [
          289, 
          254
        ]
      }, 
      "class": "006_mustard_bottle", 
      "cuboid": [
        [
          -27.377379505803013, 
          14.980676494771197, 
          79.07908553915831
        ], 
        [
          -36.57616136685982, 
          12.261207088922534, 
          78.6398063186721
        ], 
        [
          -34.118874537156366, 
          1.432955141740376, 
          94.21772135211938
        ], 
        [
          -24.92009267609956, 
          4.152424547589042, 
          94.6570005726056
        ], 
        [
          -28.871547410056937, 
          19.490372467997787, 
          82.44948030656131
        ], 
        [
          -38.07032927111374, 
          16.770903062149124, 
          82.01020108607509
        ], 
        [
          -35.61304244141029, 
          5.9426511149669645, 
          97.58811611952237
        ], 
        [
          -26.41426058035348, 
          8.662120520815629, 
          98.02739534000858
        ]
      ], 
      "cuboid_centroid": [
        -31.495210973606653, 
        10.461663804869081, 
        88.33360082934034
      ], 
      "location": [
        -31.495210973606653, 
        10.461663804869081, 
        88.33360082934034
      ], 
      "pose_transform_permuted": [
        [
          0.256513908513471, 
          -0.7742100047835231, 
          -0.5786184621945738, 
          0.0
        ], 
        [
          0.9579669694758965, 
          0.28320726642429234, 
          0.04574681625883956, 
          0.0
        ], 
        [
          -0.12845133049797236, 
          0.5660321590339792, 
          -0.8143143438701257, 
          0.0
        ], 
        [
          -31.495210973606653, 
          10.461663804869081, 
          88.33360082934034, 
          1.0
        ]
      ], 
      "projected_cuboid": [
        [
          295.42180543691825, 
          374.31815828079897
        ], 
        [
          231.477639587076, 
          356.4396147748939
        ], 
        [
          286.8576634827668, 
          281.39778316894945
        ], 
        [
          340.0213897449613, 
          296.6822648212178
        ], 
        [
          293.28685442961176, 
          399.35885865385245
        ], 
        [
          231.95918310764873, 
          382.34920228488545
        ], 
        [
          285.3496821049668, 
          305.76315851260773
        ], 
        [
          336.6922815351528, 
          320.41294065199725
        ]
      ], 
      "projected_cuboid_centroid": [
        289.8581267684373, 
        336.44948081752324
      ], 
      "quaternion_xyzw": [
        0.8807124375618369, 
        0.11685386153450378, 
        0.0858000613710784, 
        0.45092026662281437
      ], 
      "visibility": 0.8647463994990607
    }, 
    {
      "bounding_box": {
        "bottom_right": [
          267, 
          282
        ], 
        "top_left": [
          213, 
          186
        ]
      }, 
      "class": "008_pudding_box", 
      "cuboid": [
        [
          -32.86822329814477, 
          -3.56573586714555, 
          79.05599225768447
        ], 
        [
          -44.17744802827849, 
          -4.564909745862935, 
          79.58083332515064
        ], 
        [
          -43.36756403919745, 
          -9.999529641866076, 
          86.68575452189921
        ], 
        [
          -32.05833930906373, 
          -9.00035576314869, 
          86.16091345443306
        ], 
        [
          -33.028267065537406, 
          -0.5215325621753336, 
          81.40277272882355
        ], 
        [
          -44.33749179567113, 
          -1.520706440892719, 
          81.9276137962897
        ], 
        [
          -43.52760780659009, 
          -6.955326336895859, 
          89.0325349930383
        ], 
        [
          -32.21838307645637, 
          -5.956152458178474, 
          88.50769392557213
        ]
      ], 
      "cuboid_centroid": [
        -38.19791555236743, 
        -5.260531102020705, 
        84.04426362536138
      ], 
      "location": [
        -38.19791555236743, 
        -5.260531102020705, 
        84.04426362536138
      ], 
      "pose_transform_permuted": [
        [
          0.04160114542987963, 
          -0.7912981959334419, 
          -0.6100128562479009, 
          0.0
        ], 
        [
          0.9950573158319377, 
          0.0879136546961298, 
          -0.046178845702809765, 
          0.0
        ], 
        [
          -0.09017045705955856, 
          0.6050769821040879, 
          -0.7910441499280738, 
          0.0
        ], 
        [
          -38.19791555236743, 
          -5.260531102020705, 
          84.04426362536138, 
          1.0
        ]
      ], 
      "projected_cuboid": [
        [
          258.01695436259433, 
          249.23172933181496
        ], 
        [
          183.06988665341643, 
          242.69430036398748
        ], 
        [
          212.56191320961003, 
          211.766106972667
        ], 
        [
          281.5084133461725, 
          217.5760563773489
        ], 
        [
          263.4053171042472, 
          269.8696577039525
        ], 
        [
          190.57055650126804, 
          263.3872807273529
        ], 
        [
          218.68664806720463, 
          231.6229849544139
        ], 
        [
          285.8413515738987, 
          237.39663276064462
        ]
      ], 
      "projected_cuboid_centroid": [
        237.18461720785172, 
        239.90479205889835
      ], 
      "quaternion_xyzw": [
        0.8958441764871733, 
        0.04969729011746224, 
        -0.0012774822879578315, 
        0.44157856561234554
      ], 
      "visibility": 0.2884663497623217
    }, 
    {
      "bounding_box": {
        "bottom_right": [
          413, 
          276
        ], 
        "top_left": [
          268, 
          120
        ]
      }, 
      "class": "019_pitcher_base", 
      "cuboid": [
        [
          -56.25860379874978, 
          20.54802011180697, 
          82.94781941771944
        ], 
        [
          -37.67332948270274, 
          23.76587247881196, 
          82.9237643681021
        ], 
        [
          -35.192906148043136, 
          9.5855276537547, 
          102.42453205629003
        ], 
        [
          -53.77818046409018, 
          6.367675286749705, 
          102.44858710590734
        ], 
        [
          -54.4416002876246, 
          9.994499534502701, 
          75.04251531494592
        ], 
        [
          -35.85632597157756, 
          13.212351901507697, 
          75.01846026532859
        ], 
        [
          -33.37590263691796, 
          -0.9679929235495668, 
          94.51922795351649
        ], 
        [
          -51.96117695296499, 
          -4.185845290554561, 
          94.54328300313382
        ]
      ], 
      "cuboid_centroid": [
        -44.817253217833866, 
        9.7900135941287, 
        88.73352368561797
      ], 
      "location": [
        -44.817253217833866, 
        9.7900135941287, 
        88.73352368561797
      ], 
      "pose_transform_permuted": [
        [
          -0.13650800661119397, 
          0.7928658628985834, 
          0.5939104124552025, 
          0.0
        ], 
        [
          -0.9853394196097055, 
          -0.1706015595883225, 
          0.001275331653736053, 
          0.0
        ], 
        [
          -0.10233317983091161, 
          0.585029078210177, 
          -0.8045302343319644, 
          0.0
        ], 
        [
          -44.817253217833866, 
          9.7900135941287, 
          88.73352368561797, 
          1.0
        ]
      ], 
      "projected_cuboid": [
        [
          116.86351698170334, 
          405.40166286294834
        ], 
        [
          237.28398005966153, 
          426.1354263632336
        ], 
        [
          296.8222087315072, 
          323.1979167316592
        ], 
        [
          199.3094239987501, 
          306.43493002502584
        ], 
        [
          91.46177598906132, 
          344.3164375440314
        ], 
        [
          224.5637755491514, 
          367.215498718573
        ], 
        [
          291.7059761541001, 
          267.82469076074113
        ], 
        [
          186.04089205633488, 
          249.67414379893728
        ]
      ], 
      "projected_cuboid_centroid": [
        209.98488514138865, 
        332.12795160273186
      ], 
      "quaternion_xyzw": [
        -0.03801143494018779, 
        0.4489988668987744, 
        0.8894210069302226, 
        -0.0767169701672693
      ], 
      "visibility": 0.221654519498084
    }, 
    {
      "bounding_box": {
        "bottom_right": [
          286, 
          314
        ], 
        "top_left": [
          183, 
          149
        ]
      }, 
      "class": "035_power_drill", 
      "cuboid": [
        [
          -25.114531967207338, 
          -1.1510689829678198, 
          64.2076507867267
        ], 
        [
          -43.34584833692872, 
          -2.780992354020672, 
          66.41037687557984
        ], 
        [
          -40.57192583272513, 
          -14.463705987540166, 
          80.72458298792468
        ], 
        [
          -22.340609463003748, 
          -12.833782616487316, 
          78.52185689907152
        ], 
        [
          -25.074636801412968, 
          3.2834086479432383, 
          67.81917335768503
        ], 
        [
          -43.30595317113435, 
          1.653485276890386, 
          70.02189944653817
        ], 
        [
          -40.53203066693076, 
          -10.029228356629108, 
          84.336105558883
        ], 
        [
          -22.300714297209378, 
          -8.399304985576258, 
          82.13337947002985
        ]
      ], 
      "cuboid_centroid": [
        -32.823281317069046, 
        -5.590148669798464, 
        74.27187817280485
      ], 
      "location": [
        -32.823281317069046, 
        -5.590148669798464, 
        74.27187817280485
      ], 
      "pose_transform_permuted": [
        [
          -0.0069756547869801655, 
          -0.7753667517829189, 
          -0.6314733679825423, 
          0.0
        ], 
        [
          0.9888922474756408, 
          0.08840933660119249, 
          -0.1194789618261947, 
          0.0
        ], 
        [
          -0.14846831352566114, 
          0.6252924470468865, 
          -0.7661374958161309, 
          0.0
        ], 
        [
          -32.823281317069046, 
          -5.590148669798464, 
          74.27187817280485, 
          1.0
        ]
      ], 
      "projected_cuboid": [
        [
          271.25310773380556, 
          263.72556475354486
        ], 
        [
          130.60015182835633, 
          250.95331608409313
        ], 
        [
          211.31853634836688, 
          177.7298021908175
        ], 
        [
          328.5953905899424, 
          186.11962846308646
        ], 
        [
          282.7707377807814, 
          299.10676026969753
        ], 
        [
          149.00992768332708, 
          285.88025631271375
        ], 
        [
          223.1470551014442, 
          209.86430795029904
        ], 
        [
          335.5843054954806, 
          218.74703330332318
        ]
      ], 
      "projected_cuboid_centroid": [
        243.94077073200933, 
        233.1456955551119
      ], 
      "quaternion_xyzw": [
        0.9007854992317913, 
        0.06574196918380344, 
        -0.03509565171758927, 
        0.42782223096222055
      ], 
      "visibility": 0.610801393728223
    }, 
    {
      "bounding_box": {
        "bottom_right": [
          214, 
          235
        ], 
        "top_left": [
          167, 
          166
        ]
      }, 
      "class": "061_foam_brick", 
      "cuboid": [
        [
          -46.566082337803536, 
          -17.0408867260947, 
          84.33687873365952
        ], 
        [
          -38.87120931237185, 
          -15.990602296427625, 
          83.76292150629318
        ], 
        [
          -39.57210278446176, 
          -13.151886953067448, 
          79.56081787957427
        ], 
        [
          -47.26697580989345, 
          -14.202171382734525, 
          80.13477510694061
        ], 
        [
          -46.93314278513621, 
          -12.724798061222481, 
          87.31382040357288
        ], 
        [
          -39.23826975970452, 
          -11.674513631555405, 
          86.73986317620654
        ], 
        [
          -39.93916323179444, 
          -8.835798288195228, 
          82.53775954948763
        ], 
        [
          -47.63403625722613, 
          -9.886082717862307, 
          83.11171677685397
        ]
      ], 
      "cuboid_centroid": [
        -43.25262278479899, 
        -12.938342507144965, 
        83.43731914157357
      ], 
      "location": [
        -43.25262278479899, 
        -12.938342507144965, 
        83.43731914157357
      ], 
      "pose_transform_permuted": [
        [
          0.06983646202477545, 
          -0.8211736359235926, 
          -0.5663892020827102, 
          0.0
        ], 
        [
          -0.9881184032996462, 
          -0.13486972042594436, 
          0.07370332131447971, 
          0.0
        ], 
        [
          0.13691197768062496, 
          -0.5545124148080496, 
          0.8208356060694039, 
          0.0
        ], 
        [
          -43.25262278479899, 
          -12.938342507144965, 
          83.43731914157357, 
          1.0
        ]
      ], 
      "projected_cuboid": [
        [
          184.6740158789872, 
          165.52539312891258
        ], 
        [
          232.041092280934, 
          171.47417043232096
        ], 
        [
          214.12303408427601, 
          185.12556811382026
        ], 
        [
          164.4004614039476, 
          178.7670723454842
        ], 
        [
          192.536811319575, 
          195.56248505853202
        ], 
        [
          238.33026159099379, 
          201.50585357963087
        ], 
        [
          221.37865506072245, 
          216.1938293137229
        ], 
        [
          173.38696688173508, 
          209.84853286307487
        ]
      ], 
      "projected_cuboid_centroid": [
        202.82847430539223, 
        190.58647638036786
      ], 
      "quaternion_xyzw": [
        -0.077068774440454, 
        0.8816206695895925, 
        -0.4656223755386135, 
        -0.0010965201427004716
      ], 
      "visibility": 0.7956120092378753
    }
  ]
}