{
  "camera_data": {
    "location_worldframe": [
      -19.047500710584544, 
      -19.494938575713803, 
      61.41806809477167
    ], 
    "quaternion_xyzw_worldframe": [
      0.8822913833828305, 
      0.003222245307211822, 
      0.1301734154181634, 
      -0.4523392105264525
    ]
  }, 
  "objects": [
    {
      "bounding_box": {
        "bottom_right": [
          329, 
          263
        ], 
        "top_left": [
          91, 
          21
        ]
      }, 
      "class": "003_cracker_box", 
      "cuboid": [
        [
          -18.650918804861057, 
          -1.2577379297628353, 
          42.843865699822395
        ], 
        [
          -34.41417468434278, 
          1.348211748923621, 
          39.12810117051018
        ], 
        [
          -39.83980305769787, 
          -16.3708118089799, 
          49.71829984924609
        ], 
        [
          -24.07654717821614, 
          -18.976761487666355, 
          53.43406437855831
        ], 
        [
          -19.43517567781746, 
          2.5791656706724635, 
          48.861798023563665
        ], 
        [
          -35.19843155729919, 
          5.185115349358919, 
          45.14603349425144
        ], 
        [
          -40.62405993065427, 
          -12.533908208544602, 
          55.73623217298736
        ], 
        [
          -24.860804051172543, 
          -15.139857887231056, 
          59.45199670229957
        ]
      ], 
      "cuboid_centroid": [
        -29.637489367757663, 
        -6.895823069153718, 
        49.29004893640487
      ], 
      "location": [
        -29.637489367757663, 
        -6.895823069153718, 
        49.29004893640487
      ], 
      "pose_transform_permuted": [
        [
          0.10922797934632703, 
          -0.534387700859196, 
          -0.8381521542645709, 
          0.0
        ], 
        [
          0.9609631552692972, 
          -0.1588644912478502, 
          0.22652127413432588, 
          0.0
        ], 
        [
          0.2542027984558688, 
          0.8301757998104886, 
          -0.4961744437858733, 
          0.0
        ], 
        [
          -29.637489367757663, 
          -6.895823069153718, 
          49.29004893640487, 
          1.0
        ]
      ], 
      "projected_cuboid": [
        [
          247.49604042617594, 
          257.63024139187627
        ], 
        [
          8.619738351152595, 
          291.66278692919406
        ], 
        [
          50.68103562382416, 
          97.6796777989302
        ], 
        [
          239.28907893325152, 
          83.88154616124311
        ], 
        [
          267.69707805547415, 
          301.4377648304559
        ], 
        [
          62.32546291831695, 
          334.53939549252806
        ], 
        [
          89.64094222402225, 
          153.3541629235086
        ], 
        [
          256.7224372197203, 
          137.47305575105418
        ]
      ], 
      "projected_cuboid_centroid": [
        158.2462973955223, 
        198.67355697977203
      ], 
      "quaternion_xyzw": [
        0.9525349218459601, 
        -0.10841263669976986, 
        0.08811993287080472, 
        0.27047883521369925
      ], 
      "visibility": 0.5279334352182035
    }, 
    {
      "bounding_box": {
        "bottom_right": [
          326, 
          322
        ], 
        "top_left": [
          174, 
          229
        ]
      }, 
      "class": "006_mustard_bottle", 
      "cuboid": [
        [
          -15.281395778926832, 
          3.5637912276956554, 
          54.567036706099174
        ], 
        [
          -24.010463325679027, 
          3.3295538921512233, 
          50.57271818536498
        ], 
        [
          -28.35932386620384, 
          -12.119810638099164, 
          60.98258289125324
        ], 
        [
          -19.630256319451647, 
          -11.885573302554732, 
          64.97690141198744
        ], 
        [
          -17.315508394207313, 
          6.996016719090724, 
          58.81105254369342
        ], 
        [
          -26.044575940959508, 
          6.761779383546291, 
          54.81673402295921
        ], 
        [
          -30.393436481484322, 
          -8.687585146704096, 
          65.22659872884748
        ], 
        [
          -21.664368934732124, 
          -8.453347811159665, 
          69.22091724958167
        ]
      ], 
      "cuboid_centroid": [
        -22.837416130205575, 
        -2.56189695950422, 
        59.896817717473326
      ], 
      "location": [
        -22.837416130205575, 
        -2.56189695950422, 
        59.896817717473326
      ], 
      "pose_transform_permuted": [
        [
          0.34920986846032726, 
          -0.5892333607158647, 
          -0.7285988992234211, 
          0.0
        ], 
        [
          0.9090506232693625, 
          0.02439362448843081, 
          0.41597086073194395, 
          0.0
        ], 
        [
          0.22733077629686302, 
          0.8075945409670929, 
          -0.5441615344255927, 
          0.0
        ], 
        [
          -22.837416130205575, 
          -2.56189695950422, 
          59.896817717473326, 
          1.0
        ]
      ], 
      "projected_cuboid": [
        [
          330.997269514658, 
          308.11781647472367
        ], 
        [
          226.28227307388966, 
          308.3986766527124
        ], 
        [
          231.5154355879959, 
          167.29344862425506
        ], 
        [
          319.13248122723354, 
          175.73173217010205
        ], 
        [
          323.2653106656604, 
          336.72891078562566
        ], 
        [
          226.09414557980162, 
          339.0728243519029
        ], 
        [
          231.01683287023667, 
          202.2532573950151
        ], 
        [
          313.2907457403351, 
          208.15686171908226
        ]
      ], 
      "projected_cuboid_centroid": [
        276.55878621742113, 
        250.47547938705475
      ], 
      "quaternion_xyzw": [
        0.9280684327488837, 
        -0.05466653768390345, 
        0.20612185001429564, 
        0.3053101622539862
      ], 
      "visibility": 0.5380170595249014
    }, 
    {
      "bounding_box": {
        "bottom_right": [
          168, 
          223
        ], 
        "top_left": [
          67, 
          69
        ]
      }, 
      "class": "008_pudding_box", 
      "cuboid": [
        [
          -22.533576515236792, 
          -12.224617018337986, 
          46.066816687803694
        ], 
        [
          -33.361964068860125, 
          -10.691430654992375, 
          42.97364143469168
        ], 
        [
          -35.69234388663901, 
          -18.12214136484457, 
          47.44854690332308
        ], 
        [
          -24.86395633301567, 
          -19.65532772819018, 
          50.541722156435085
        ], 
        [
          -23.141222444281155, 
          -10.126803744044096, 
          49.23385193236677
        ], 
        [
          -33.96960999790449, 
          -8.593617380698488, 
          46.14067667925475
        ], 
        [
          -36.29998981568337, 
          -16.024328090550682, 
          50.61558214788615
        ], 
        [
          -25.471602262060035, 
          -17.557514453896292, 
          53.70875740099817
        ]
      ], 
      "cuboid_centroid": [
        -29.41678316546008, 
        -14.124472554444335, 
        48.34119941784492
      ], 
      "location": [
        -29.41678316546008, 
        -14.124472554444335, 
        48.34119941784492
      ], 
      "pose_transform_permuted": [
        [
          0.15794908527760387, 
          -0.5452973054210062, 
          -0.823226645667448, 
          0.0
        ], 
        [
          0.9527502115318737, 
          -0.13489945984677354, 
          0.27215717595197364, 
          0.0
        ], 
        [
          0.259458658430728, 
          0.8273167392097761, 
          -0.4982247789126707, 
          0.0
        ], 
        [
          -29.41678316546008, 
          -14.124472554444335, 
          48.34119941784492, 
          1.0
        ]
      ], 
      "projected_cuboid": [
        [
          218.54987994744957, 
          131.76107298500133
        ], 
        [
          64.11176318480291, 
          140.60173050266582
        ], 
        [
          77.0734428308133, 
          69.59446499635956
        ], 
        [
          217.04452743094373, 
          65.88222439977052
        ], 
        [
          228.83364981219216, 
          163.58919479876548
        ], 
        [
          85.6853644702403, 
          173.95673249839075
        ], 
        [
          95.92871278824337, 
          104.44351345826344
        ], 
        [
          226.5602401756411, 
          98.94315818283094
        ]
      ], 
      "projected_cuboid_centroid": [
        154.3547230816751, 
        117.45966761073834
      ], 
      "quaternion_xyzw": [
        0.9491171682686361, 
        -0.10387498284244588, 
        0.11329113928424935, 
        0.27486650732418333
      ], 
      "visibility": 0.6793420209356975
    }, 
    {
      "bounding_box": {
        "bottom_right": [
          395, 
          242
        ], 
        "top_left": [
          157, 
          13
        ]
      }, 
      "class": "019_pitcher_base", 
      "cuboid": [
        [
          -42.86862763595168, 
          14.152546911935012, 
          51.937813387060004
        ], 
        [
          -25.18088461227652, 
          12.818519139311944, 
          58.35121268339813
        ], 
        [
          -31.251950714842657, 
          -6.958873522667925, 
          70.98099952156221
        ], 
        [
          -48.93969373851782, 
          -5.624845750044853, 
          64.56760022522408
        ], 
        [
          -39.66630111945231, 
          6.515054037697576, 
          41.517355682618664
        ], 
        [
          -21.978558095777146, 
          5.181026265074505, 
          47.930754978956784
        ], 
        [
          -28.04962419834328, 
          -14.596366396905362, 
          60.56054181712087
        ], 
        [
          -45.73736722201844, 
          -13.262338624282291, 
          54.147142520782744
        ]
      ], 
      "cuboid_centroid": [
        -35.45912591714748, 
        -0.22190974248517403, 
        56.24917760209044
      ], 
      "location": [
        -35.45912591714748, 
        -0.22190974248517403, 
        56.24917760209044
      ], 
      "pose_transform_permuted": [
        [
          -0.24058468055177154, 
          0.5737902658887725, 
          0.7828691031690288, 
          0.0
        ], 
        [
          -0.9377548132343416, 
          0.07072643259748364, 
          -0.34002054706950335, 
          0.0
        ], 
        [
          0.2504699462217045, 
          0.815942767343253, 
          -0.5210587360940513, 
          0.0
        ], 
        [
          -35.45912591714748, 
          -0.22190974248517403, 
          56.24917760209044, 
          1.0
        ]
      ], 
      "projected_cuboid": [
        [
          37.73538272206765, 
          418.6109158799426
        ], 
        [
          249.53036373371316, 
          390.44549612240723
        ], 
        [
          244.8270222610732, 
          221.00066498069546
        ], 
        [
          73.99315870545198, 
          226.82607824076203
        ], 
        [
          -32.190697778734574, 
          356.97698132961335
        ], 
        [
          235.00638399869644, 
          330.9351765080223
        ], 
        [
          232.5227022777115, 
          144.74528308120028
        ], 
        [
          27.354994307727758, 
          142.6597943030957
        ]
      ], 
      "projected_cuboid_centroid": [
        142.59403234396058, 
        271.1825283512676
      ], 
      "quaternion_xyzw": [
        -0.15436897499190994, 
        0.2910940345808403, 
        0.9402880786953836, 
        0.08539839707019276
      ], 
      "visibility": 0.23245381134457838
    }, 
    {
      "bounding_box": {
        "bottom_right": [
          216, 
          335
        ], 
        "top_left": [
          5, 
          46
        ]
      }, 
      "class": "035_power_drill", 
      "cuboid": [
        [
          -9.902125163087891, 
          -7.111905669347478, 
          36.030170836430045
        ], 
        [
          -27.829362308489603, 
          -5.08606974452951, 
          32.23547636531184
        ], 
        [
          -31.545595361376982, 
          -20.9962034879961, 
          41.29826824698233
        ], 
        [
          -13.61835821597527, 
          -23.022039412814067, 
          45.09296271810054
        ], 
        [
          -10.599720770944494, 
          -4.180137092616311, 
          40.89097037397905
        ], 
        [
          -28.526957916346205, 
          -2.1543011677983435, 
          37.09627590286084
        ], 
        [
          -32.24319096923358, 
          -18.064434911264932, 
          46.15906778453133
        ], 
        [
          -14.315953823831872, 
          -20.0902708360829, 
          49.95376225564954
        ]
      ], 
      "cuboid_centroid": [
        -21.072658066160738, 
        -12.588170290306206, 
        41.09461931048069
      ], 
      "location": [
        -21.072658066160738, 
        -12.588170290306206, 
        41.09461931048069
      ], 
      "pose_transform_permuted": [
        [
          0.12197433058438475, 
          -0.5126186368544722, 
          -0.8499089773789139, 
          0.0
        ], 
        [
          0.9723985625737908, 
          -0.10988419048211327, 
          0.20582956644094616, 
          0.0
        ], 
        [
          0.19890348529722812, 
          0.8515561344199803, 
          -0.4850666968765894, 
          0.0
        ], 
        [
          -21.072658066160738, 
          -12.588170290306206, 
          41.09461931048069, 
          1.0
        ]
      ], 
      "projected_cuboid": [
        [
          333.80408091846016, 
          168.01591397168494
        ], 
        [
          17.337458994286486, 
          189.14009741414975
        ], 
        [
          70.82715484644135, 
          2.1447451724150377
        ], 
        [
          319.1889550869131, 
          1.0022673703321718
        ], 
        [
          342.1983613329121, 
          218.7671917432981
        ], 
        [
          68.05767377174458, 
          242.3149384644412
        ], 
        [
          105.95629566757712, 
          64.57095165136116
        ], 
        [
          327.48245391291147, 
          58.79749082496452
        ]
      ], 
      "projected_cuboid_centroid": [
        205.84035305800336, 
        109.9192201972967
      ], 
      "quaternion_xyzw": [
        0.9583662758012572, 
        -0.08055053782051509, 
        0.08551112067024305, 
        0.26025679297222015
      ], 
      "visibility": 0.8754315744446821
    }, 
    {
      "bounding_box": {
        "bottom_right": [
          75, 
          117
        ], 
        "top_left": [
          0, 
          0
        ]
      }, 
      "class": "061_foam_brick", 
      "cuboid": [
        [
          -38.67423179648709, 
          -23.12004426281517, 
          41.83978649876981
        ], 
        [
          -31.188694031776787, 
          -23.753902714181862, 
          43.891259870834446
        ], 
        [
          -30.06053985928569, 
          -19.65329965867202, 
          41.04177674335936
        ], 
        [
          -37.54607762399599, 
          -19.019441207305327, 
          38.99030337129472
        ], 
        [
          -39.54519148593861, 
          -20.002744048754078, 
          45.98097051253523
        ], 
        [
          -32.0596537212283, 
          -20.63660250012077, 
          48.032443884599864
        ], 
        [
          -30.931499548737207, 
          -16.535999444610926, 
          45.182960757124775
        ], 
        [
          -38.41703731344751, 
          -15.902140993244235, 
          43.13148738506014
        ]
      ], 
      "cuboid_centroid": [
        -34.80286567261215, 
        -19.82802185371305, 
        43.51137362794729
      ], 
      "location": [
        -34.80286567261215, 
        -19.82802185371305, 
        43.51137362794729
      ], 
      "pose_transform_permuted": [
        [
          0.16570770214957053, 
          -0.5930936432979247, 
          -0.7878964955677259, 
          0.0
        ], 
        [
          -0.9612371249608495, 
          0.08139539129657114, 
          -0.26343496326926374, 
          0.0
        ], 
        [
          -0.22037274569535487, 
          -0.8010085645954556, 
          0.5566157852589327, 
          0.0
        ], 
        [
          -34.80286567261215, 
          -19.82802185371305, 
          43.51137362794729, 
          1.0
        ]
      ], 
      "projected_cuboid": [
        [
          -15.480282821624854, 
          -21.417938330974955
        ], 
        [
          99.4672905750038, 
          -15.345447782853839
        ], 
        [
          87.7184903487855, 
          17.90067475619138
        ], 
        [
          -36.24782594930457, 
          13.133638932798034
        ], 
        [
          19.101805892765462, 
          41.280666868897974
        ], 
        [
          122.66200768628978, 
          44.15174172007482
        ], 
        [
          113.45281302841195, 
          78.10295144040619
        ], 
        [
          2.612883955737105, 
          76.6570285390271
        ]
      ], 
      "projected_cuboid_centroid": [
        51.46289231115306, 
        30.25416578947806
      ], 
      "quaternion_xyzw": [
        0.08007934504511874, 
        0.9420910498890263, 
        -0.30509509369935306, 
        0.11388035834471233
      ], 
      "visibility": 0.6681873361224765
    }
  ]
}