{
  "camera_data": {
    "location_worldframe": [
      -27.89260703511428, 
      -14.102381652590823, 
      76.26515896081106
    ], 
    "quaternion_xyzw_worldframe": [
      0.9317610480435944, 
      0.011920189236602638, 
      0.039427241690134764, 
      -0.36073344807965396
    ]
  }, 
  "objects": [
    {
      "bounding_box": {
        "bottom_right": [
          320, 
          229
        ], 
        "top_left": [
          158, 
          3
        ]
      }, 
      "class": "003_cracker_box", 
      "cuboid": [
        [
          -32.02473388039205, 
          -0.25290771269955853, 
          54.6116913473689
        ], 
        [
          -48.34333258190065, 
          0.623850334415528, 
          53.19297804543049
        ], 
        [
          -50.44525508224591, 
          -14.701368796476572, 
          67.89920555417918
        ], 
        [
          -34.12665638073731, 
          -15.578126843591654, 
          69.31791885611757
        ], 
        [
          -32.20619133896011, 
          4.729771297869196, 
          59.77815828361365
        ], 
        [
          -48.524790040468716, 
          5.606529344984283, 
          58.359444981675246
        ], 
        [
          -50.62671254081397, 
          -9.718689785907815, 
          73.06567249042392
        ], 
        [
          -34.30811383930537, 
          -10.595447833022902, 
          74.48438579236233
        ]
      ], 
      "cuboid_centroid": [
        -41.32572321060301, 
        -4.985798749303687, 
        63.83868191889641
      ], 
      "location": [
        -41.32572321060301, 
        -4.985798749303687, 
        63.83868191889641
      ], 
      "pose_transform_permuted": [
        [
          0.02527262714573726, 
          -0.6939664526038986, 
          -0.7195636573490308, 
          0.0
        ], 
        [
          0.9948180894650772, 
          -0.053449121539677916, 
          0.0864879198483246, 
          0.0
        ], 
        [
          0.09847976030741556, 
          0.7180207198034034, 
          -0.6890195808123278, 
          0.0
        ], 
        [
          -41.32572321060301, 
          -4.985798749303687, 
          63.83868191889641, 
          1.0
        ]
      ], 
      "projected_cuboid": [
        [
          166.24793530280664, 
          270.81672551839034
        ], 
        [
          -7.138582113796265, 
          279.54134101253294
        ], 
        [
          82.06893276210702, 
          157.81349504095596
        ], 
        [
          216.84463346303633, 
          153.43123574628598
        ], 
        [
          191.87033025738245, 
          315.48388446218
        ], 
        [
          34.4563181013381, 
          324.52197886410113
        ], 
        [
          108.98400173393138, 
          202.3480601857326
        ], 
        [
          233.89858912849567, 
          197.4215125575589
        ]
      ], 
      "projected_cuboid_centroid": [
        133.4776172926978, 
        231.63429782190312
      ], 
      "quaternion_xyzw": [
        0.9263372046152405, 
        -0.041002585529909166, 
        0.03016195032360874, 
        0.3732404427150958
      ], 
      "visibility": 0.5946496477296657
    }, 
    {
      "bounding_box": {
        "bottom_right": [
          345, 
          282
        ], 
        "top_left": [
          228, 
          188
        ]
      }, 
      "class": "006_mustard_bottle", 
      "cuboid": [
        [
          -27.322093342409516, 
          7.136944550600255, 
          64.37444517978489
        ], 
        [
          -36.50886395514667, 
          5.573354274291558, 
          62.05830637414576
        ], 
        [
          -37.783250043625216, 
          -7.516909177447653, 
          75.950090940786
        ], 
        [
          -28.59647943088806, 
          -5.953318901138956, 
          78.26622974642513
        ], 
        [
          -28.972261216382012, 
          11.277346323134777, 
          68.12457524884626
        ], 
        [
          -38.159031829119165, 
          9.713756046826079, 
          65.80843644320711
        ], 
        [
          -39.433417917597716, 
          -3.3765074049131316, 
          79.70022100984735
        ], 
        [
          -30.24664730486056, 
          -1.812917128604434, 
          82.0163598154865
        ]
      ], 
      "cuboid_centroid": [
        -33.37775563000361, 
        1.8802185728435616, 
        72.03733309481612
      ], 
      "location": [
        -33.37775563000361, 
        1.8802185728435616, 
        72.03733309481612
      ], 
      "pose_transform_permuted": [
        [
          0.2832954782731803, 
          -0.7108107719789735, 
          -0.6438101894105115, 
          0.0
        ], 
        [
          0.9567161104680195, 
          0.1628332817455613, 
          0.2412041622507547, 
          0.0
        ], 
        [
          0.06661680136580996, 
          0.6842757372153421, 
          -0.7261741645323029, 
          0.0
        ], 
        [
          -33.37775563000361, 
          1.8802185728435616, 
          72.03733309481612, 
          1.0
        ]
      ], 
      "projected_cuboid": [
        [
          253.35683106386927, 
          332.4136074608157
        ], 
        [
          165.23082396403294, 
          321.183091272948
        ], 
        [
          214.07306618574935, 
          220.50299526813873
        ], 
        [
          285.1118452148562, 
          232.71959659270243
        ], 
        [
          252.89487843876915, 
          361.5722941620985
        ], 
        [
          169.77452198942862, 
          352.00799993852485
        ], 
        [
          215.52662428204408, 
          250.69240337370235
        ], 
        [
          283.27616560020584, 
          261.4978630204115
        ]
      ], 
      "projected_cuboid_centroid": [
        232.42965544653188, 
        287.206506176534
      ], 
      "quaternion_xyzw": [
        0.9062011417303932, 
        0.026543908396546974, 
        0.14469735701347766, 
        0.3964310102742064
      ], 
      "visibility": 0.8718779532874308
    }, 
    {
      "bounding_box": {
        "bottom_right": [
          204, 
          201
        ], 
        "top_left": [
          138, 
          71
        ]
      }, 
      "class": "008_pudding_box", 
      "cuboid": [
        [
          -34.35917927460317, 
          -10.477737358762806, 
          60.589743456249934
        ], 
        [
          -45.629955472148396, 
          -10.241400058681407, 
          59.1454030641967
        ], 
        [
          -46.56032766069676, 
          -16.664131039930748, 
          65.35457732774303
        ], 
        [
          -35.28955146315153, 
          -16.900468340012146, 
          66.79891771979626
        ], 
        [
          -34.65347881502196, 
          -7.789683452140109, 
          63.32614991816167
        ], 
        [
          -45.92425501256719, 
          -7.55334615205871, 
          61.881809526108434
        ], 
        [
          -46.85462720111555, 
          -13.97607713330805, 
          68.09098378965476
        ], 
        [
          -35.583851003570324, 
          -14.212414433389448, 
          69.53532418170799
        ]
      ], 
      "cuboid_centroid": [
        -40.606903237859356, 
        -12.226907246035427, 
        64.34036362295234
      ], 
      "location": [
        -40.606903237859356, 
        -12.226907246035427, 
        64.34036362295234
      ], 
      "pose_transform_permuted": [
        [
          0.07649906135284079, 
          -0.698722126544433, 
          -0.7112906989871857, 
          0.0
        ], 
        [
          0.9916743700909052, 
          -0.020794454532621513, 
          0.12708222782368767, 
          0.0
        ], 
        [
          0.10358531173347273, 
          0.7150907981363877, 
          -0.6913139274943713, 
          0.0
        ], 
        [
          -40.606903237859356, 
          -12.226907246035427, 
          64.34036362295234, 
          1.0
        ]
      ], 
      "projected_cuboid": [
        [
          176.64231533841954, 
          181.05999596303192
        ], 
        [
          66.71870295116204, 
          180.93888410787062
        ], 
        [
          98.47977420766335, 
          137.30054000677558
        ], 
        [
          197.4988886185146, 
          138.35395167365968
        ], 
        [
          187.32062842673872, 
          207.6834539932349
        ], 
        [
          82.50706056770736, 
          208.1890973569214
        ], 
        [
          111.55200328403113, 
          163.81953932373514
        ], 
        [
          206.40291546951548, 
          164.2806617499017
        ]
      ], 
      "projected_cuboid_centroid": [
        142.19999069652187, 
        171.93726500962907
      ], 
      "quaternion_xyzw": [
        0.9243992464317675, 
        -0.033637999691747654, 
        0.05505772802237873, 
        0.3759295724775904
      ], 
      "visibility": 0.31086192920832206
    }, 
    {
      "bounding_box": {
        "bottom_right": [
          395, 
          202
        ], 
        "top_left": [
          209, 
          7
        ]
      }, 
      "class": "019_pitcher_base", 
      "cuboid": [
        [
          -55.820932169492586, 
          15.377474143879768, 
          64.41508093010057
        ], 
        [
          -37.30431610517491, 
          16.42323614671287, 
          67.85148679437977
        ], 
        [
          -39.53960903718463, 
          -0.5105306508516517, 
          85.04932466020274
        ], 
        [
          -58.056225101502314, 
          -1.5562926536847563, 
          81.61291879592353
        ], 
        [
          -53.603123115696974, 
          5.882536446100032, 
          55.35419728618718
        ], 
        [
          -35.08650705137929, 
          6.928298448933138, 
          58.79060315046638
        ], 
        [
          -37.32179998338901, 
          -10.00546834863139, 
          75.98844101628934
        ], 
        [
          -55.838416047706694, 
          -11.051230351464492, 
          72.55203515201015
        ]
      ], 
      "cuboid_centroid": [
        -46.5713660764408, 
        2.6860028976241903, 
        70.20176097319496
      ], 
      "location": [
        -46.5713660764408, 
        2.6860028976241903, 
        70.20176097319496
      ], 
      "pose_transform_permuted": [
        [
          -0.16661976222072367, 
          0.7133365511323411, 
          0.6807268983209877, 
          0.0
        ], 
        [
          -0.9816993505550338, 
          -0.055443385305954426, 
          -0.18218865658219843, 
          0.0
        ], 
        [
          0.09221999744551979, 
          0.6986251817162894, 
          -0.7095197865761249, 
          0.0
        ], 
        [
          -46.5713660764408, 
          2.6860028976241903, 
          70.20176097319496, 
          1.0
        ]
      ], 
      "projected_cuboid": [
        [
          15.580597031859373, 
          400.6031225796658
        ], 
        [
          185.93783068081925, 
          402.3748434835588
        ], 
        [
          231.5894517061311, 
          270.0851487288325
        ], 
        [
          99.052867377268, 
          263.1165629137512
        ], 
        [
          -39.15532672088642, 
          329.96285232130555
        ], 
        [
          160.65698696749524, 
          336.13667121469166
        ], 
        [
          217.47372555822028, 
          203.06385492914978
        ], 
        [
          67.71631578095948, 
          192.05053195868692
        ]
      ], 
      "projected_cuboid_centroid": [
        124.84811308802593, 
        293.69197975239587
      ], 
      "quaternion_xyzw": [
        -0.0951304133449064, 
        0.38805517367143366, 
        0.9166585283779767, 
        0.010030074177306085
      ], 
      "visibility": 0.30549994048803175
    }, 
    {
      "bounding_box": {
        "bottom_right": [
          232, 
          245
        ], 
        "top_left": [
          92, 
          23
        ]
      }, 
      "class": "035_power_drill", 
      "cuboid": [
        [
          -23.950481695245035, 
          -6.931957204730697, 
          47.72458292851266
        ], 
        [
          -42.35813028276551, 
          -6.757697035331967, 
          46.71579362315401
        ], 
        [
          -43.17795517245525, 
          -20.549719806088056, 
          59.2929529037718
        ], 
        [
          -24.770306584934783, 
          -20.723979975486788, 
          60.30174220913045
        ], 
        [
          -24.14510300087661, 
          -3.0741949559460595, 
          51.94229222896144
        ], 
        [
          -42.55275158839708, 
          -2.8999347865473286, 
          50.93350292360279
        ], 
        [
          -43.37257647808683, 
          -16.691957557303418, 
          63.51066220422058
        ], 
        [
          -24.964927890566358, 
          -16.86621772670215, 
          64.51945150957923
        ]
      ], 
      "cuboid_centroid": [
        -33.66152908666593, 
        -11.811957381017058, 
        55.61762256636662
      ], 
      "location": [
        -33.66152908666593, 
        -11.811957381017058, 
        55.61762256636662
      ], 
      "pose_transform_permuted": [
        [
          0.034029462348263546, 
          -0.6745282833631926, 
          -0.7374648904434095, 
          0.0
        ], 
        [
          0.9984567550309651, 
          -0.009452116735157624, 
          0.05471815107450475, 
          0.0
        ], 
        [
          0.043879386887754626, 
          0.7381887409538774, 
          -0.6731657515692058, 
          0.0
        ], 
        [
          -33.66152908666593, 
          -11.811957381017058, 
          55.61762256636662, 
          1.0
        ]
      ], 
      "projected_cuboid": [
        [
          211.721326346537, 
          195.82229837718555
        ], 
        [
          -6.004158716313392, 
          196.13892072905816
        ], 
        [
          89.989811940203, 
          88.4489229776203
        ], 
        [
          260.6983171912636, 
          89.99988726008549
        ], 
        [
          231.6202767122081, 
          241.72211711866407
        ], 
        [
          32.318355664158766, 
          242.92161268060295
        ], 
        [
          114.34832406590067, 
          133.11876869969862
        ], 
        [
          273.5165660417935, 
          133.86991249535123
        ]
      ], 
      "projected_cuboid_centroid": [
        156.1254237324252, 
        160.02121134216176
      ], 
      "quaternion_xyzw": [
        0.9319482800064942, 
        -0.014306454759093664, 
        0.023807011431511486, 
        0.36152597301939526
      ], 
      "visibility": 0.861032755244475
    }, 
    {
      "bounding_box": {
        "bottom_right": [
          139, 
          129
        ], 
        "top_left": [
          77, 
          22
        ]
      }, 
      "class": "061_foam_brick", 
      "cuboid": [
        [
          -49.916219299908704, 
          -22.90045844199775, 
          61.45897775489308
        ], 
        [
          -42.176592515001296, 
          -22.666841483490636, 
          62.28795031572065
        ], 
        [
          -41.877486533545614, 
          -19.21227028001522, 
          58.521824353739724
        ], 
        [
          -49.61711331845302, 
          -19.445887238522335, 
          57.69285179291214
        ], 
        [
          -50.40977813465937, 
          -19.024796605941813, 
          64.97482494302285
        ], 
        [
          -42.67015134975196, 
          -18.791179647434696, 
          65.80379750385045
        ], 
        [
          -42.37104536829628, 
          -15.336608443959282, 
          62.03767154186951
        ], 
        [
          -50.11067215320368, 
          -15.570225402466399, 
          61.208698981041934
        ]
      ], 
      "cuboid_centroid": [
        -46.14363233410249, 
        -19.118533442978517, 
        61.74832464838129
      ], 
      "location": [
        -46.14363233410249, 
        -19.118533442978517, 
        61.74832464838129
      ], 
      "pose_transform_permuted": [
        [
          0.09390388714046771, 
          -0.7373785778375763, 
          -0.6689206925534175, 
          0.0
        ], 
        [
          -0.9938653484680267, 
          -0.029999353499509995, 
          -0.10645049508639848, 
          0.0
        ], 
        [
          -0.05842712635786729, 
          -0.6748132124787161, 
          0.7356720731207057, 
          0.0
        ], 
        [
          -46.14363233410249, 
          -19.118533442978517, 
          61.74832464838129, 
          1.0
        ]
      ], 
      "projected_cuboid": [
        [
          44.83180507125479, 
          74.56434316357553
        ], 
        [
          117.464781321094, 
          79.2093466385276
        ], 
        [
          96.77985494269821, 
          98.20177104774132
        ], 
        [
          19.10826186413419, 
          93.5264437210934
        ], 
        [
          64.38063409135358, 
          117.12918619643084
        ], 
        [
          132.8866161787119, 
          120.98979406969424
        ], 
        [
          114.31017662181985, 
          141.4422340398992
        ], 
        [
          41.33748439501852, 
          137.62108095062814
        ]
      ], 
      "projected_cuboid_centroid": [
        79.7337754328986, 
        108.15998038307961
      ], 
      "quaternion_xyzw": [
        0.007780289304947547, 
        0.9134548775801903, 
        -0.40315364423377514, 
        0.05483423077164465
      ], 
      "visibility": 0.9618049054484179
    }
  ]
}