{
  "camera_data": {
    "location_worldframe": [
      -17.250097856871818, 
      -19.360771855533006, 
      60.710966982054025
    ], 
    "quaternion_xyzw_worldframe": [
      0.8729088201878205, 
      0.009517877105336437, 
      0.14127939335423312, 
      -0.4668858947979272
    ]
  }, 
  "objects": [
    {
      "bounding_box": {
        "bottom_right": [
          337, 
          286
        ], 
        "top_left": [
          91, 
          47
        ]
      }, 
      "class": "003_cracker_box", 
      "cuboid": [
        [
          -16.439569404836853, 
          -0.5252635285846275, 
          42.75767547123998
        ], 
        [
          -32.10818426012336, 
          2.130312574977031, 
          38.69312878531748
        ], 
        [
          -37.728549870091314, 
          -15.94902887732237, 
          48.54718633578132
        ], 
        [
          -22.05993501480481, 
          -18.60460498088403, 
          52.61173302170381
        ], 
        [
          -17.409911167135544, 
          3.1095845586663686, 
          48.87312425132876
        ], 
        [
          -33.078526022422054, 
          5.765160662228028, 
          44.808577565406274
        ], 
        [
          -38.69889163239001, 
          -12.314180790071374, 
          54.6626351158701
        ], 
        [
          -23.030276777103502, 
          -14.969756893633033, 
          58.727181801792604
        ]
      ], 
      "cuboid_centroid": [
        -27.56923051861343, 
        -6.419722159328001, 
        48.71015529355504
      ], 
      "location": [
        -27.56923051861343, 
        -6.419722159328001, 
        48.71015529355504
      ], 
      "pose_transform_permuted": [
        [
          0.13514509547324288, 
          -0.506246263809739, 
          -0.8517338337463224, 
          0.0
        ], 
        [
          0.9551936278363927, 
          -0.16188982853840855, 
          0.2477838105215016, 
          0.0
        ], 
        [
          0.26332667261460385, 
          0.847057497336801, 
          -0.46168458897307396, 
          0.0
        ], 
        [
          -27.56923051861343, 
          -6.419722159328001, 
          48.71015529355504, 
          1.0
        ]
      ], 
      "projected_cuboid": [
        [
          274.83632270702543, 
          266.7348879435799
        ], 
        [
          35.351786919561825, 
          302.6493072941645
        ], 
        [
          63.67261051185553, 
          98.07701349929462
        ], 
        [
          256.11429928362725, 
          84.69362146648807
        ], 
        [
          290.03117429373776, 
          307.2193459626703
        ], 
        [
          84.60966123140972, 
          341.9044957107582
        ], 
        [
          100.88231932683254, 
          153.1424257897366
        ], 
        [
          270.7091328613071, 
          137.34157584054725
        ]
      ], 
      "projected_cuboid_centroid": [
        177.23055491167574, 
        202.99804217488676
      ], 
      "quaternion_xyzw": [
        0.955769972184667, 
        -0.11122354581329512, 
        0.10016241280301433, 
        0.2531809119746536
      ], 
      "visibility": 0.5060509024369958
    }, 
    {
      "bounding_box": {
        "bottom_right": [
          329, 
          337
        ], 
        "top_left": [
          174, 
          243
        ]
      }, 
      "class": "006_mustard_bottle", 
      "cuboid": [
        [
          -13.420272391996402, 
          3.9258942768727767, 
          54.72030793417881
        ], 
        [
          -22.03458001802916, 
          3.783284728821205, 
          50.48009161291831
        ], 
        [
          -26.58578494601708, 
          -12.016956627354325, 
          60.25759857402295
        ], 
        [
          -17.97147731998432, 
          -11.874347079302753, 
          64.49781489528345
        ], 
        [
          -15.588920976801262, 
          7.208621444905644, 
          59.0156684593337
        ], 
        [
          -24.20322860283402, 
          7.066011896854072, 
          54.7754521380732
        ], 
        [
          -28.754433530821938, 
          -8.734229459321458, 
          64.55295909917784
        ], 
        [
          -20.14012590478918, 
          -8.591619911269884, 
          68.79317542043835
        ]
      ], 
      "cuboid_centroid": [
        -21.08735296140917, 
        -2.4041675912243403, 
        59.63663351667833
      ], 
      "location": [
        -21.08735296140917, 
        -2.4041675912243403, 
        59.63663351667833
      ], 
      "pose_transform_permuted": [
        [
          0.37230656815525226, 
          -0.563567972553885, 
          -0.7374135889581468, 
          0.0
        ], 
        [
          0.897099452437243, 
          0.014851448662311879, 
          0.44157881342927074, 
          0.0
        ], 
        [
          0.23790805424189226, 
          0.8259361503332365, 
          -0.5111058924523858, 
          0.0
        ], 
        [
          -21.08735296140917, 
          -2.4041675912243403, 
          59.63663351667833, 
          1.0
        ]
      ], 
      "projected_cuboid": [
        [
          349.70929518046927, 
          311.5494129242131
        ], 
        [
          246.8628619492413, 
          313.2567474268622
        ], 
        [
          244.33440234877295, 
          166.9285275205072
        ], 
        [
          331.7561192110389, 
          175.09992739555713
        ], 
        [
          339.54732202925476, 
          338.43023769034914
        ], 
        [
          243.97921384110376, 
          342.08455556809804
        ], 
        [
          242.0557696505098, 
          201.1266295966037
        ], 
        [
          324.15943143161115, 
          206.6799433324836
        ]
      ], 
      "projected_cuboid_centroid": [
        291.4451610348499, 
        251.7865038242967
      ], 
      "quaternion_xyzw": [
        0.9301141316699562, 
        -0.05995409541275798, 
        0.21875954624064456, 
        0.28885537495188024
      ], 
      "visibility": 0.43469259159240253
    }, 
    {
      "bounding_box": {
        "bottom_right": [
          173, 
          244
        ], 
        "top_left": [
          69, 
          90
        ]
      }, 
      "class": "008_pudding_box", 
      "cuboid": [
        [
          -20.35074752460225, 
          -11.608708899929027, 
          45.51352950626184
        ], 
        [
          -31.097846024455112, 
          -10.023635764047853, 
          42.172902683187104
        ], 
        [
          -33.5107981384278, 
          -17.606812275417646, 
          46.33751632611901
        ], 
        [
          -22.76369963857494, 
          -19.191885411298824, 
          49.67814314919375
        ], 
        [
          -21.056670218233673, 
          -9.618152361382895, 
          48.72904255500848
        ], 
        [
          -31.803768718086534, 
          -8.03307922550172, 
          45.38841573193375
        ], 
        [
          -34.216720832059224, 
          -15.616255736871512, 
          49.55302937486565
        ], 
        [
          -23.469622332206363, 
          -17.20132887275269, 
          52.89365619794039
        ]
      ], 
      "cuboid_centroid": [
        -27.283734178330736, 
        -13.612482318400271, 
        47.533279440563746
      ], 
      "location": [
        -27.283734178330736, 
        -13.612482318400271, 
        47.533279440563746
      ], 
      "pose_transform_permuted": [
        [
          0.18349475970511278, 
          -0.5174174127212188, 
          -0.8358277748136649, 
          0.0
        ], 
        [
          0.9455978850389851, 
          -0.13946478716482144, 
          0.2939295344364083, 
          0.0
        ], 
        [
          0.2686520512976517, 
          0.8442919000897848, 
          -0.4636776633721901, 
          0.0
        ], 
        [
          -27.283734178330736, 
          -13.612482318400271, 
          47.533279440563746, 
          1.0
        ]
      ], 
      "projected_cuboid": [
        [
          241.14329912493588, 
          137.25771624803136
        ], 
        [
          85.0556512649358, 
          146.52738915783362
        ], 
        [
          92.69186060688763, 
          70.64171520733558
        ], 
        [
          235.1808827796027, 
          67.25209951453814
        ], 
        [
          249.21984629992858, 
          168.01976606695072
        ], 
        [
          104.78456810394621, 
          178.89684856314733
        ], 
        [
          110.26717254310381, 
          105.2149769618645
        ], 
        [
          242.98398561302534, 
          99.84786491871999
        ]
      ], 
      "projected_cuboid_centroid": [
        172.92468869760907, 
        120.5555780851889
      ], 
      "quaternion_xyzw": [
        0.9520658538071874, 
        -0.10716612638465792, 
        0.12536535477886418, 
        0.25762269284475897
      ], 
      "visibility": 0.773875539125077
    }, 
    {
      "bounding_box": {
        "bottom_right": [
          398, 
          260
        ], 
        "top_left": [
          157, 
          31
        ]
      }, 
      "class": "019_pitcher_base", 
      "cuboid": [
        [
          -40.98091259444266, 
          14.471773768685939, 
          51.67314029729362
        ], 
        [
          -23.469718614235255, 
          13.007929554093009, 
          58.527541759632996
        ], 
        [
          -29.78043515886897, 
          -7.198137916262537, 
          70.33450215518151
        ], 
        [
          -47.29162913907638, 
          -5.734293701669609, 
          63.48010069284212
        ], 
        [
          -37.451775504763006, 
          7.1929225883056, 
          41.10263188054862
        ], 
        [
          -19.940581524555604, 
          5.729078373712672, 
          47.957033342888
        ], 
        [
          -26.251298069189318, 
          -14.476989096642875, 
          59.763993738436504
        ], 
        [
          -43.76249204939672, 
          -13.013144882049946, 
          52.90959227609713
        ]
      ], 
      "cuboid_centroid": [
        -33.61610533181599, 
        -0.002607663978468344, 
        55.71856701786506
      ], 
      "location": [
        -33.61610533181599, 
        -0.002607663978468344, 
        55.71856701786506
      ], 
      "pose_transform_permuted": [
        [
          -0.26513733529962874, 
          0.5468461997841464, 
          0.7941421268598179, 
          0.0
        ], 
        [
          -0.928394675252791, 
          0.07760893836044314, 
          -0.36340125218608615, 
          0.0
        ], 
        [
          0.26035704550914307, 
          0.8336283194994176, 
          -0.48711193147194265, 
          0.0
        ], 
        [
          -33.61610533181599, 
          -0.002607663978468344, 
          55.71856701786506, 
          1.0
        ]
      ], 
      "projected_cuboid": [
        [
          55.10740571410172, 
          422.65002372389034
        ], 
        [
          265.9520958141155, 
          391.81848651601877
        ], 
        [
          253.9016141957305, 
          218.70581592500227
        ], 
        [
          80.97173583241256, 
          225.11063571636225
        ], 
        [
          -8.401170653302419, 
          366.6169720939249
        ], 
        [
          257.99426277573116, 
          336.99835410603265
        ], 
        [
          245.38454982483756, 
          144.09735051873048
        ], 
        [
          36.802608535360804, 
          142.11627743539168
        ]
      ], 
      "projected_cuboid_centroid": [
        157.15347992088704, 
        273.2615782895322
      ], 
      "quaternion_xyzw": [
        -0.1666521766930705, 
        0.2741460534230811, 
        0.942889855923271, 
        0.08960908364494292
      ], 
      "visibility": 0.23164333830483214
    }, 
    {
      "bounding_box": {
        "bottom_right": [
          228, 
          367
        ], 
        "top_left": [
          9, 
          78
        ]
      }, 
      "class": "035_power_drill", 
      "cuboid": [
        [
          -7.475121783996748, 
          -6.114783263325772, 
          36.002415565685126
        ], 
        [
          -25.30158199603008, 
          -4.046075079956256, 
          31.780175431379448
        ], 
        [
          -29.180820132807046, 
          -20.26004923186857, 
          40.21436147439118
        ], 
        [
          -11.354359920773708, 
          -22.328757415238087, 
          44.43660160869686
        ], 
        [
          -8.322102195433619, 
          -3.346429256422652, 
          40.934769875642125
        ], 
        [
          -26.14856240746695, 
          -1.2777210730531354, 
          36.712529741336446
        ], 
        [
          -30.027800544243917, 
          -17.491695224965447, 
          45.14671578434818
        ], 
        [
          -12.20134033221058, 
          -19.560403408334963, 
          49.36895591865386
        ]
      ], 
      "cuboid_centroid": [
        -18.751461164120332, 
        -11.80323924414561, 
        40.57456567501666
      ], 
      "location": [
        -18.751461164120332, 
        -11.80323924414561, 
        40.57456567501666
      ], 
      "pose_transform_permuted": [
        [
          0.14809420750300284, 
          -0.48404566056559556, 
          -0.8624203025166968, 
          0.0
        ], 
        [
          0.9669322799361931, 
          -0.1122096420980925, 
          0.22902024467798762, 
          0.0
        ], 
        [
          0.20762798638351318, 
          0.8678185472864264, 
          -0.45142190377345837, 
          0.0
        ], 
        [
          -18.751461164120332, 
          -11.80323924414561, 
          40.57456567501666, 
          1.0
        ]
      ], 
      "projected_cuboid": [
        [
          369.94201871054514, 
          182.70556973420832
        ], 
        [
          53.45970965586118, 
          205.3872565636623
        ], 
        [
          91.37838843274388, 
          4.599416882974423
        ], 
        [
          344.1885817352864, 
          5.301067303728073
        ], 
        [
          372.268810341721, 
          229.6875080719247
        ], 
        [
          98.57372312023212, 
          254.72520007062317
        ], 
        [
          123.9216460505682, 
          66.65658839893622
        ], 
        [
          348.6908393118518, 
          61.98074878100014
        ]
      ], 
      "projected_cuboid_centroid": [
        233.070413841113, 
        118.14258193329815
      ], 
      "quaternion_xyzw": [
        0.9614014678763649, 
        -0.08316963286630234, 
        0.0980637290407921, 
        0.24325622427158447
      ], 
      "visibility": 0.84533524646519
    }, 
    {
      "bounding_box": {
        "bottom_right": [
          78, 
          134
        ], 
        "top_left": [
          0, 
          0
        ]
      }, 
      "class": "061_foam_brick", 
      "cuboid": [
        [
          -36.31017098843023, 
          -22.43215124872321, 
          40.48874583172899
        ], 
        [
          -28.880713405234047, 
          -23.099278215690493, 
          42.7251931905991
        ], 
        [
          -27.69646208921363, 
          -18.902834557743727, 
          40.042910432254395
        ], 
        [
          -35.125919672409815, 
          -18.235707590776446, 
          37.806463073384286
        ], 
        [
          -37.31160017942574, 
          -19.455640689606327, 
          44.70337047788538
        ], 
        [
          -29.88214259622955, 
          -20.122767656573608, 
          46.93981783675548
        ], 
        [
          -28.697891280209138, 
          -15.926323998626845, 
          44.25753507841078
        ], 
        [
          -36.12734886340532, 
          -15.259197031659562, 
          42.021087719540674
        ]
      ], 
      "cuboid_centroid": [
        -32.50403113431968, 
        -19.17923762367503, 
        42.37314045506989
      ], 
      "location": [
        -32.50403113431968, 
        -19.17923762367503, 
        42.37314045506989
      ], 
      "pose_transform_permuted": [
        [
          0.19053066647650685, 
          -0.5663071794812953, 
          -0.8018692185138162, 
          0.0
        ], 
        [
          -0.9540357248556963, 
          0.08566748680831748, 
          -0.28718794787214375, 
          0.0
        ], 
        [
          -0.23133071743952305, 
          -0.8197299922363992, 
          0.5239549971104662, 
          0.0
        ], 
        [
          -32.50403113431968, 
          -19.17923762367503, 
          42.37314045506989, 
          1.0
        ]
      ], 
      "projected_cuboid": [
        [
          -0.6678921401865189, 
          -22.190768313044842
        ], 
        [
          118.08768929452161, 
          -15.051477825524287
        ], 
        [
          109.64206952122908, 
          21.525321369952515
        ], 
        [
          -18.038552902385177, 
          16.043220819865287
        ], 
        [
          32.75314950271579, 
          41.17710032636121
        ], 
        [
          139.25357897460856, 
          44.65620762573847
        ], 
        [
          132.89501664902204, 
          81.36847337734407
        ], 
        [
          19.25805473776119, 
          79.62118941249044
        ]
      ], 
      "projected_cuboid_centroid": [
        69.08342977541292, 
        31.891566894866628
      ], 
      "quaternion_xyzw": [
        0.08382049484123928, 
        0.945467468452235, 
        -0.28828653892675987, 
        0.12631809932357946
      ], 
      "visibility": 0.7329553520164683
    }
  ]
}