{
  "camera_data": {
    "location_worldframe": [
      -22.318260435887353, 
      -19.08992035902471, 
      63.91793827702966
    ], 
    "quaternion_xyzw_worldframe": [
      0.8977571860389041, 
      -0.00046990666180503967, 
      0.10848661730258435, 
      -0.42692274665582725
    ]
  }, 
  "objects": [
    {
      "bounding_box": {
        "bottom_right": [
          319, 
          232
        ], 
        "top_left": [
          99, 
          0
        ]
      }, 
      "class": "003_cracker_box", 
      "cuboid": [
        [
          -22.903080211401605, 
          -1.9614929199542128, 
          44.32130640082232
        ], 
        [
          -38.83793868545512, 
          0.3442324206926681, 
          41.18410513973943
        ], 
        [
          -43.64215744090825, 
          -16.756476097813596, 
          53.01790408434025
        ], 
        [
          -27.707298966854733, 
          -19.06220143846048, 
          56.15510534542315
        ], 
        [
          -23.44372035078476, 
          2.214716506184983, 
          50.1367496860463
        ], 
        [
          -39.37857882483827, 
          4.520441846831864, 
          46.9995484249634
        ], 
        [
          -44.1827975802914, 
          -12.580266671674401, 
          58.83334736956422
        ], 
        [
          -28.247939106237887, 
          -14.885992012321282, 
          61.97054863064713
        ]
      ], 
      "cuboid_centroid": [
        -33.542938895846504, 
        -7.270879795814307, 
        51.57732688519327
      ], 
      "location": [
        -33.542938895846504, 
        -7.270879795814307, 
        51.57732688519327
      ], 
      "pose_transform_permuted": [
        [
          0.07529807135221783, 
          -0.5816447807778745, 
          -0.8099503376408305, 
          0.0
        ], 
        [
          0.9714244312894845, 
          -0.1405621475330166, 
          0.19125076986723105, 
          0.0
        ], 
        [
          0.2250883709669126, 
          0.8012063602310988, 
          -0.5544398917652817, 
          0.0
        ], 
        [
          -33.542938895846504, 
          -7.270879795814307, 
          51.57732688519327, 
          1.0
        ]
      ], 
      "projected_cuboid": [
        [
          203.70696532403977, 
          249.68383599872197
        ], 
        [
          -25.53173414282275, 
          277.74422597768756
        ], 
        [
          38.93185368034283, 
          104.72919867796087
        ], 
        [
          216.26075953370324, 
          92.24787261077667
        ], 
        [
          230.14101485507658, 
          296.8451390338996
        ], 
        [
          31.031404634956942, 
          324.5815023437157
        ], 
        [
          77.74585531724179, 
          159.24742789350398
        ], 
        [
          236.4689305755544, 
          145.17744050647755
        ]
      ], 
      "projected_cuboid_centroid": [
        131.8661567010817, 
        198.10422792060913
      ], 
      "quaternion_xyzw": [
        0.9463853772593666, 
        -0.09659133775894103, 
        0.07041234142674166, 
        0.3001115348572743
      ], 
      "visibility": 0.5422376591745606
    }, 
    {
      "bounding_box": {
        "bottom_right": [
          325, 
          296
        ], 
        "top_left": [
          181, 
          203
        ]
      }, 
      "class": "006_mustard_bottle", 
      "cuboid": [
        [
          -19.043778580622618, 
          3.5503352065213134, 
          55.58010357268716
        ], 
        [
          -27.942600748513623, 
          3.0401211911536987, 
          52.008449405080825
        ], 
        [
          -31.696783194226136, 
          -11.799879496359653, 
          63.481950585770974
        ], 
        [
          -22.797961026335127, 
          -11.289665480992038, 
          67.0536047533773
        ], 
        [
          -20.910122714940886, 
          7.2130943482388385, 
          59.706895477694786
        ], 
        [
          -29.808944882831895, 
          6.702880332871223, 
          56.13524131008846
        ], 
        [
          -33.563127328544404, 
          -8.137120354642127, 
          67.60874249077861
        ], 
        [
          -24.664305160653395, 
          -7.626906339274514, 
          71.18039665838494
        ]
      ], 
      "cuboid_centroid": [
        -26.303452954583513, 
        -2.293392574060407, 
        61.59442303173288
      ], 
      "location": [
        -26.303452954583513, 
        -2.293392574060407, 
        61.59442303173288
      ], 
      "pose_transform_permuted": [
        [
          0.3204079187902376, 
          -0.6288106314628354, 
          -0.7084742739831783, 
          0.0
        ], 
        [
          0.9267289770365422, 
          0.05313401072755636, 
          0.371954327283581, 
          0.0
        ], 
        [
          0.1962447868334929, 
          0.7757408739833426, 
          -0.5997616860655878, 
          0.0
        ], 
        [
          -26.303452954583513, 
          -2.293392574060407, 
          61.59442303173288, 
          1.0
        ]
      ], 
      "projected_cuboid": [
        [
          297.3394260634749, 
          307.3538241278804
        ], 
        [
          192.67237668747453, 
          304.4613987012294
        ], 
        [
          213.0894173096944, 
          174.15431604434147
        ], 
        [
          298.7594250276283, 
          183.49271242038552
        ], 
        [
          293.26519362084423, 
          337.71602205357215
        ], 
        [
          196.03353372676963, 
          336.9680553623983
        ], 
        [
          214.63392885762306, 
          209.09830616595545
        ], 
        [
          295.2595876773257, 
          216.14189281643684
        ]
      ], 
      "projected_cuboid_centroid": [
        251.9488339616421, 
        253.4290393404372
      ], 
      "quaternion_xyzw": [
        0.9234370748734133, 
        -0.03874405197710805, 
        0.18744164191391416, 
        0.33260856396112287
      ], 
      "visibility": 0.7109283196239718
    }, 
    {
      "bounding_box": {
        "bottom_right": [
          168, 
          199
        ], 
        "top_left": [
          76, 
          45
        ]
      }, 
      "class": "008_pudding_box", 
      "cuboid": [
        [
          -26.551379879303504, 
          -12.741922372158351, 
          48.34699208081191
        ], 
        [
          -37.52014175065654, 
          -11.445993229211782, 
          45.66758892923284
        ], 
        [
          -39.588309937597685, 
          -18.615759837357064, 
          50.66639256981125
        ], 
        [
          -28.619548066244644, 
          -19.911688980303634, 
          53.34579572139031
        ], 
        [
          -27.031228665977853, 
          -10.466684634742553, 
          51.411825637362526
        ], 
        [
          -37.99999053733089, 
          -9.170755491795981, 
          48.73242248578347
        ], 
        [
          -40.06815872427203, 
          -16.340522099941264, 
          53.731226126361875
        ], 
        [
          -29.09939685291899, 
          -17.636451242887834, 
          56.41062927794093
        ]
      ], 
      "cuboid_centroid": [
        -33.30976930178777, 
        -14.541222236049808, 
        51.03910910358689
      ], 
      "location": [
        -33.30976930178777, 
        -14.541222236049808, 
        51.03910910358689
      ], 
      "pose_transform_permuted": [
        [
          0.12473000032433108, 
          -0.5914163203217542, 
          -0.7966607421308572, 
          0.0
        ], 
        [
          0.9651012342717151, 
          -0.11402406489039243, 
          0.235750882280891, 
          0.0
        ], 
        [
          0.2302646714921798, 
          0.7982638757933667, 
          -0.5565542906131444, 
          0.0
        ], 
        [
          -33.30976930178777, 
          -14.541222236049808, 
          51.03910910358689, 
          1.0
        ]
      ], 
      "projected_cuboid": [
        [
          186.265837344346, 
          132.72936087805132
        ], 
        [
          39.774265426380026, 
          139.61685054857347
        ], 
        [
          61.413836552978516, 
          77.33516324730945
        ], 
        [
          193.0914249619098, 
          74.22129725149058
        ], 
        [
          198.85235124280578, 
          164.71058648812644
        ], 
        [
          62.2658200708395, 
          172.9233044960501
        ], 
        [
          80.57860039320852, 
          111.09555401533703
        ], 
        [
          204.19175083970018, 
          106.54730911852884
        ]
      ], 
      "projected_cuboid_centroid": [
        130.63492090567257, 
        121.34190732595891
      ], 
      "quaternion_xyzw": [
        0.9434015386085528, 
        -0.09123600139829445, 
        0.09552689598559078, 
        0.3042104989112245
      ], 
      "visibility": 0.516188491745472
    }, 
    {
      "bounding_box": {
        "bottom_right": [
          391, 
          211
        ], 
        "top_left": [
          164, 
          0
        ]
      }, 
      "class": "019_pitcher_base", 
      "cuboid": [
        [
          -46.8024065429472, 
          13.828507712184049, 
          53.604207878802924
        ], 
        [
          -28.832802303234512, 
          12.959096809521114, 
          59.27033725028746
        ], 
        [
          -34.173603968568564, 
          -6.081214380510908, 
          73.28664942801923
        ], 
        [
          -52.14320820828126, 
          -5.211803477847974, 
          67.62052005653469
        ], 
        [
          -44.01620662522726, 
          5.614534009470391, 
          43.50768088572359
        ], 
        [
          -26.04660238551457, 
          4.745123106807457, 
          49.17381025720813
        ], 
        [
          -31.387404050848623, 
          -14.295188083224566, 
          63.1901224349399
        ], 
        [
          -49.35700829056132, 
          -13.425777180561631, 
          57.52399306345536
        ]
      ], 
      "cuboid_centroid": [
        -39.09490529689791, 
        -0.2333401855202588, 
        58.39716515687141
      ], 
      "location": [
        -39.09490529689791, 
        -0.2333401855202588, 
        58.39716515687141
      ], 
      "pose_transform_permuted": [
        [
          -0.20932188323218873, 
          0.6171001704998688, 
          0.7585328069442667, 
          0.0
        ], 
        [
          -0.9526983089448735, 
          0.04609374172608139, 
          -0.3004023793994538, 
          0.0
        ], 
        [
          0.2203419108435638, 
          0.785533486086744, 
          -0.5782616921102538, 
          0.0
        ], 
        [
          -39.09490529689791, 
          -0.2333401855202588, 
          58.39716515687141, 
          1.0
        ]
      ], 
      "projected_cuboid": [
        [
          12.069560289191408, 
          410.8692812171079
        ], 
        [
          219.99498732963806, 
          389.89360366326247
        ], 
        [
          230.83741891414886, 
          229.03249247791024
        ], 
        [
          66.91908192060619, 
          232.18131051421182
        ], 
        [
          -62.45243303490506, 
          342.10980956641913
        ], 
        [
          196.75183387309144, 
          324.7502554395992
        ], 
        [
          214.48227550147658, 
          152.636293036144
        ], 
        [
          20.182245939174223, 
          148.81274003442437
        ]
      ], 
      "projected_cuboid_centroid": [
        121.58244693612053, 
        271.15552887946177
      ], 
      "quaternion_xyzw": [
        -0.1362925484059539, 
        0.31962165913251095, 
        0.9349818984846555, 
        0.07124085851326717
      ], 
      "visibility": 0.2413380510609337
    }, 
    {
      "bounding_box": {
        "bottom_right": [
          207, 
          285
        ], 
        "top_left": [
          14, 
          6
        ]
      }, 
      "class": "035_power_drill", 
      "cuboid": [
        [
          -14.426910574233315, 
          -8.157298421895899, 
          37.46571475690135
        ], 
        [
          -32.522582055430284, 
          -6.4463077866693625, 
          34.38209129064431
        ], 
        [
          -35.70218410389538, 
          -21.821422033398445, 
          44.50992093189838
        ], 
        [
          -17.606512622698407, 
          -23.532412668624985, 
          47.59354439815541
        ], 
        [
          -14.92639153387062, 
          -4.951538423680228, 
          42.175587405779
        ], 
        [
          -33.02206301506759, 
          -3.240547788453692, 
          39.09196393952197
        ], 
        [
          -36.20166506353268, 
          -18.61566203518278, 
          49.21979358077603
        ], 
        [
          -18.10599358233571, 
          -20.326652670409313, 
          52.303417047033065
        ]
      ], 
      "cuboid_centroid": [
        -25.314287818882995, 
        -13.386480228539337, 
        43.34275416883869
      ], 
      "location": [
        -25.314287818882995, 
        -13.386480228539337, 
        43.34275416883869
      ], 
      "pose_transform_permuted": [
        [
          0.08733405859391521, 
          -0.5605259342127809, 
          -0.8235194674600722, 
          0.0
        ], 
        [
          0.981534677898588, 
          -0.09280653905436026, 
          0.16726007481170943, 
          0.0
        ], 
        [
          0.1701814499514592, 
          0.8229203516021142, 
          -0.5420705820849543, 
          0.0
        ], 
        [
          -25.314287818882995, 
          -13.386480228539337, 
          43.34275416883869, 
          1.0
        ]
      ], 
      "projected_cuboid": [
        [
          274.52045397211714, 
          157.16845449106793
        ], 
        [
          -27.082704007444395, 
          173.2943021189557
        ], 
        [
          50.2471685079651, 
          11.821420556043817
        ], 
        [
          282.6593961953073, 
          9.589083334017506
        ], 
        [
          291.276630747231, 
          210.67324506470862
        ], 
        [
          27.33293154464795, 
          229.0767459521062
        ], 
        [
          86.06609587412171, 
          71.5770956050608
        ], 
        [
          295.43806830762225, 
          66.02279611732175
        ]
      ], 
      "projected_cuboid_centroid": [
        167.5165869722468, 
        108.56991596422715
      ], 
      "quaternion_xyzw": [
        0.9523621287305546, 
        -0.06903571159333259, 
        0.0668322809478429, 
        0.2894373062081528
      ], 
      "visibility": 0.8826794774685954
    }, 
    {
      "bounding_box": {
        "bottom_right": [
          80, 
          99
        ], 
        "top_left": [
          0, 
          0
        ]
      }, 
      "class": "061_foam_brick", 
      "cuboid": [
        [
          -42.7823760084219, 
          -23.946227553548844, 
          45.49797207444805
        ], 
        [
          -35.2070067437054, 
          -24.421846550190008, 
          47.23899540363868
        ], 
        [
          -34.24058849815769, 
          -20.488129090979672, 
          44.10863854294257
        ], 
        [
          -41.8159577628742, 
          -20.01251009433851, 
          42.36761521375193
        ], 
        [
          -43.489025214096, 
          -20.59795753858501, 
          49.48736692180464
        ], 
        [
          -35.9136559493795, 
          -21.073576535226174, 
          51.22839025099527
        ], 
        [
          -34.947237703831796, 
          -17.13985907601584, 
          48.09803339029916
        ], 
        [
          -42.522606968548295, 
          -16.664240079374675, 
          46.357010061108525
        ]
      ], 
      "cuboid_centroid": [
        -38.86480685612685, 
        -20.54304331478234, 
        46.798002732373604
      ], 
      "location": [
        -38.86480685612685, 
        -20.54304331478234, 
        46.798002732373604
      ], 
      "pose_transform_permuted": [
        [
          0.1344461948311486, 
          -0.6370376689940391, 
          -0.7590172784450075, 
          0.0
        ], 
        [
          -0.9727726185367365, 
          0.0610754566042605, 
          -0.2235692761221062, 
          0.0
        ], 
        [
          -0.18877937737106304, 
          -0.7684092639233486, 
          0.6114814386358521, 
          0.0
        ], 
        [
          -38.86480685612685, 
          -20.54304331478234, 
          46.798002732373604, 
          1.0
        ]
      ], 
      "projected_cuboid": [
        [
          -24.069917055228874, 
          -7.407117473866375
        ], 
        [
          80.80401156848671, 
          -2.4316247594630735
        ], 
        [
          64.1424150417998, 
          25.563624110039523
        ], 
        [
          -49.16486647249693, 
          21.37093008437767
        ], 
        [
          9.015188394378342, 
          51.304751275889885
        ], 
        [
          104.59767825576137, 
          53.89742583821908
        ], 
        [
          90.86660393866558, 
          83.23671985567846
        ], 
        [
          -11.685995150965349, 
          81.57086086419827
        ]
      ], 
      "projected_cuboid_centroid": [
        34.99478978860491, 
        39.17382679670295
      ], 
      "quaternion_xyzw": [
        0.0667746134113158, 
        0.9354409603103092, 
        -0.333671273924045, 
        0.09568093715783309
      ], 
      "visibility": 0.6973298963672241
    }
  ]
}