{
  "camera_data": {
    "location_worldframe": [
      -27.50070749630175, 
      -11.62059596136653, 
      81.7622510464746
    ], 
    "quaternion_xyzw_worldframe": [
      0.9417051162182456, 
      0.0160063941018677, 
      0.005820557983824599, 
      -0.33600840700789336
    ]
  }, 
  "objects": [
    {
      "bounding_box": {
        "bottom_right": [
          323, 
          248
        ], 
        "top_left": [
          181, 
          39
        ]
      }, 
      "class": "003_cracker_box", 
      "cuboid": [
        [
          -33.33441651801188, 
          0.8910056488835811, 
          59.69008615545997
        ], 
        [
          -49.7277206706745, 
          1.2305908939660999, 
          59.218518019584955
        ], 
        [
          -50.47784819554539, 
          -13.312182885227413, 
          74.82295926719225
        ], 
        [
          -34.08454404288277, 
          -13.651768130309932, 
          75.29452740306726
        ], 
        [
          -33.366385265954754, 
          6.144283634797743, 
          64.58441409061177
        ], 
        [
          -49.759689418617384, 
          6.483868879880261, 
          64.11284595473676
        ], 
        [
          -50.509816943488275, 
          -8.058904899313251, 
          79.71728720234404
        ], 
        [
          -34.116512790825645, 
          -8.39849014439577, 
          80.18885533821907
        ]
      ], 
      "cuboid_centroid": [
        -41.922116730750076, 
        -3.5839496252148355, 
        69.70368667890202
      ], 
      "location": [
        -41.922116730750076, 
        -3.5839496252148355, 
        69.70368667890202
      ], 
      "pose_transform_permuted": [
        [
          0.004452471964790261, 
          -0.7316543330795197, 
          -0.6816612886026062, 
          0.0
        ], 
        [
          0.9993723000041724, 
          -0.020701872195208137, 
          0.028747842910091914, 
          0.0
        ], 
        [
          0.03514514870893004, 
          0.6813614087792, 
          -0.7311028991521304, 
          0.0
        ], 
        [
          -41.922116730750076, 
          -3.5839496252148355, 
          69.70368667890202, 
          1.0
        ]
      ], 
      "projected_cuboid": [
        [
          181.27835767829887, 
          281.2475042301372
        ], 
        [
          30.01908707392881, 
          284.3691899047265
        ], 
        [
          118.80507686614406, 
          178.4005845657899
        ], 
        [
          238.1605009646378, 
          176.58953303404223
        ], 
        [
          203.77088373004406, 
          324.0242714289848
        ], 
        [
          64.22407450480452, 
          327.2222851294469
        ], 
        [
          140.86342081713585, 
          219.3713590716434
        ], 
        [
          252.80426596938005, 
          217.42990747855129
        ]
      ], 
      "projected_cuboid_centroid": [
        158.16789335044072, 
        245.86488195008366
      ], 
      "quaternion_xyzw": [
        0.916841725352034, 
        -0.01522809754396129, 
        0.009052902468562513, 
        0.39885761952806087
      ], 
      "visibility": 0.6089767100678526
    }, 
    {
      "bounding_box": {
        "bottom_right": [
          353, 
          295
        ], 
        "top_left": [
          246, 
          205
        ]
      }, 
      "class": "006_mustard_bottle", 
      "cuboid": [
        [
          -28.297358733481037, 
          8.93743976174889, 
          68.74091779714445
        ], 
        [
          -37.55139471946893, 
          6.9915676174337085, 
          67.07284484363646
        ], 
        [
          -37.59377880832678, 
          -5.342306324287742, 
          81.69592566688048
        ], 
        [
          -28.33974282233888, 
          -3.39643417997256, 
          83.36399862038847
        ], 
        [
          -29.852033653131073, 
          13.230711305452141, 
          72.35758224541928
        ], 
        [
          -39.10606963911897, 
          11.284839161136958, 
          70.6895092919113
        ], 
        [
          -39.148453727976815, 
          -1.0490347805844908, 
          85.31259011515533
        ], 
        [
          -29.89441774198892, 
          0.896837363730691, 
          86.9806630686633
        ]
      ], 
      "cuboid_centroid": [
        -33.722906230728924, 
        3.9442024905821995, 
        77.02675395614989
      ], 
      "location": [
        -33.722906230728924, 
        3.9442024905821995, 
        77.02675395614989
      ], 
      "pose_transform_permuted": [
        [
          0.26690155702844387, 
          -0.7370549593854959, 
          -0.620897243721705, 
          0.0
        ], 
        [
          0.9637211690439249, 
          0.20264435761530533, 
          0.17371417392793365, 
          0.0
        ], 
        [
          0.0022155706610741746, 
          0.6447365032268476, 
          -0.7644016827908368, 
          0.0
        ], 
        [
          -33.722906230728924, 
          3.9442024905821995, 
          77.02675395614989, 
          1.0
        ]
      ], 
      "projected_cuboid": [
        [
          260.2252600805948, 
          342.6267766791377
        ], 
        [
          180.5245717776049, 
          328.8789306425076
        ], 
        [
          234.1357499175048, 
          238.41140120093903
        ], 
        [
          298.7832140019919, 
          251.5579154212384
        ], 
        [
          259.73573737160575, 
          370.80496272023584
        ], 
        [
          184.10119819281624, 
          358.4254189534049
        ], 
        [
          234.82657789639427, 
          266.72864551611246
        ], 
        [
          296.7727457593623, 
          278.78547202174707
        ]
      ], 
      "projected_cuboid_centroid": [
        246.15983961721045, 
        300.5954964949589
      ], 
      "quaternion_xyzw": [
        0.8985202997139905, 
        0.055766349134802516, 
        0.1225948181406226, 
        0.41775813041014875
      ], 
      "visibility": 0.8807439824945296
    }, 
    {
      "bounding_box": {
        "bottom_right": [
          222, 
          224
        ], 
        "top_left": [
          161, 
          105
        ]
      }, 
      "class": "008_pudding_box", 
      "cuboid": [
        [
          -34.99112518393249, 
          -9.049537099344603, 
          66.33649694681326
        ], 
        [
          -46.32936086152007, 
          -9.2091744510321, 
          65.5675377683749
        ], 
        [
          -46.690387642785645, 
          -15.302838126111407, 
          72.15599990912054
        ], 
        [
          -35.35215196519806, 
          -15.14320077442391, 
          72.92495908755888
        ], 
        [
          -35.20735243668946, 
          -6.22380687154505, 
          68.93816195293098
        ], 
        [
          -46.545588114277045, 
          -6.383444223232548, 
          68.16920277449266
        ], 
        [
          -46.90661489554262, 
          -12.477107898311855, 
          74.75766491523828
        ], 
        [
          -35.568379217955034, 
          -12.317470546624358, 
          75.52662409367662
        ]
      ], 
      "cuboid_centroid": [
        -40.94887003973755, 
        -10.763322498828229, 
        70.54708093102576
      ], 
      "location": [
        -40.94887003973755, 
        -10.763322498828229, 
        70.54708093102576
      ], 
      "pose_transform_permuted": [
        [
          0.05620525893881247, 
          -0.7345091662576247, 
          -0.6762665366018565, 
          0.0
        ], 
        [
          0.9976098829788494, 
          0.014045906635264279, 
          0.06765790532417358, 
          0.0
        ], 
        [
          0.040195818557169395, 
          0.6784532675755254, 
          -0.7335428907845547, 
          0.0
        ], 
        [
          -40.94887003973755, 
          -10.763322498828229, 
          70.54708093102576, 
          1.0
        ]
      ], 
      "projected_cuboid": [
        [
          197.93771213285623, 
          200.53178643668812
        ], 
        [
          101.61843807786435, 
          198.38006373003034
        ], 
        [
          133.6230893239307, 
          160.1801676029181
        ], 
        [
          220.90284975955515, 
          162.54029107307701
        ], 
        [
          206.95604637446766, 
          225.137907492325
        ], 
        [
          114.41450779431715, 
          223.3458657457246
        ], 
        [
          144.17762565050188, 
          184.2751169979971
        ], 
        [
          228.34340199280217, 
          186.30862341847586
        ]
      ], 
      "projected_cuboid_centroid": [
        169.45334057543164, 
        191.91831419590417
      ], 
      "quaternion_xyzw": [
        0.9154684165983323, 
        -0.0071411289149308135, 
        0.03382507851096402, 
        0.4009018854241634
      ], 
      "visibility": 0.24899328859060402
    }, 
    {
      "bounding_box": {
        "bottom_right": [
          397, 
          223
        ], 
        "top_left": [
          226, 
          40
        ]
      }, 
      "class": "019_pitcher_base", 
      "cuboid": [
        [
          -56.98778176035447, 
          16.36594045720738, 
          70.0688563026188
        ], 
        [
          -38.342420645019374, 
          18.118200191074074, 
          72.31555802020132
        ], 
        [
          -39.02827552882401, 
          2.1037968551454886, 
          90.49750259656292
        ], 
        [
          -57.67363664415911, 
          0.35153712127879294, 
          88.25080087898041
        ], 
        [
          -55.0126998376625, 
          6.4510971000489095, 
          61.410504040553015
        ], 
        [
          -36.3673387223274, 
          8.203356833915604, 
          63.657205758135525
        ], 
        [
          -37.053193606132034, 
          -7.811046502012982, 
          81.83915033449715
        ], 
        [
          -55.69855472146713, 
          -9.563306235879676, 
          79.59244861691462
        ]
      ], 
      "cuboid_centroid": [
        -47.02048768324325, 
        4.277446977597199, 
        75.95400331855797
      ], 
      "location": [
        -47.02048768324325, 
        4.277446977597199, 
        75.95400331855797
      ], 
      "pose_transform_permuted": [
        [
          -0.14838413602928416, 
          0.7448832620636008, 
          0.6504854837072981, 
          0.0
        ], 
        [
          -0.9885250541572451, 
          -0.09289992495203032, 
          -0.1191138601880878, 
          0.0
        ], 
        [
          0.028295859896802722, 
          0.6606956133498997, 
          -0.750120424207273, 
          0.0
        ], 
        [
          -47.02048768324325, 
          4.277446977597199, 
          75.95400331855797, 
          1.0
        ]
      ], 
      "projected_cuboid": [
        [
          44.22759991919423, 
          397.8536709905037
        ], 
        [
          196.46929377775018, 
          406.90634592118306
        ], 
        [
          249.67904202640878, 
          285.6846266542775
        ], 
        [
          130.15769114456842, 
          275.41095644701596
        ], 
        [
          -0.14218640914073113, 
          329.311097137027
        ], 
        [
          174.37267939699782, 
          342.014198819877
        ], 
        [
          238.12100433644164, 
          222.3844446977515
        ], 
        [
          105.27143651521897, 
          209.20635720944344
        ]
      ], 
      "projected_cuboid_centroid": [
        148.6860272546069, 
        303.32111337519115
      ], 
      "quaternion_xyzw": [
        -0.07362967852333616, 
        0.4115045434653551, 
        0.9082546657208047, 
        -0.01778247541507448
      ], 
      "visibility": 0.27205359527143597
    }, 
    {
      "bounding_box": {
        "bottom_right": [
          245, 
          262
        ], 
        "top_left": [
          121, 
          59
        ]
      }, 
      "class": "035_power_drill", 
      "cuboid": [
        [
          -25.47579961038925, 
          -5.929191308011659, 
          52.69296924790594
        ], 
        [
          -43.90732960596732, 
          -6.326706935420454, 
          52.79412427230288
        ], 
        [
          -43.55180638037796, 
          -19.420844471191533, 
          66.11681566553183
        ], 
        [
          -25.12027638479989, 
          -19.02332884378274, 
          66.0156606411349
        ], 
        [
          -25.541740091823357, 
          -1.8514196348867265, 
          56.702546382544185
        ], 
        [
          -43.97327008740143, 
          -2.248935262295522, 
          56.80370140694112
        ], 
        [
          -43.617746861812066, 
          -15.3430727980666, 
          70.12639280017008
        ], 
        [
          -25.186216866233995, 
          -14.945557170657805, 
          70.02523777577314
        ]
      ], 
      "cuboid_centroid": [
        -34.546773236100655, 
        -10.63613205303913, 
        61.40968102403801
      ], 
      "location": [
        -34.546773236100655, 
        -10.63613205303913, 
        61.40968102403801
      ], 
      "pose_transform_permuted": [
        [
          0.011529668465158165, 
          -0.7129968487525543, 
          -0.7010730592565425, 
          0.0
        ], 
        [
          0.9997521162000679, 
          0.021561806850537418, 
          -0.005486790826880355, 
          0.0
        ], 
        [
          -0.019028625941232117, 
          0.7008359152294137, 
          -0.7130687752733168, 
          0.0
        ], 
        [
          -34.546773236100655, 
          -10.63613205303913, 
          61.40968102403801, 
          1.0
        ]
      ], 
      "projected_cuboid": [
        [
          221.60093391399957, 
          213.275612765707
        ], 
        [
          34.35445816635667, 
          209.3749426637231
        ], 
        [
          127.36654321362884, 
          116.63173581123475
        ], 
        [
          276.9671278653209, 
          119.603098158793
        ], 
        [
          239.36052682094808, 
          255.87288707956623
        ], 
        [
          65.29950725123726, 
          252.17169533986447
        ], 
        [
          147.11451745688356, 
          156.6006389569874
        ], 
        [
          288.17764481859257, 
          159.4596010984961
        ]
      ], 
      "projected_cuboid_centroid": [
        179.0712902841612, 
        180.91580068905827
      ], 
      "quaternion_xyzw": [
        0.9221796314555564, 
        0.011003938768334677, 
        0.0016382051370891291, 
        0.3866019090486165
      ], 
      "visibility": 0.7330027796559236
    }, 
    {
      "bounding_box": {
        "bottom_right": [
          162, 
          161
        ], 
        "top_left": [
          106, 
          69
        ]
      }, 
      "class": "061_foam_brick", 
      "cuboid": [
        [
          -50.07356224126015, 
          -21.836281355780685, 
          68.80987022917527
        ], 
        [
          -42.309606032106096, 
          -21.340460270684435, 
          69.154457799287
        ], 
        [
          -42.3414513824644, 
          -18.092071700298746, 
          65.19792030812391
        ], 
        [
          -50.10540759161846, 
          -18.587892785394995, 
          64.85333273801218
        ], 
        [
          -50.47977781293847, 
          -17.787768610301402, 
          72.13704168555063
        ], 
        [
          -42.71582160378442, 
          -17.291947525205153, 
          72.48162925566236
        ], 
        [
          -42.74766695414273, 
          -14.043558954819463, 
          68.52509176449927
        ], 
        [
          -50.51162316329678, 
          -14.539380039915711, 
          68.18050419438754
        ]
      ], 
      "cuboid_centroid": [
        -46.41061459770144, 
        -17.939920155300072, 
        68.66748099683727
      ], 
      "location": [
        -46.41061459770144, 
        -17.939920155300072, 
        68.66748099683727
      ], 
      "pose_transform_permuted": [
        [
          0.07728606705389562, 
          -0.7702649758671384, 
          -0.6330234836020994, 
          0.0
        ], 
        [
          -0.9969895523061333, 
          -0.0636696586556238, 
          -0.04424937467458784, 
          0.0
        ], 
        [
          0.006220645606082098, 
          -0.6345376596539192, 
          0.7728669109550302, 
          0.0
        ], 
        [
          -46.41061459770144, 
          -17.939920155300072, 
          68.66748099683727, 
          1.0
        ]
      ], 
      "projected_cuboid": [
        [
          90.26135042161874, 
          104.04168354578434
        ], 
        [
          152.5859762955884, 
          108.70878351078788
        ], 
        [
          132.35726346158103, 
          125.2932263496299
        ], 
        [
          66.12288813927783, 
          120.42951716519644
        ], 
        [
          105.28266110780129, 
          141.7789918008865
        ], 
        [
          164.67494570620858, 
          146.05244651488235
        ], 
        [
          146.12641824194645, 
          163.9878152046217
        ], 
        [
          83.19383432250008, 
          159.55701670439822
        ]
      ], 
      "projected_cuboid_centroid": [
        118.1359632896388, 
        133.95259707585677
      ], 
      "quaternion_xyzw": [
        -0.019340835310598704, 
        0.9034033838161877, 
        -0.4270329053627235, 
        0.03363266175047112
      ], 
      "visibility": 0.8928398645379777
    }
  ]
}