{
  "camera_data": {
    "location_worldframe": [
      -9.292228551672402, 
      -14.272076456590247, 
      66.02150176901385
    ], 
    "quaternion_xyzw_worldframe": [
      -0.8362160194347167, 
      -0.05877442789504857, 
      -0.18612985302346532, 
      0.5124899794599977
    ]
  }, 
  "objects": [
    {
      "bounding_box": {
        "bottom_right": [
          391, 
          397
        ], 
        "top_left": [
          159, 
          193
        ]
      }, 
      "class": "003_cracker_box", 
      "cuboid": [
        [
          -7.359363412095895, 
          6.349561556519183, 
          50.24920050661238
        ], 
        [
          -22.50232671263463, 
          8.616284427232777, 
          44.364411165176506
        ], 
        [
          -28.186689310820135, 
          -10.65372983538551, 
          51.56914012033042
        ], 
        [
          -13.043726010281404, 
          -12.920452706099105, 
          57.453929461766286
        ], 
        [
          -9.350015739646707, 
          9.272970166152197, 
          56.49767095520081
        ], 
        [
          -24.492979040185443, 
          11.53969303686579, 
          50.61288161376494
        ], 
        [
          -30.177341638370947, 
          -7.730321225752497, 
          57.817610568918845
        ], 
        [
          -15.034378337832216, 
          -9.997044096466091, 
          63.702399910354714
        ]
      ], 
      "cuboid_centroid": [
        -18.76835252523342, 
        -0.690379834616657, 
        54.03340553776561
      ], 
      "location": [
        -18.76835252523342, 
        -0.690379834616657, 
        54.03340553776561
      ], 
      "pose_transform_permuted": [
        [
          0.27724963442115114, 
          -0.4071599832209827, 
          -0.8702605289663707, 
          0.0
        ], 
        [
          0.9231487393638194, 
          -0.13818447017645133, 
          0.3587498532585688, 
          0.0
        ], 
        [
          0.26632507434398517, 
          0.9028431758979755, 
          -0.33755763139074246, 
          0.0
        ], 
        [
          -18.76835252523342, 
          -0.690379834616657, 
          54.03340553776561, 
          1.0
        ]
      ], 
      "projected_cuboid": [
        [
          402.8375904035915, 
          340.677570843674
        ], 
        [
          208.83470607682492, 
          376.8658056540513
        ], 
        [
          187.66571290851758, 
          163.10741260203412
        ], 
        [
          359.5088747471313, 
          153.35165248009068
        ], 
        [
          392.60044418522745, 
          360.82035132556763
        ], 
        [
          221.3581260221324, 
          394.88293961114334
        ], 
        [
          200.91635041828857, 
          201.98072555974997
        ], 
        [
          354.67959485118314, 
          189.59079970511007
        ]
      ], 
      "projected_cuboid_centroid": [
        294.8062392156332, 
        266.47236289913036
      ], 
      "quaternion_xyzw": [
        0.9612820143210011, 
        -0.10520053909626113, 
        0.16540398088300767, 
        0.19367823477321439
      ], 
      "visibility": 0.5372261221016805
    }, 
    {
      "bounding_box": {
        "bottom_right": [
          368, 
          408
        ], 
        "top_left": [
          218, 
          317
        ]
      }, 
      "class": "006_mustard_bottle", 
      "cuboid": [
        [
          -6.217446804154781, 
          9.676424449051943, 
          62.88496929314993
        ], 
        [
          -14.178400504327527, 
          9.539968758151982, 
          57.51741269462835
        ], 
        [
          -18.94128473438861, 
          -7.4041266507959165, 
          65.01229762822787
        ], 
        [
          -10.980331034215865, 
          -7.267670959895957, 
          70.37985422674944
        ], 
        [
          -9.133818575470062, 
          12.379084966342798, 
          67.14171196859186
        ], 
        [
          -17.094772275642807, 
          12.24262927544284, 
          61.77415537007028
        ], 
        [
          -21.857656505703893, 
          -4.701466133505061, 
          69.26904030366981
        ], 
        [
          -13.896702805531147, 
          -4.565010442605101, 
          74.63659690219139
        ]
      ], 
      "cuboid_centroid": [
        -14.037551654929336, 
        2.487479157773441, 
        66.07700479840986
      ], 
      "location": [
        -14.037551654929336, 
        2.487479157773441, 
        66.07700479840986
      ], 
      "pose_transform_permuted": [
        [
          0.5006732641014533, 
          -0.4639840078893184, 
          -0.7307838015426548, 
          0.0
        ], 
        [
          0.8290587607668581, 
          0.014210582080718775, 
          0.5589807439553014, 
          0.0
        ], 
        [
          0.24897330216553887, 
          0.8857295668762455, 
          -0.39178492718582947, 
          0.0
        ], 
        [
          -14.037551654929336, 
          2.487479157773441, 
          66.07700479840986, 
          1.0
        ]
      ], 
      "projected_cuboid": [
        [
          428.42825608904064, 
          355.3510871378202
        ], 
        [
          349.0348889856758, 
          361.7441358322949
        ], 
        [
          324.9199210375394, 
          212.54778726491978
        ], 
        [
          397.69767774055447, 
          218.21408451386915
        ], 
        [
          408.44077280101334, 
          371.61600025934797
        ], 
        [
          332.7815431326897, 
          378.98177416853275
        ], 
        [
          311.90710182028874, 
          237.08877996974624
        ], 
        [
          381.46995927702415, 
          240.66702466663952
        ]
      ], 
      "projected_cuboid_centroid": [
        367.353237965137, 
        293.363436921058
      ], 
      "quaternion_xyzw": [
        0.9281126183262673, 
        -0.0632365931270778, 
        0.28543249685789895, 
        0.2305132260291908
      ], 
      "visibility": 0.023119539740038355
    }, 
    {
      "bounding_box": {
        "bottom_right": [
          245, 
          363
        ], 
        "top_left": [
          145, 
          229
        ]
      }, 
      "class": "008_pudding_box", 
      "cuboid": [
        [
          -10.876618634572194, 
          -5.144816977038168, 
          51.36362218504996
        ], 
        [
          -21.175938758810293, 
          -3.767252347196698, 
          46.759418534932806
        ], 
        [
          -23.61921097450972, 
          -11.855959869088231, 
          49.80476616814268
        ], 
        [
          -13.319890850271621, 
          -13.2335244989297, 
          54.40896981825982
        ], 
        [
          -12.122049538491968, 
          -3.5388152743651125, 
          54.63009225896237
        ], 
        [
          -22.42136966273007, 
          -2.161250644523642, 
          50.02588860884523
        ], 
        [
          -24.864641878429495, 
          -10.249958166415174, 
          53.071236242055086
        ], 
        [
          -14.565321754191396, 
          -11.627522796256645, 
          57.67543989217224
        ]
      ], 
      "cuboid_centroid": [
        -17.870630256500846, 
        -7.697387571726671, 
        52.21742921355252
      ], 
      "location": [
        -17.870630256500846, 
        -7.697387571726671, 
        52.21742921355252
      ], 
      "pose_transform_permuted": [
        [
          0.3237323952123869, 
          -0.4174577459778622, 
          -0.8490733428800206, 
          0.0
        ], 
        [
          0.906199503703473, 
          -0.12120687276667656, 
          0.4051070373923862, 
          0.0
        ], 
        [
          0.27202781556469746, 
          0.9005764579907863, 
          -0.3390613861910814, 
          0.0
        ], 
        [
          -17.870630256500846, 
          -7.697387571726671, 
          52.21742921355252, 
          1.0
        ]
      ], 
      "projected_cuboid": [
        [
          367.7216473866339, 
          219.86679208032837
        ], 
        [
          238.05986814581175, 
          230.3187356763986
        ], 
        [
          226.5700351661271, 
          146.3305042129154
        ], 
        [
          349.94675400740914, 
          143.57083497825624
        ], 
        [
          362.27085539047647, 
          238.7392873910895
        ], 
        [
          240.57374756870828, 
          250.2457220175602
        ], 
        [
          229.64684775107466, 
          170.28340852913115
        ], 
        [
          345.7904595293361, 
          165.76788493594356
        ]
      ], 
      "projected_cuboid_centroid": [
        297.5554172514349, 
        194.6697314268421
      ], 
      "quaternion_xyzw": [
        0.9560137688043882, 
        -0.10283185796140835, 
        0.19059334090874963, 
        0.19783165181686221
      ], 
      "visibility": 0.8991741225051617
    }, 
    {
      "bounding_box": {
        "bottom_right": [
          427, 
          348
        ], 
        "top_left": [
          202, 
          155
        ]
      }, 
      "class": "019_pitcher_base", 
      "cuboid": [
        [
          -33.765453092460625, 
          19.070869423792143, 
          57.1457494564097
        ], 
        [
          -17.23968107866365, 
          17.790389489834915, 
          66.14723846605177
        ], 
        [
          -23.725052604526788, 
          -3.830698445684577, 
          74.97804433875574
        ], 
        [
          -40.25082461832376, 
          -2.5502185117273464, 
          65.97655532911367
        ], 
        [
          -28.428399465548303, 
          13.122429679188109, 
          46.50131173144597
        ], 
        [
          -11.90262745175133, 
          11.841949745230878, 
          55.502800741088045
        ], 
        [
          -18.387998977614465, 
          -9.779138190288613, 
          64.333606613792
        ], 
        [
          -34.91377099141144, 
          -8.498658256331385, 
          55.332117604149936
        ]
      ], 
      "cuboid_centroid": [
        -26.076726035037545, 
        4.645865616751765, 
        60.73967803510085
      ], 
      "location": [
        -26.076726035037545, 
        4.645865616751765, 
        60.73967803510085
      ], 
      "pose_transform_permuted": [
        [
          -0.4009626549019095, 
          0.4468949272860013, 
          0.7996962947154611, 
          0.0
        ], 
        [
          -0.8761503504211076, 
          0.06788747550838671, 
          -0.47723384683785225, 
          0.0
        ], 
        [
          0.26756267019133784, 
          0.8920068800066763, 
          -0.3643266989129901, 
          0.0
        ], 
        [
          -26.076726035037545, 
          4.645865616751765, 
          60.73967803510085, 
          1.0
        ]
      ], 
      "projected_cuboid": [
        [
          163.85085189707823, 
          451.26772168375794
        ], 
        [
          341.4418581242321, 
          416.7235631270959
        ], 
        [
          311.4341937661394, 
          246.0387414254661
        ], 
        [
          153.51923811983352, 
          252.67192015415992
        ], 
        [
          152.8370890482505, 
          423.78656617665376
        ], 
        [
          366.27307327602466, 
          387.0743760316485
        ], 
        [
          327.89195710208634, 
          192.21839680404236
        ], 
        [
          142.27570243102133, 
          191.37207175394494
        ]
      ], 
      "projected_cuboid_centroid": [
        250.72450905288318, 
        314.0791663645385
      ], 
      "quaternion_xyzw": [
        -0.23246533412277084, 
        0.2147365720637415, 
        0.94443812994066, 
        0.08879622048953094
      ], 
      "visibility": 0.24997317884347173
    }, 
    {
      "bounding_box": {
        "bottom_right": [
          325, 
          499
        ], 
        "top_left": [
          114, 
          275
        ]
      }, 
      "class": "035_power_drill", 
      "cuboid": [
        [
          2.7493349132872864, 
          1.957022582170094, 
          44.269877431804915
        ], 
        [
          -14.47032912790282, 
          3.5477692703278456, 
          37.87908371947553
        ], 
        [
          -18.366657481518317, 
          -13.633125863922796, 
          44.10101334584821
        ], 
        [
          -1.1469934403282132, 
          -15.223872552080547, 
          50.4918070581776
        ], 
        [
          1.0905872119632523, 
          4.14938295605697, 
          49.28499366357946
        ], 
        [
          -16.12907682922685, 
          5.740129644214721, 
          42.89419995125009
        ], 
        [
          -20.025405182842356, 
          -11.440765490035918, 
          49.11612957762276
        ], 
        [
          -2.8057411416522475, 
          -13.031512178193672, 
          55.506923289952134
        ]
      ], 
      "cuboid_centroid": [
        -8.638035134777533, 
        -4.741871453932912, 
        46.693003504713836
      ], 
      "location": [
        -8.638035134777533, 
        -4.741871453932912, 
        46.693003504713836
      ], 
      "pose_transform_permuted": [
        [
          0.2900314139004382, 
          -0.38333338970728176, 
          -0.876891193528453, 
          0.0
        ], 
        [
          0.9340188019965887, 
          -0.0862843382077073, 
          0.3466456414433435, 
          0.0
        ], 
        [
          0.20854270396050414, 
          0.9195709402760651, 
          -0.33301557527401665, 
          0.0
        ], 
        [
          -8.638035134777533, 
          -4.741871453932912, 
          46.693003504713836, 
          1.0
        ]
      ], 
      "projected_cuboid": [
        [
          514.9943467886745, 
          296.8628053742524
        ], 
        [
          276.1638440330633, 
          323.23745132588414
        ], 
        [
          257.63560490729014, 
          108.41928320776339
        ], 
        [
          469.38099214910426, 
          112.48442300917546
        ], 
        [
          493.49680810415856, 
          318.18757223229443
        ], 
        [
          279.3870460818427, 
          344.65571033294594
        ], 
        [
          262.34236718553785, 
          149.05882837207204
        ], 
        [
          454.41439459026054, 
          148.07764094602652
        ]
      ], 
      "projected_cuboid_centroid": [
        382.11268961515606, 
        219.1256848033495
      ], 
      "quaternion_xyzw": [
        0.965722648564419, 
        -0.07632290767087274, 
        0.1648188163263605, 
        0.18544376225569947
      ], 
      "visibility": 0.9186950642325896
    }, 
    {
      "bounding_box": {
        "bottom_right": [
          164, 
          273
        ], 
        "top_left": [
          77, 
          167
        ]
      }, 
      "class": "061_foam_brick", 
      "cuboid": [
        [
          -25.316558324267223, 
          -16.18082708769448, 
          43.19091519805418
        ], 
        [
          -18.214671820931816, 
          -16.699791247778812, 
          46.34329199245131
        ], 
        [
          -16.962809834066444, 
          -12.191871837949602, 
          44.26513523468315
        ], 
        [
          -24.06469633740186, 
          -11.672907677865272, 
          41.112758440286015
        ], 
        [
          -27.047924265412053, 
          -13.714707834536139, 
          47.49744097275313
        ], 
        [
          -19.946037762076642, 
          -14.233671994620467, 
          50.649817767150275
        ], 
        [
          -18.69417577521127, 
          -9.725752584791257, 
          48.57166100938211
        ], 
        [
          -25.79606227854668, 
          -9.206788424706929, 
          45.41928421498497
        ]
      ], 
      "cuboid_centroid": [
        -22.00536704973925, 
        -12.95328983624287, 
        45.88128810371814
      ], 
      "location": [
        -22.00536704973925, 
        -12.95328983624287, 
        45.88128810371814
      ], 
      "pose_transform_permuted": [
        [
          0.329407520419014, 
          -0.46920076740294836, 
          -0.8193542123891724, 
          0.0
        ], 
        [
          -0.911971481387428, 
          0.06664152033925219, 
          -0.4048047985176222, 
          0.0
        ], 
        [
          -0.24453773252284927, 
          -0.8805734197869914, 
          0.4059455009446787, 
          0.0
        ], 
        [
          -22.00536704973925, 
          -12.95328983624287, 
          45.88128810371814, 
          1.0
        ]
      ], 
      "projected_cuboid": [
        [
          166.38415777909356, 
          73.48637356717508
        ], 
        [
          270.2354096089442, 
          81.10498754774468
        ], 
        [
          275.5209163533926, 
          126.39522109697562
        ], 
        [
          166.8254925550196, 
          121.86419383986187
        ], 
        [
          175.36161453361998, 
          119.29250975947897
        ], 
        [
          269.824117498236, 
          123.41243478003915
        ], 
        [
          274.62339626497453, 
          166.49722489731715
        ], 
        [
          176.17186623819867, 
          165.17914153352658
        ]
      ], 
      "projected_cuboid_centroid": [
        223.67722666335433, 
        122.71877012488628
      ], 
      "quaternion_xyzw": [
        0.08186774580802973, 
        0.9502498505082217, 
        -0.23024109603373596, 
        0.1931629661777788
      ], 
      "visibility": 0.9506975644360369
    }
  ]
}