{
  "camera_data": {
    "location_worldframe": [
      -19.908748977576714, 
      -19.46148422875123, 
      61.43740407994039
    ], 
    "quaternion_xyzw_worldframe": [
      0.885707999039577, 
      -0.002151773603297104, 
      0.1265245953592355, 
      -0.44666491638817557
    ]
  }, 
  "objects": [
    {
      "bounding_box": {
        "bottom_right": [
          329, 
          253
        ], 
        "top_left": [
          91, 
          8
        ]
      }, 
      "class": "003_cracker_box", 
      "cuboid": [
        [
          -19.599941512646613, 
          -1.4461780499281485, 
          42.646266084629616
        ], 
        [
          -35.38705594003454, 
          1.2383350895373304, 
          39.09119605047371
        ], 
        [
          -40.81782013786213, 
          -16.313142702662006, 
          49.95425154531139
        ], 
        [
          -25.030705710474198, 
          -18.997655842127486, 
          53.5093215794673
        ], 
        [
          -20.281506890169954, 
          2.466740744113352, 
          48.627648256196736
        ], 
        [
          -36.068621317557884, 
          5.151253883578831, 
          45.07257822204083
        ], 
        [
          -41.49938551538547, 
          -12.400223908620505, 
          55.9356337168785
        ], 
        [
          -25.712271087997536, 
          -15.084737048085984, 
          59.4907037510344
        ]
      ], 
      "cuboid_centroid": [
        -30.54966351401604, 
        -6.923200979274327, 
        49.29094990075406
      ], 
      "location": [
        -30.54966351401604, 
        -6.923200979274327, 
        49.29094990075406
      ], 
      "pose_transform_permuted": [
        [
          0.09492554231453884, 
          -0.5449747754307271, 
          -0.8330616037007821, 
          0.0
        ], 
        [
          0.9624176254403948, 
          -0.16365389463864052, 
          0.21672498012752606, 
          0.0
        ], 
        [
          0.25444342329477193, 
          0.822325906750987, 
          -0.5089583945944934, 
          0.0
        ], 
        [
          -30.54966351401604, 
          -6.923200979274327, 
          49.29094990075406, 
          1.0
        ]
      ], 
      "projected_cuboid": [
        [
          234.4442872797087, 
          255.2011310844193
        ], 
        [
          -5.210378727415235, 
          290.1810927790301
        ], 
        [
          42.187924177468396, 
          99.12481606065745
        ], 
        [
          230.04065846616052, 
          83.93968035205164
        ], 
        [
          257.30769825920646, 
          300.340306621669
        ], 
        [
          51.25987777970243, 
          334.23855542461695
        ], 
        [
          82.62284087343271, 
          155.05631858948433
        ], 
        [
          249.17194490523968, 
          138.05556629215414
        ]
      ], 
      "projected_cuboid_centroid": [
        148.3003923695171, 
        198.37869652350142
      ], 
      "quaternion_xyzw": [
        0.951026437052641, 
        -0.10990686001041998, 
        0.08192477892831031, 
        0.277051491147686
      ], 
      "visibility": 0.5323110963438505
    }, 
    {
      "bounding_box": {
        "bottom_right": [
          326, 
          315
        ], 
        "top_left": [
          175, 
          221
        ]
      }, 
      "class": "006_mustard_bottle", 
      "cuboid": [
        [
          -16.051141008946253, 
          3.4857213932960507, 
          54.270248995673086
        ], 
        [
          -24.829810930418013, 
          3.2725179281803443, 
          50.38494765568473
        ], 
        [
          -29.168804606790843, 
          -12.020021774205167, 
          61.027884229382344
        ], 
        [
          -20.39013468531908, 
          -11.80681830908946, 
          64.9131855693707
        ], 
        [
          -18.007158276097748, 
          6.982950994165904, 
          58.49787693041155
        ], 
        [
          -26.785828197569504, 
          6.769747529050198, 
          54.6125755904232
        ], 
        [
          -31.12482187394233, 
          -8.522792173335315, 
          65.25551216412082
        ], 
        [
          -22.346151952470574, 
          -8.309588708219607, 
          69.14081350410916
        ]
      ], 
      "cuboid_centroid": [
        -23.587981441444295, 
        -2.5185353900196312, 
        59.76288057989695
      ], 
      "location": [
        -23.587981441444295, 
        -2.5185353900196312, 
        59.76288057989695
      ], 
      "pose_transform_permuted": [
        [
          0.33580271192306455, 
          -0.600393055783161, 
          -0.7257854771161009, 
          0.0
        ], 
        [
          0.9142162459905704, 
          0.022203143899228093, 
          0.404617742478098, 
          0.0
        ], 
        [
          0.22681499937865993, 
          0.7993967361561707, 
          -0.5563450496586807, 
          0.0
        ], 
        [
          -23.587981441444295, 
          -2.5185353900196312, 
          59.76288057989695, 
          1.0
        ]
      ], 
      "projected_cuboid": [
        [
          322.5462771971858, 
          307.54109761449706
        ], 
        [
          216.58580067171675, 
          307.92580979936133
        ], 
        [
          224.56810998192154, 
          168.24417770179127
        ], 
        [
          312.6779095166555, 
          176.28301914392836
        ], 
        [
          316.0594070140439, 
          336.949438396493
        ], 
        [
          217.83996852884113, 
          339.3965665112024
        ], 
        [
          225.10058765199713, 
          203.63154917519233
        ], 
        [
          307.7929749947261, 
          209.19029494362448
        ]
      ], 
      "projected_cuboid_centroid": [
        269.3454582460642, 
        250.81131203225524
      ], 
      "quaternion_xyzw": [
        0.9272807637472646, 
        -0.05516448293733824, 
        0.19962143164952145, 
        0.31186296283320636
      ], 
      "visibility": 0.5844844936419358
    }, 
    {
      "bounding_box": {
        "bottom_right": [
          168, 
          213
        ], 
        "top_left": [
          67, 
          58
        ]
      }, 
      "class": "008_pudding_box", 
      "cuboid": [
        [
          -23.526387683013834, 
          -12.344158947527035, 
          46.044964093100404
        ], 
        [
          -34.37971797368626, 
          -10.763322140932594, 
          43.065274985967434
        ], 
        [
          -36.711812134968255, 
          -18.122977603272545, 
          47.65523348255263
        ], 
        [
          -25.858481844295824, 
          -19.703814409866986, 
          50.634922589685594
        ], 
        [
          -24.079383259929195, 
          -10.204853692433792, 
          49.1942076954016
        ], 
        [
          -34.932713550601626, 
          -8.62401688583935, 
          46.21451858826863
        ], 
        [
          -37.26480771188361, 
          -15.9836723481793, 
          50.80447708485383
        ], 
        [
          -26.41147742121118, 
          -17.56450915477374, 
          53.78416619198679
        ]
      ], 
      "cuboid_centroid": [
        -30.39559769744872, 
        -14.163915647853168, 
        48.42472058897712
      ], 
      "location": [
        -30.39559769744872, 
        -14.163915647853168, 
        48.42472058897712
      ], 
      "pose_transform_permuted": [
        [
          0.1437434883727578, 
          -0.5560825671998858, 
          -0.8186019563763183, 
          0.0
        ], 
        [
          0.9549448317264343, 
          -0.13909204804701034, 
          0.26217194508985037, 
          0.0
        ], 
        [
          0.2596495291471725, 
          0.8194056257280424, 
          -0.5110344951887655, 
          0.0
        ], 
        [
          -30.39559769744872, 
          -14.163915647853168, 
          48.42472058897712, 
          1.0
        ]
      ], 
      "projected_cuboid": [
        [
          206.82989282631738, 
          130.3093018349972
        ], 
        [
          52.291200840274726, 
          139.9937520974634
        ], 
        [
          67.32375317856591, 
          70.46854392552638
        ], 
        [
          206.969196074485, 
          65.75328720300031
        ], 
        [
          218.37449686292126, 
          162.65464507100143
        ], 
        [
          75.11103469332302, 
          173.7646294705396
        ], 
        [
          87.15008590162383, 
          105.49806807872085
        ], 
        [
          217.5204231186879, 
          99.118239683537
        ]
      ], 
      "projected_cuboid_centroid": [
        144.04925171499448, 
        117.29403048715773
      ], 
      "quaternion_xyzw": [
        0.9477542421206558, 
        -0.10518063635937283, 
        0.10707296665703878, 
        0.281485699288698
      ], 
      "visibility": 0.6113930383818169
    }, 
    {
      "bounding_box": {
        "bottom_right": [
          397, 
          233
        ], 
        "top_left": [
          159, 
          4
        ]
      }, 
      "class": "019_pitcher_base", 
      "cuboid": [
        [
          -43.58695369714746, 
          14.256584633793622, 
          51.85067710960135
        ], 
        [
          -25.832962493243095, 
          12.860474271600847, 
          58.064713325478564
        ], 
        [
          -31.899864441146004, 
          -6.720360357173545, 
          70.999095247335
        ], 
        [
          -49.65385564505036, 
          -5.324249994980769, 
          64.78505903145779
        ], 
        [
          -40.57019071618274, 
          6.473280278735176, 
          41.48286896488905
        ], 
        [
          -22.816199512278384, 
          5.0771699165424, 
          47.69690518076626
        ], 
        [
          -28.883101460181294, 
          -14.503664712231995, 
          60.6312871026227
        ], 
        [
          -46.63709266408566, 
          -13.10755435003922, 
          54.417250886745485
        ]
      ], 
      "cuboid_centroid": [
        -36.23502757866437, 
        -0.1235400392191846, 
        56.24098210611203
      ], 
      "location": [
        -36.23502757866437, 
        -0.1235400392191846, 
        56.24098210611203
      ], 
      "pose_transform_permuted": [
        [
          -0.2266436462166883, 
          0.5847448042075107, 
          0.778913642211709, 
          0.0
        ], 
        [
          -0.941267107018506, 
          0.07401787838053908, 
          -0.3294508724630141, 
          0.0
        ], 
        [
          0.25029814845555654, 
          0.8078335029777062, 
          -0.5336252133721643, 
          0.0
        ], 
        [
          -36.23502757866437, 
          -0.1235400392191846, 
          56.24098210611203, 
          1.0
        ]
      ], 
      "projected_cuboid": [
        [
          29.539417162040507, 
          419.9252358381126
        ], 
        [
          242.34612119785282, 
          391.4089291050613
        ], 
        [
          239.97991594739256, 
          222.80561604909258
        ], 
        [
          69.43325676359927, 
          229.45657424483792
        ], 
        [
          -44.33542565056719, 
          356.509497871868
        ], 
        [
          224.35331135845522, 
          330.05655551857666
        ], 
        [
          225.42086979983185, 
          145.71068088822474
        ], 
        [
          20.71839693781589, 
          144.82515287940436
        ]
      ], 
      "projected_cuboid_centroid": [
        135.1256298152333, 
        272.1150377736862
      ], 
      "quaternion_xyzw": [
        -0.1480312659585227, 
        0.2977078966817325, 
        0.9391504475066711, 
        0.08633228778656148
      ], 
      "visibility": 0.22382785688539214
    }, 
    {
      "bounding_box": {
        "bottom_right": [
          213, 
          320
        ], 
        "top_left": [
          3, 
          29
        ]
      }, 
      "class": "035_power_drill", 
      "cuboid": [
        [
          -10.979825011336498, 
          -7.447089648127308, 
          35.79668887215408
        ], 
        [
          -28.936080905142703, 
          -5.326832223741606, 
          32.19572626177107
        ], 
        [
          -32.6624319551606, 
          -21.10075835285364, 
          41.48951466339647
        ], 
        [
          -14.706176061354393, 
          -23.221015777239344, 
          45.09047727377948
        ], 
        [
          -11.595758881925601, 
          -4.453433849626929, 
          40.630727472642484
        ], 
        [
          -29.552014775731806, 
          -2.333176425241226, 
          37.029764862259476
        ], 
        [
          -33.2783658257497, 
          -18.10710255435326, 
          46.323553263884875
        ], 
        [
          -15.322109931943494, 
          -20.227359978738964, 
          49.92451587426788
        ]
      ], 
      "cuboid_centroid": [
        -22.1290954185431, 
        -12.777096101240284, 
        41.06012106801948
      ], 
      "location": [
        -22.1290954185431, 
        -12.777096101240284, 
        41.06012106801948
      ], 
      "pose_transform_permuted": [
        [
          0.10769580642887043, 
          -0.5234395943863304, 
          -0.8452298375635033, 
          0.0
        ], 
        [
          0.9739725803104534, 
          -0.11500574544962133, 
          0.19532127777517255, 
          0.0
        ], 
        [
          0.19944502961504815, 
          0.8442659110046075, 
          -0.49743029524533605, 
          0.0
        ], 
        [
          -22.1290954185431, 
          -12.777096101240284, 
          41.06012106801948, 
          1.0
        ]
      ], 
      "projected_cuboid": [
        [
          316.65011453306994, 
          162.33552904421097
        ], 
        [
          -1.7212136304563892, 
          185.04799606782228
        ], 
        [
          58.24478881689969, 
          2.050594619891176
        ], 
        [
          306.2063257837934, 
          -1.3661870259668154
        ], 
        [
          328.1225370436745, 
          214.83069354787185
        ], 
        [
          52.4285269787332, 
          239.68306566118287
        ], 
        [
          95.27291102920002, 
          64.8208287187216
        ], 
        [
          316.55431897675317, 
          57.207383209421984
        ]
      ], 
      "projected_cuboid_centroid": [
        191.77251540308703, 
        107.32805102123561
      ], 
      "quaternion_xyzw": [
        0.9570094472990542, 
        -0.08214411465637479, 
        0.07915728655010701, 
        0.26668229151573275
      ], 
      "visibility": 0.8511272008818997
    }, 
    {
      "bounding_box": {
        "bottom_right": [
          75, 
          107
        ], 
        "top_left": [
          0, 
          0
        ]
      }, 
      "class": "061_foam_brick", 
      "cuboid": [
        [
          -39.7998242009374, 
          -23.162761210508386, 
          42.14222806844655
        ], 
        [
          -32.29485816711986, 
          -23.830612259177748, 
          44.11023593621527
        ], 
        [
          -31.170383370770395, 
          -19.772432417008652, 
          41.19922852459327
        ], 
        [
          -38.675349404587934, 
          -19.10458136833929, 
          39.23122065682455
        ], 
        [
          -40.59646500194215, 
          -19.990655095960935, 
          46.25667124745951
        ], 
        [
          -33.09149896812461, 
          -20.658506144630298, 
          48.22467911522823
        ], 
        [
          -31.967024171775144, 
          -16.600326302461202, 
          45.31367170360623
        ], 
        [
          -39.47199020559268, 
          -15.93247525379184, 
          43.34566383583751
        ]
      ], 
      "cuboid_centroid": [
        -35.88342418635627, 
        -19.881543756484792, 
        43.72794988602639
      ], 
      "location": [
        -35.88342418635627, 
        -19.881543756484792, 
        43.72794988602639
      ], 
      "pose_transform_permuted": [
        [
          0.15156788330378768, 
          -0.6035209454381089, 
          -0.7828088177635076, 
          0.0
        ], 
        [
          -0.963731958882822, 
          0.08576046799890413, 
          -0.2527169435484835, 
          0.0
        ], 
        [
          -0.21965401926367722, 
          -0.7927216475826178, 
          0.5686338903681454, 
          0.0
        ], 
        [
          -35.88342418635627, 
          -19.881543756484792, 
          43.72794988602639, 
          1.0
        ]
      ], 
      "projected_cuboid": [
        [
          -26.276253043519592, 
          -19.843529413609833
        ], 
        [
          87.87864264312834, 
          -14.840059553792871
        ], 
        [
          74.73725159119014, 
          17.33452643772419
        ], 
        [
          -48.547314353069275, 
          13.573809153827174
        ], 
        [
          9.636646077944679, 
          42.802857345173464
        ], 
        [
          112.58647602132133, 
          44.822894715560835
        ], 
        [
          102.22557456840643, 
          77.90887884927923
        ], 
        [
          -8.108570788367434, 
          77.25537109429725
        ]
      ], 
      "projected_cuboid_centroid": [
        40.30461394083647, 
        30.805089465238307
      ], 
      "quaternion_xyzw": [
        0.08117144094148472, 
        0.9406463767310418, 
        -0.3115290891460606, 
        0.10744867488281094
      ], 
      "visibility": 0.6140787812774257
    }
  ]
}