{
  "camera_data": {
    "location_worldframe": [
      -25.810361700133615, 
      -16.589884082793795, 
      71.33365501357724
    ], 
    "quaternion_xyzw_worldframe": [
      0.9209115584224168, 
      0.002502007908701996, 
      0.05748729253897708, 
      -0.3855066685899157
    ]
  }, 
  "objects": [
    {
      "bounding_box": {
        "bottom_right": [
          315, 
          229
        ], 
        "top_left": [
          133, 
          0
        ]
      }, 
      "class": "003_cracker_box", 
      "cuboid": [
        [
          -28.953049118332007, 
          -1.4612824888800613, 
          50.38122921474546
        ], 
        [
          -45.19530562120805, 
          -0.03368046946054942, 
          48.58423954975391
        ], 
        [
          -48.12882391208857, 
          -16.073408897788322, 
          62.35649896965153
        ], 
        [
          -31.886567409212528, 
          -17.501010917207832, 
          64.15348863464308
        ], 
        [
          -29.14093842529847, 
          3.234228585803817, 
          55.809789879488136
        ], 
        [
          -45.38319492817451, 
          4.6618306052233285, 
          54.01280021449658
        ], 
        [
          -48.31671321905503, 
          -11.377897823104444, 
          67.7850596343942
        ], 
        [
          -32.074456716178986, 
          -12.805499842523954, 
          69.58204929938576
        ]
      ], 
      "cuboid_centroid": [
        -38.63488116869352, 
        -6.419590155992252, 
        59.08314442456983
      ], 
      "location": [
        -38.63488116869352, 
        -6.419590155992252, 
        59.08314442456983
      ], 
      "pose_transform_permuted": [
        [
          0.026168427779745, 
          -0.65397091740187, 
          -0.7560669630264854, 
          0.0
        ], 
        [
          0.9901640991575527, 
          -0.08702979584540622, 
          0.10954848869162537, 
          0.0
        ], 
        [
          0.137441879087302, 
          0.7514970750626135, 
          -0.6452610913771945, 
          0.0
        ], 
        [
          -38.63488116869352, 
          -6.419590155992252, 
          59.08314442456983, 
          1.0
        ]
      ], 
      "projected_cuboid": [
        [
          172.55522424839208, 
          257.8178687962715
        ], 
        [
          -18.655880490882133, 
          272.91682026844495
        ], 
        [
          66.53287934494377, 
          135.8146805944466
        ], 
        [
          214.3092104072615, 
          127.79746098681726
        ], 
        [
          200.80496855945933, 
          304.19289768975307
        ], 
        [
          29.7514112180524, 
          319.3172111796174
        ], 
        [
          98.28266369099987, 
          183.76746464712485
        ], 
        [
          233.7100222672766, 
          175.1373183611772
        ]
      ], 
      "projected_cuboid_centroid": [
        129.9494185180496, 
        215.33950114939384
      ], 
      "quaternion_xyzw": [
        0.9351107069816188, 
        -0.060012058801375855, 
        0.03628364948077696, 
        0.3473471106359076
      ], 
      "visibility": 0.5781613842921975
    }, 
    {
      "bounding_box": {
        "bottom_right": [
          334, 
          286
        ], 
        "top_left": [
          208, 
          192
        ]
      }, 
      "class": "006_mustard_bottle", 
      "cuboid": [
        [
          -24.32234013612873, 
          5.243004493849114, 
          60.659622889104845
        ], 
        [
          -33.48059399282926, 
          4.076570033111434, 
          58.01919020576695
        ], 
        [
          -35.50281453985806, 
          -9.711992204126977, 
          71.12441477741656
        ], 
        [
          -26.344560683157525, 
          -8.545557743389297, 
          73.76484746075445
        ], 
        [
          -25.961543748995126, 
          9.218142462582621, 
          64.58909435868891
        ], 
        [
          -35.11979760569566, 
          8.051708001844942, 
          61.94866167535101
        ], 
        [
          -37.142018152724454, 
          -5.736854235393469, 
          75.05388624700062
        ], 
        [
          -27.983764296023917, 
          -4.5704197746557895, 
          77.69431893033853
        ]
      ], 
      "cuboid_centroid": [
        -30.732179144426592, 
        -0.24692487077217773, 
        67.85675456805274
      ], 
      "location": [
        -30.732179144426592, 
        -0.24692487077217773, 
        67.85675456805274
      ], 
      "pose_transform_permuted": [
        [
          0.2814131694226952, 
          -0.6824388171751594, 
          -0.6745989404440365, 
          0.0
        ], 
        [
          0.9537463574319857, 
          0.12147322355535799, 
          0.274976332080531, 
          0.0
        ], 
        [
          0.1057088316619243, 
          0.7207783575029847, 
          -0.6850578094321467, 
          0.0
        ], 
        [
          -30.732179144426592, 
          -0.24692487077217773, 
          67.85675456805274, 
          1.0
        ]
      ], 
      "projected_cuboid": [
        [
          265.97292355503356, 
          319.38304893957184
        ], 
        [
          171.27459336054332, 
          310.7588746879009
        ], 
        [
          213.16412309937743, 
          200.4620985779488
        ], 
        [
          289.5386932143769, 
          211.50218607731063
        ], 
        [
          265.44317788884325, 
          349.4018008531377
        ], 
        [
          176.72908720687738, 
          342.6041542015179
        ], 
        [
          215.47306259044493, 
          232.52147087398845
        ], 
        [
          287.9064398643147, 
          241.91366023831398
        ]
      ], 
      "projected_cuboid_centroid": [
        238.0448945441233, 
        271.3458340678295
      ], 
      "quaternion_xyzw": [
        0.9150305535034072, 
        0.00430706707909262, 
        0.1520139134624958, 
        0.37362048222639327
      ], 
      "visibility": 0.8511940477619104
    }, 
    {
      "bounding_box": {
        "bottom_right": [
          187, 
          198
        ], 
        "top_left": [
          113, 
          58
        ]
      }, 
      "class": "008_pudding_box", 
      "cuboid": [
        [
          -31.734673093539715, 
          -11.925824873236273, 
          55.7188471421583
        ], 
        [
          -42.949957281105846, 
          -11.282882983487111, 
          53.99362341718431
        ], 
        [
          -44.23009580711962, 
          -18.00612693315695, 
          59.80999228867566
        ], 
        [
          -33.014811619553484, 
          -18.64906882290611, 
          61.53521601364966
        ], 
        [
          -32.03087058838568, 
          -9.384193237154529, 
          58.591570940177874
        ], 
        [
          -43.246154775951815, 
          -8.741251347405369, 
          56.866347215203874
        ], 
        [
          -44.52629330196559, 
          -15.464495297075203, 
          62.68271608669524
        ], 
        [
          -33.31100911439946, 
          -16.107437186824367, 
          64.40793981166922
        ]
      ], 
      "cuboid_centroid": [
        -38.13048319775265, 
        -13.695160085155738, 
        59.20078161442677
      ], 
      "location": [
        -38.13048319775265, 
        -13.695160085155738, 
        59.20078161442677
      ], 
      "pose_transform_permuted": [
        [
          0.07699240813810035, 
          -0.6606616992614175, 
          -0.746724489483526, 
          0.0
        ], 
        [
          0.9867918311178501, 
          -0.05657010505282877, 
          0.15179612484028387, 
          0.0
        ], 
        [
          0.14252742065093635, 
          0.7485491601735825, 
          -0.6475799579202285, 
          0.0
        ], 
        [
          -38.13048319775265, 
          -13.695160085155738, 
          59.20078161442677, 
          1.0
        ]
      ], 
      "projected_cuboid": [
        [
          175.3135369967292, 
          159.13708449150306
        ], 
        [
          53.825415120954275, 
          161.8403695472749
        ], 
        [
          83.91512465522176, 
          112.72774599616672
        ], 
        [
          193.076464238853, 
          111.65691748971405
        ], 
        [
          187.61195509979166, 
          187.86855130982656
        ], 
        [
          72.63417474778711, 
          191.30693575113708
        ], 
        [
          99.59960823140304, 
          141.71090277154266
        ], 
        [
          203.47200949126145, 
          139.91149584297847
        ]
      ], 
      "projected_cuboid_centroid": [
        135.22998935444045, 
        149.91152723162014
      ], 
      "quaternion_xyzw": [
        0.9330146677270081, 
        -0.05334790882462827, 
        0.0613035734839395, 
        0.3505415569641467
      ], 
      "visibility": 0.3443782994496237
    }, 
    {
      "bounding_box": {
        "bottom_right": [
          390, 
          200
        ], 
        "top_left": [
          189, 
          0
        ]
      }, 
      "class": "019_pitcher_base", 
      "cuboid": [
        [
          -52.57290000277811, 
          14.29477384677879, 
          60.4073874893465
        ], 
        [
          -34.13752986571547, 
          14.611552675241569, 
          64.38285639091096
        ], 
        [
          -37.31821998150047, 
          -3.1661611854926432, 
          80.54920167914887
        ], 
        [
          -55.75359011856311, 
          -3.482940013955418, 
          76.5737327775844
        ], 
        [
          -50.366161235340165, 
          5.249646240466096, 
          50.89486406545102
        ], 
        [
          -31.930791098277524, 
          5.56642506892887, 
          54.87033296701548
        ], 
        [
          -35.11148121406252, 
          -12.21128879180534, 
          71.03667825525338
        ], 
        [
          -53.546851351125156, 
          -12.528067620268112, 
          67.06120935368892
        ]
      ], 
      "cuboid_centroid": [
        -43.84219060842032, 
        1.0417425274867262, 
        65.72203287229993
      ], 
      "location": [
        -43.84219060842032, 
        1.0417425274867262, 
        65.72203287229993
      ], 
      "pose_transform_permuted": [
        [
          -0.16578807273083118, 
          0.6795431772814888, 
          0.7146577331785905, 
          0.0
        ], 
        [
          -0.9773919180444463, 
          -0.01679473015432689, 
          -0.21076827565368492, 
          0.0
        ], 
        [
          0.13122362181361147, 
          0.7334433457676952, 
          -0.666964181667357, 
          0.0
        ], 
        [
          -43.84219060842032, 
          1.0417425274867262, 
          65.72203287229993, 
          1.0
        ]
      ], 
      "projected_cuboid": [
        [
          13.577922601194699, 
          399.49101637961746
        ], 
        [
          196.46005827837885, 
          394.3222859906392
        ], 
        [
          232.4525028330043, 
          252.32325431754887
        ], 
        [
          90.04929490287238, 
          249.02860971968857
        ], 
        [
          -50.58058234877382, 
          328.29678697553555
        ], 
        [
          168.65509143870065, 
          327.39015530956664
        ], 
        [
          215.79506831067252, 
          181.60827249403576
        ], 
        [
          52.20472436420431, 
          173.65421900635596
        ]
      ], 
      "projected_cuboid_centroid": [
        122.86269126752012, 
        281.7400453708124
      ], 
      "quaternion_xyzw": [
        -0.10172751510605185, 
        0.3637618865955392, 
        0.9254043706659716, 
        0.030913213533056712
      ], 
      "visibility": 0.2934656839018862
    }, 
    {
      "bounding_box": {
        "bottom_right": [
          217, 
          247
        ], 
        "top_left": [
          60, 
          9
        ]
      }, 
      "class": "035_power_drill", 
      "cuboid": [
        [
          -20.87727845769855, 
          -7.985427327840227, 
          43.34887490865251
        ], 
        [
          -39.237800287260406, 
          -7.2206029873510325, 
          41.867041292733674
        ], 
        [
          -40.78851487586193, 
          -21.650816341224388, 
          53.63314376361302
        ], 
        [
          -22.427993046300077, 
          -22.41564068171358, 
          55.11497737953186
        ], 
        [
          -21.082901869864763, 
          -4.360337950880446, 
          47.76766714016422
        ], 
        [
          -39.44342369942662, 
          -3.5955136103912517, 
          46.285833524245376
        ], 
        [
          -40.99413828802814, 
          -18.025726964264603, 
          58.05193599512472
        ], 
        [
          -22.633616458466285, 
          -18.790551304753798, 
          59.53376961104356
        ]
      ], 
      "cuboid_centroid": [
        -30.935708372863346, 
        -13.005577146052417, 
        50.70040545188862
      ], 
      "location": [
        -30.935708372863346, 
        -13.005577146052417, 
        50.70040545188862
      ], 
      "pose_transform_permuted": [
        [
          0.03595317655240453, 
          -0.633845518927243, 
          -0.7726241655766164, 
          0.0
        ], 
        [
          0.9959005333819713, 
          -0.041485148173203014, 
          0.0803767399519563, 
          0.0
        ], 
        [
          0.0829987064816755, 
          0.7723465371575541, 
          -0.6297556575478723, 
          0.0
        ], 
        [
          -30.935708372863346, 
          -13.005577146052417, 
          50.70040545188862, 
          1.0
        ]
      ], 
      "projected_cuboid": [
        [
          222.6042078449616, 
          175.0421248818658
        ], 
        [
          -22.395486432441107, 
          181.30752880013145
        ], 
        [
          72.62242950079603, 
          57.9942105857281
        ], 
        [
          262.76421774430656, 
          56.38179242446289
        ], 
        [
          244.24769250689246, 
          224.6039508325731
        ], 
        [
          23.33041619760327, 
          231.8579263744824
        ], 
        [
          101.84793350883386, 
          107.68528754689646
        ], 
        [
          277.14933121719577, 
          104.95570566759604
        ]
      ], 
      "projected_cuboid_centroid": [
        153.47127442667983, 
        136.48035427123244
      ], 
      "quaternion_xyzw": [
        0.9408601431823093, 
        -0.03307714104931466, 
        0.03091052303238541, 
        0.33575690968298066
      ], 
      "visibility": 0.8556598650581432
    }, 
    {
      "bounding_box": {
        "bottom_right": [
          114, 
          116
        ], 
        "top_left": [
          46, 
          0
        ]
      }, 
      "class": "061_foam_brick", 
      "cuboid": [
        [
          -47.64689508373483, 
          -23.919535289054252, 
          55.48715968436015
        ], 
        [
          -39.92990222938748, 
          -23.956989787584142, 
          56.53129262898702
        ], 
        [
          -39.430619464153494, 
          -20.31157549175496, 
          52.97195242585448
        ], 
        [
          -47.14761231850084, 
          -20.27412099322508, 
          51.92781948122762
        ], 
        [
          -48.13114698984169, 
          -20.229458837711572, 
          59.19854383529079
        ], 
        [
          -40.41415413549434, 
          -20.26691333624146, 
          60.24267677991766
        ], 
        [
          -39.91487137026034, 
          -16.62149904041228, 
          56.68333657678512
        ], 
        [
          -47.6318642246077, 
          -16.584044541882395, 
          55.639203632158264
        ]
      ], 
      "cuboid_centroid": [
        -43.78088322699759, 
        -20.270517164733267, 
        56.08524813057264
      ], 
      "location": [
        -43.78088322699759, 
        -20.270517164733267, 
        56.08524813057264
      ], 
      "pose_transform_permuted": [
        [
          0.0921331625267875, 
          -0.7020693344525646, 
          -0.7061233107497203, 
          0.0
        ], 
        [
          -0.9909588673277296, 
          0.004809628328033888, 
          -0.13407979243677937, 
          0.0
        ], 
        [
          -0.09752950131809446, 
          -0.7120923515223849, 
          0.6952787061862057, 
          0.0
        ], 
        [
          -43.78088322699759, 
          -20.270517164733267, 
          56.08524813057264, 
          1.0
        ]
      ], 
      "projected_cuboid": [
        [
          19.818418263098437, 
          43.381877829915915
        ], 
        [
          101.75674251050626, 
          47.274868809052904
        ], 
        [
          81.30281189737394, 
          68.79037579118045
        ], 
        [
          -6.663167614560034, 
          65.06316435841984
        ], 
        [
          44.37011533448574, 
          91.03937688362254
        ], 
        [
          120.8349139792878, 
          93.86652628213461
        ], 
        [
          102.91820339056406, 
          116.89893846347073
        ], 
        [
          21.225586216062602, 
          114.32316063258273
        ]
      ], 
      "projected_cuboid_centroid": [
        61.81139544376808, 
        80.53239807301105
      ], 
      "quaternion_xyzw": [
        0.027713227435676325, 
        0.9231975045459984, 
        -0.37839899744040817, 
        0.06125800650718065
      ], 
      "visibility": 0.9670647825216935
    }
  ]
}