{
  "camera_data": {
    "location_worldframe": [
      -14.019332162751633, 
      -18.38204055106428, 
      61.11923711262012
    ], 
    "quaternion_xyzw_worldframe": [
      0.8578860568489287, 
      0.02644866611795211, 
      0.1598264801860434, 
      -0.48763505976623206
    ]
  }, 
  "objects": [
    {
      "bounding_box": {
        "bottom_right": [
          353, 
          328
        ], 
        "top_left": [
          105, 
          107
        ]
      }, 
      "class": "003_cracker_box", 
      "cuboid": [
        [
          -12.652434621598537, 
          1.2750506807195985, 
          44.105050681592026
        ], 
        [
          -28.1394770229248, 
          3.8462425221349736, 
          39.34914846841336
        ], 
        [
          -33.905863278429784, 
          -14.763557908729558, 
          48.06566523958483
        ], 
        [
          -18.418820877103517, 
          -17.334749750144933, 
          52.821567452763496
        ], 
        [
          -14.00787745812851, 
          4.605847747459603, 
          50.31962734875436
        ], 
        [
          -29.49491985945477, 
          7.177039588874978, 
          45.563725135575694
        ], 
        [
          -35.26130611495976, 
          -11.432760841989552, 
          54.280241906747165
        ], 
        [
          -19.774263713633488, 
          -14.003952683404927, 
          59.03614411992583
        ]
      ], 
      "cuboid_centroid": [
        -23.956870368279144, 
        -5.078855080634977, 
        49.19264629416959
      ], 
      "location": [
        -23.956870368279144, 
        -5.078855080634977, 
        49.19264629416959
      ], 
      "pose_transform_permuted": [
        [
          0.18878034386298964, 
          -0.46389932400746514, 
          -0.8655399464821878, 
          0.0
        ], 
        [
          0.9441245670026637, 
          -0.1567455761436533, 
          0.2899303818874928, 
          0.0
        ], 
        [
          0.27016806575353164, 
          0.871910684385053, 
          -0.4083882646479752, 
          0.0
        ], 
        [
          -23.956870368279144, 
          -5.078855080634977, 
          49.19264629416959, 
          1.0
        ]
      ], 
      "projected_cuboid": [
        [
          327.32847690655865, 
          288.7044886935353
        ], 
        [
          97.02970709375987, 
          325.4166739188565
        ], 
        [
          102.25449318930156, 
          109.47533281533534
        ], 
        [
          294.079363812608, 
          98.264062183252
        ], 
        [
          331.8953948260979, 
          322.102257219581
        ], 
        [
          133.4844737805484, 
          357.293184728433
        ], 
        [
          132.2570333075995, 
          160.9562492325315
        ], 
        [
          301.4720344686471, 
          146.77789960067824
        ]
      ], 
      "projected_cuboid_centroid": [
        219.7054280840677, 
        218.22438787076044
      ], 
      "quaternion_xyzw": [
        0.9593715648628931, 
        -0.11124825290141799, 
        0.12474591265869357, 
        0.22730702592277216
      ], 
      "visibility": 0.5010656390605154
    }, 
    {
      "bounding_box": {
        "bottom_right": [
          338, 
          366
        ], 
        "top_left": [
          181, 
          270
        ]
      }, 
      "class": "006_mustard_bottle", 
      "cuboid": [
        [
          -10.341978405873006, 
          5.219193396135936, 
          56.39890647021929
        ], 
        [
          -18.72164893856801, 
          5.124919485392472, 
          51.71080429519773
        ], 
        [
          -23.461104674410155, 
          -11.1866576975452, 
          60.51027841115779
        ], 
        [
          -15.081434141715153, 
          -11.092383786801737, 
          65.19838058617934
        ], 
        [
          -12.793131252525413, 
          8.26191657807137, 
          60.71899231955569
        ], 
        [
          -21.172801785220415, 
          8.167642667327906, 
          56.03089014453414
        ], 
        [
          -25.912257521062564, 
          -8.143934515609768, 
          64.83036426049419
        ], 
        [
          -17.53258698836756, 
          -8.049660604866302, 
          69.51846643551575
        ]
      ], 
      "cuboid_centroid": [
        -18.127117963467786, 
        -1.4623705597369154, 
        60.61463536535674
      ], 
      "location": [
        -18.127117963467786, 
        -1.4623705597369154, 
        60.61463536535674
      ], 
      "pose_transform_permuted": [
        [
          0.42080598523676954, 
          -0.5223648652207727, 
          -0.7416583525667115, 
          0.0
        ], 
        [
          0.8726641969190109, 
          0.009817744777478904, 
          0.48822192992875224, 
          0.0
        ], 
        [
          0.24774860946071953, 
          0.8526655359649514, 
          -0.4599805542497225, 
          0.0
        ], 
        [
          -18.127117963467786, 
          -1.4623705597369154, 
          60.61463536535674, 
          1.0
        ]
      ], 
      "projected_cuboid": [
        [
          382.9862234722682, 
          322.6402971360848
        ], 
        [
          286.90218297882546, 
          326.142415220015
        ], 
        [
          273.09467506691766, 
          174.6906667181331
        ], 
        [
          357.20360187830414, 
          182.55137793045867
        ], 
        [
          368.2933827271908, 
          345.8543085798397
        ], 
        [
          278.38825112017645, 
          351.02872218721495
        ], 
        [
          266.6564332663925, 
          206.2913913278355
        ], 
        [
          345.9727536493643, 
          211.5325629791437
        ]
      ], 
      "projected_cuboid_centroid": [
        320.7759781417806, 
        260.41982926233294
      ], 
      "quaternion_xyzw": [
        0.9309924926457079, 
        -0.06389172484277646, 
        0.2441018381851376, 
        0.2637898337608641
      ], 
      "visibility": 0.22431020258502155
    }, 
    {
      "bounding_box": {
        "bottom_right": [
          190, 
          288
        ], 
        "top_left": [
          84, 
          139
        ]
      }, 
      "class": "008_pudding_box", 
      "cuboid": [
        [
          -16.482998734350694, 
          -9.989535526646726, 
          46.14704572798445
        ], 
        [
          -27.07242539814123, 
          -8.436515637431864, 
          42.32284087748503
        ], 
        [
          -29.548127571050852, 
          -16.2446147561168, 
          46.007321520079394
        ], 
        [
          -18.95870090726032, 
          -17.797634645331662, 
          49.83152637057881
        ], 
        [
          -17.392669951721672, 
          -8.162319680591818, 
          49.4080190301452
        ], 
        [
          -27.98209661551221, 
          -6.609299791376953, 
          45.583814179645785
        ], 
        [
          -30.45779878842183, 
          -14.417398910061888, 
          49.268294822240144
        ], 
        [
          -19.868372124631293, 
          -15.970418799276754, 
          53.09249967273956
        ]
      ], 
      "cuboid_centroid": [
        -23.470398761386264, 
        -12.203467218354309, 
        47.7076702751123
      ], 
      "location": [
        -23.470398761386264, 
        -12.203467218354309, 
        47.7076702751123
      ], 
      "pose_transform_permuted": [
        [
          0.23645634705901267, 
          -0.4749592775895082, 
          -0.8476445337188698, 
          0.0
        ], 
        [
          0.9317249169338926, 
          -0.1366445392386755, 
          0.33647779618262447, 
          0.0
        ], 
        [
          0.27563848586253015, 
          0.8693342204443912, 
          -0.41022085638068656, 
          0.0
        ], 
        [
          -23.470398761386264, 
          -12.203467218354309, 
          47.7076702751123, 
          1.0
        ]
      ], 
      "projected_cuboid": [
        [
          289.51622220442584, 
          157.83787081109443
        ], 
        [
          137.60843429155238, 
          166.97611765316321
        ], 
        [
          136.2190014983785, 
          84.97800611598163
        ], 
        [
          277.0015466427597, 
          82.80818458135337
        ], 
        [
          292.2927363721926, 
          185.1809021916883
        ], 
        [
          151.48505512718035, 
          195.9593315326992
        ], 
        [
          149.1498368592315, 
          117.22103571738275
        ], 
        [
          280.3540368970785, 
          112.8620495960798
        ]
      ], 
      "projected_cuboid_centroid": [
        217.03718040213857, 
        136.86511952599102
      ], 
      "quaternion_xyzw": [
        0.9550790112730404, 
        -0.10791856491319678, 
        0.1499703523161827, 
        0.2317033783389093
      ], 
      "visibility": 0.9064547609089642
    }, 
    {
      "bounding_box": {
        "bottom_right": [
          405, 
          294
        ], 
        "top_left": [
          164, 
          73
        ]
      }, 
      "class": "019_pitcher_base", 
      "cuboid": [
        [
          -37.90976537597388, 
          15.419614684436755, 
          52.392024629397035
        ], 
        [
          -20.750173323530575, 
          13.941300250051613, 
          60.081664473419806
        ], 
        [
          -27.2649441945109, 
          -6.894878462114547, 
          70.61380750694465
        ], 
        [
          -44.424536246954204, 
          -5.416564027729405, 
          62.92416766292188
        ], 
        [
          -33.69830904037355, 
          8.699367564201262, 
          41.702120725776005
        ], 
        [
          -16.538716987930243, 
          7.22105312981612, 
          49.39176056979878
        ], 
        [
          -23.053487858910565, 
          -13.615125582350041, 
          59.923903603323616
        ], 
        [
          -40.21307991135388, 
          -12.136811147964899, 
          52.234263759300845
        ]
      ], 
      "cuboid_centroid": [
        -30.481626617442224, 
        0.9022445510433574, 
        56.157964116360326
      ], 
      "location": [
        -30.481626617442224, 
        0.9022445510433574, 
        56.157964116360326
      ], 
      "pose_transform_permuted": [
        [
          -0.3163986782540002, 
          0.5048793426655975, 
          0.8031120819600845, 
          0.0
        ], 
        [
          -0.9097537214769518, 
          0.07837610906393784, 
          -0.40768326213915246, 
          0.0
        ], 
        [
          0.2687755794672461, 
          0.8596244009427223, 
          -0.43451763737035176, 
          0.0
        ], 
        [
          -30.481626617442224, 
          0.9022445510433574, 
          56.157964116360326, 
          1.0
        ]
      ], 
      "projected_cuboid": [
        [
          92.48235387248268, 
          430.2490248166786
        ], 
        [
          295.871579056239, 
          397.03757756041756
        ], 
        [
          273.95912330048327, 
          221.21210895324563
        ], 
        [
          101.9350411381774, 
          227.37795028325155
        ], 
        [
          47.04511470193049, 
          384.54090592356016
        ], 
        [
          301.52802935659133, 
          351.25762062401367
        ], 
        [
          274.7124118860769, 
          152.1126380221045
        ], 
        [
          67.59396335251284, 
          149.36789537767123
        ]
      ], 
      "projected_cuboid_centroid": [
        189.70753468039422, 
        281.8549520158874
      ], 
      "quaternion_xyzw": [
        -0.19154560726872255, 
        0.24850414707165586, 
        0.9450516129264791, 
        0.09183405535285585
      ], 
      "visibility": 0.23224551419778178
    }, 
    {
      "bounding_box": {
        "bottom_right": [
          257, 
          425
        ], 
        "top_left": [
          33, 
          152
        ]
      }, 
      "class": "035_power_drill", 
      "cuboid": [
        [
          -3.243948266318339, 
          -3.8409405947690463, 
          37.582817243489565
        ], 
        [
          -20.865942367667962, 
          -1.8857494229538, 
          32.52988736424681
        ], 
        [
          -24.85702817205802, 
          -18.536884214951773, 
          40.00570737074446
        ], 
        [
          -7.235034070708396, 
          -20.492075386767016, 
          45.05863724998721
        ], 
        [
          -4.39824630680469, 
          -1.318740809852084, 
          42.584355311178335
        ], 
        [
          -22.02024040815431, 
          0.6364503619631617, 
          37.53142543193558
        ], 
        [
          -26.011326212544372, 
          -16.01468443003481, 
          45.00724543843323
        ], 
        [
          -8.389332111194747, 
          -17.969875601850056, 
          50.060175317675984
        ]
      ], 
      "cuboid_centroid": [
        -14.627637239431355, 
        -9.927812512401928, 
        41.295031340961394
      ], 
      "location": [
        -14.627637239431355, 
        -9.927812512401928, 
        41.295031340961394
      ], 
      "pose_transform_permuted": [
        [
          0.20182857976383875, 
          -0.44100568710656896, 
          -0.874517056626966, 
          0.0
        ], 
        [
          0.9558417504524074, 
          -0.10605231969711344, 
          0.2740780250470494, 
          0.0
        ], 
        [
          0.2136143953611003, 
          0.8912166425378114, 
          -0.40012739609853276, 
          0.0
        ], 
        [
          -14.627637239431355, 
          -9.927812512401928, 
          41.295031340961394, 
          1.0
        ]
      ], 
      "projected_cuboid": [
        [
          435.18014825775555, 
          218.78160761083595
        ], 
        [
          136.65419002017092, 
          242.3701353221286
        ], 
        [
          147.46436104983786, 
          26.169713594538116
        ], 
        [
          395.2486744710873, 
          30.73980841771842
        ], 
        [
          426.055108026836, 
          256.77084122186795
        ], 
        [
          166.082994713436, 
          282.3304641804785
        ], 
        [
          170.80365890600402, 
          83.51831862824231
        ], 
        [
          391.4759116315483, 
          81.84320993076321
        ]
      ], 
      "projected_cuboid_centroid": [
        291.1088501134327, 
        145.0702209335401
      ], 
      "quaternion_xyzw": [
        0.9645692626267417, 
        -0.08285219305757487, 
        0.12334692366074526, 
        0.2180074349753031
      ], 
      "visibility": 0.896914047709201
    }, 
    {
      "bounding_box": {
        "bottom_right": [
          97, 
          181
        ], 
        "top_left": [
          0, 
          44
        ]
      }, 
      "class": "061_foam_brick", 
      "cuboid": [
        [
          -31.94710009692736, 
          -20.841546487981248, 
          39.80719818902294
        ], 
        [
          -24.631271128577957, 
          -21.483660694023058, 
          42.397551642091145
        ], 
        [
          -23.392584136644867, 
          -17.147866457998877, 
          39.973964583946504
        ], 
        [
          -30.70841310499427, 
          -16.505752251957066, 
          37.3836111308783
        ], 
        [
          -33.222669770460264, 
          -18.080891692908416, 
          44.09406692406786
        ], 
        [
          -25.906840802110864, 
          -18.723005898950223, 
          46.68442037713606
        ], 
        [
          -24.66815381017777, 
          -14.387211662926044, 
          44.26083331899142
        ], 
        [
          -31.983982778527174, 
          -13.745097456884233, 
          41.67047986592322
        ]
      ], 
      "cuboid_centroid": [
        -28.307626953552568, 
        -17.614379075453645, 
        42.03401575400718
      ], 
      "location": [
        -28.307626953552568, 
        -17.614379075453645, 
        42.03401575400718
      ], 
      "pose_transform_permuted": [
        [
          0.24268829211364096, 
          -0.525238731551168, 
          -0.8156142885883524, 
          0.0
        ], 
        [
          -0.9394443826593442, 
          0.08245553395268113, 
          -0.33263393815181, 
          0.0
        ], 
        [
          -0.24196413941071504, 
          -0.8469506241801221, 
          0.47342158320056943, 
          0.0
        ], 
        [
          -28.307626953552568, 
          -17.614379075453645, 
          42.03401575400718, 
          1.0
        ]
      ], 
      "projected_cuboid": [
        [
          50.016810051228155, 
          -5.9394661405348215
        ], 
        [
          169.1778181422405, 
          3.0431743304116785
        ], 
        [
          166.89998654193946, 
          44.50530282401089
        ], 
        [
          39.85591266136297, 
          37.813274574066995
        ], 
        [
          76.41883027173017, 
          54.59739693145979
        ], 
        [
          183.1727406717188, 
          59.39621609089301
        ], 
        [
          181.88184661681785, 
          99.92826269170111
        ], 
        [
          68.83880135762844, 
          97.36992579125658
        ]
      ], 
      "projected_cuboid_centroid": [
        119.44220635631316, 
        49.798652329112834
      ], 
      "quaternion_xyzw": [
        0.08546824227291422, 
        0.9489480090378792, 
        -0.2630966884487857, 
        0.15156842756031483
      ], 
      "visibility": 0.8598434585024634
    }
  ]
}