{
  "camera_data": {
    "location_worldframe": [
      -10.063113403684012, 
      -14.780139644574131, 
      65.16089590805267
    ], 
    "quaternion_xyzw_worldframe": [
      -0.8383660925000668, 
      -0.055781428903925206, 
      -0.18468760404942444, 
      0.5098219535214626
    ]
  }, 
  "objects": [
    {
      "bounding_box": {
        "bottom_right": [
          387, 
          387
        ], 
        "top_left": [
          152, 
          180
        ]
      }, 
      "class": "003_cracker_box", 
      "cuboid": [
        [
          -8.126563877501509, 
          5.741614331437953, 
          49.259331902855635
        ], 
        [
          -23.293499940204494, 
          8.047237240887352, 
          43.451899668515054
        ], 
        [
          -29.026271926551146, 
          -11.153883522473636, 
          50.800765834787384
        ], 
        [
          -13.85933586384816, 
          -13.459506431923035, 
          56.608198069127965
        ], 
        [
          -10.065878275759388, 
          8.710144767739225, 
          55.50267109341747
        ], 
        [
          -25.232814338462372, 
          11.015767677188624, 
          49.69523885907689
        ], 
        [
          -30.965586324809024, 
          -8.185353086172364, 
          57.044105025349225
        ], 
        [
          -15.79865026210604, 
          -10.490975995621763, 
          62.851537259689806
        ]
      ], 
      "cuboid_centroid": [
        -19.546075101155267, 
        -1.221869377367206, 
        53.15171846410243
      ], 
      "location": [
        -19.546075101155267, 
        -1.221869377367206, 
        53.15171846410243
      ], 
      "pose_transform_permuted": [
        [
          0.2700995048222191, 
          -0.41344436034452664, 
          -0.8695458690570023, 
          0.0
        ], 
        [
          0.9246101722902407, 
          -0.14055590309928523, 
          0.3540339918727523, 
          0.0
        ], 
        [
          0.2685931622216092, 
          0.8996153616981258, 
          -0.34431078142362437, 
          0.0
        ], 
        [
          -19.546075101155267, 
          -1.221869377367206, 
          53.15171846410243, 
          1.0
        ]
      ], 
      "projected_cuboid": [
        [
          392.87938916446086, 
          335.4496904986225
        ], 
        [
          193.3149407514107, 
          372.0566549091223
        ], 
        [
          174.33231910149132, 
          156.1901829719274
        ], 
        [
          349.9367726668849, 
          146.48125880267133
        ], 
        [
          384.0690215740228, 
          356.9814428459678
        ], 
        [
          208.5467743156357, 
          391.5056020364086
        ], 
        [
          189.67947114346606, 
          196.75962789868103
        ], 
        [
          346.42224265392883, 
          184.26655232975736
        ]
      ], 
      "projected_cuboid_centroid": [
        283.8391003489587, 
        261.0264100710428
      ], 
      "quaternion_xyzw": [
        0.9609593387658721, 
        -0.10644286621074699, 
        0.16237250410004997, 
        0.19713506888369245
      ], 
      "visibility": 0.5121944984149709
    }, 
    {
      "bounding_box": {
        "bottom_right": [
          365, 
          401
        ], 
        "top_left": [
          213, 
          309
        ]
      }, 
      "class": "006_mustard_bottle", 
      "cuboid": [
        [
          -6.893266585266927, 
          9.135068444934301, 
          61.86877799900981
        ], 
        [
          -14.886736497392375, 
          9.006119513180996, 
          56.54957892892881
        ], 
        [
          -19.685250234398953, 
          -7.8719156792515195, 
          64.16974490764342
        ], 
        [
          -11.691780322273509, 
          -7.7429667474982145, 
          69.48894397772442
        ], 
        [
          -9.771242109416999, 
          11.875917993336833, 
          66.12723511639291
        ], 
        [
          -17.764712021542447, 
          11.74696906158353, 
          60.80803604631192
        ], 
        [
          -22.563225758549027, 
          -5.131066130848986, 
          68.42820202502654
        ], 
        [
          -14.569755846423579, 
          -5.002117199095682, 
          73.74740109510752
        ]
      ], 
      "cuboid_centroid": [
        -14.728246171907976, 
        2.002001157042657, 
        65.14849001201817
      ], 
      "location": [
        -14.728246171907976, 
        2.002001157042657, 
        65.14849001201817
      ], 
      "pose_transform_permuted": [
        [
          0.49408152069393096, 
          -0.47054017711562085, 
          -0.7310781313847007, 
          0.0
        ], 
        [
          0.832445019675229, 
          0.01342882342843995, 
          0.5539447603140666, 
          0.0
        ], 
        [
          0.2508357862340706, 
          0.8822763588087895, 
          -0.39833382360959463, 
          0.0
        ], 
        [
          -14.728246171907976, 
          2.002001157042657, 
          65.14849001201817, 
          1.0
        ]
      ], 
      "projected_cuboid": [
        [
          421.68072915788457, 
          352.03241034002974
        ], 
        [
          340.03012231467346, 
          358.22333142415505
        ], 
        [
          316.62805959168037, 
          207.86245386112023
        ], 
        [
          391.1162184590887, 
          213.86016650559964
        ], 
        [
          402.13476576544775, 
          369.06643294956757
        ], 
        [
          324.49245705841736, 
          376.3138523100328
        ], 
        [
          304.27703759486286, 
          233.29574516289637
        ], 
        [
          375.3548107153172, 
          237.11269293766864
        ]
      ], 
      "projected_cuboid_centroid": [
        360.0237089930553, 
        289.6753510204662
      ], 
      "quaternion_xyzw": [
        0.928143241890593, 
        -0.06394674660401599, 
        0.28229109304109334, 
        0.23403553500948618
      ], 
      "visibility": 0.022484716609677755
    }, 
    {
      "bounding_box": {
        "bottom_right": [
          239, 
          352
        ], 
        "top_left": [
          137, 
          216
        ]
      }, 
      "class": "008_pudding_box", 
      "cuboid": [
        [
          -11.69172848014554, 
          -5.7292629094610135, 
          50.46058052769069
        ], 
        [
          -22.01173300297197, 
          -4.328678794740155, 
          45.90994965174481
        ], 
        [
          -24.47520145975227, 
          -12.388062418174476, 
          49.01616430539925
        ], 
        [
          -14.15519693692584, 
          -13.788646532895335, 
          53.56679518134513
        ], 
        [
          -12.90994461846985, 
          -4.09868365818828, 
          53.725136714194086
        ], 
        [
          -23.22994914129628, 
          -2.6980995434674213, 
          49.17450583824821
        ], 
        [
          -25.69341759807658, 
          -10.757483166901743, 
          52.28072049190264
        ], 
        [
          -15.37341307525015, 
          -12.158067281622603, 
          56.83135136784851
        ]
      ], 
      "cuboid_centroid": [
        -18.69257303911106, 
        -8.243373038181378, 
        51.37065050979667
      ], 
      "location": [
        -18.69257303911106, 
        -8.243373038181378, 
        51.37065050979667
      ], 
      "pose_transform_permuted": [
        [
          0.316658296421652, 
          -0.42384633698807445, 
          -0.8485758545383251, 
          0.0
        ], 
        [
          0.9080194482735071, 
          -0.12323227303791583, 
          0.4003933649576613, 
          0.0
        ], 
        [
          0.27427641451676915, 
          0.8973116085033246, 
          -0.3458381679614775, 
          0.0
        ], 
        [
          -18.69257303911106, 
          -8.243373038181378, 
          51.37065050979667, 
          1.0
        ]
      ], 
      "projected_cuboid": [
        [
          356.9970185882318, 
          212.7337644144546
        ], 
        [
          223.76367854129236, 
          223.00181347172636
        ], 
        [
          213.07579941802604, 
          138.498425145948
        ], 
        [
          339.49120758690526, 
          136.00456700440412
        ], 
        [
          352.37443492300616, 
          232.5996566848104
        ], 
        [
          227.5583030511041, 
          244.0244376441284
        ], 
        [
          217.31235096016593, 
          163.5486387221618
        ], 
        [
          336.1268632385659, 
          159.192200635271
        ]
      ], 
      "projected_cuboid_centroid": [
        285.9173749318355, 
        187.70552569098865
      ], 
      "quaternion_xyzw": [
        0.9557597647049123, 
        -0.10397714526029837, 
        0.1875606422919207, 
        0.20132792082621034
      ], 
      "visibility": 0.9055712153871663
    }, 
    {
      "bounding_box": {
        "bottom_right": [
          426, 
          340
        ], 
        "top_left": [
          198, 
          143
        ]
      }, 
      "class": "019_pitcher_base", 
      "cuboid": [
        [
          -34.430076400033926, 
          18.628448305570988, 
          56.23971600595571
        ], 
        [
          -17.85703672493834, 
          17.32023452903479, 
          65.14985105243834
        ], 
        [
          -24.392276664226532, 
          -4.218715656572374, 
          74.14311984321687
        ], 
        [
          -40.96531633932212, 
          -2.9105018800361733, 
          65.23298479673426
        ], 
        [
          -29.18515411400905, 
          12.593778471570156, 
          45.5980205817992
        ], 
        [
          -12.61211443891346, 
          11.285564695033957, 
          54.50815562828182
        ], 
        [
          -19.147354378201655, 
          -10.253385490573203, 
          63.501424419060356
        ], 
        [
          -35.72039405329724, 
          -8.945171714037006, 
          54.591289372577734
        ]
      ], 
      "cuboid_centroid": [
        -26.78871538911779, 
        4.187531407498891, 
        59.870570212508035
      ], 
      "location": [
        -26.78871538911779, 
        4.187531407498891, 
        59.870570212508035
      ], 
      "pose_transform_permuted": [
        [
          -0.3940410030647192, 
          0.4533732293593815, 
          0.7994902708886339, 
          0.0
        ], 
        [
          -0.87865635001833, 
          0.0693578465067159, 
          -0.4723905144496475, 
          0.0
        ], 
        [
          0.2696200582378056, 
          0.8886181773544983, 
          -0.371029323734677, 
          0.0
        ], 
        [
          -26.78871538911779, 
          4.187531407498891, 
          59.870570212508035, 
          1.0
        ]
      ], 
      "projected_cuboid": [
        [
          152.37676832026665, 
          449.93956881111177
        ], 
        [
          334.2003880586476, 
          415.0707494605433
        ], 
        [
          304.67858049998085, 
          242.9408541170598
        ], 
        [
          143.88949408751122, 
          249.49140344456777
        ], 
        [
          137.39954610997603, 
          420.5847890745646
        ], 
        [
          357.16905909768184, 
          383.70694369194536
        ], 
        [
          319.4470336447753, 
          187.17301649821934
        ], 
        [
          129.72513411623518, 
          185.8983244998736
        ]
      ], 
      "projected_cuboid_centroid": [
        240.97789395277476, 
        310.5885462441996
      ], 
      "quaternion_xyzw": [
        -0.2293860539017077, 
        0.21825896756762833, 
        0.9442940217778389, 
        0.08974373895386997
      ], 
      "visibility": 0.2353265552300534
    }, 
    {
      "bounding_box": {
        "bottom_right": [
          318, 
          490
        ], 
        "top_left": [
          104, 
          259
        ]
      }, 
      "class": "035_power_drill", 
      "cuboid": [
        [
          1.925179226231291, 
          1.2665518022175797, 
          43.24521354959823
        ], 
        [
          -15.324639366893306, 
          2.9032696237905964, 
          36.948034636169815
        ], 
        [
          -19.265377801215145, 
          -14.222945400387774, 
          43.29155732208378
        ], 
        [
          -2.0155592080905476, 
          -15.85966322196079, 
          49.5887362355122
        ], 
        [
          0.306907450028826, 
          3.495440111822839, 
          48.257451784708095
        ], 
        [
          -16.94291114309577, 
          5.132157933395855, 
          41.96027287127968
        ], 
        [
          -20.88364957741761, 
          -11.994057090782514, 
          48.303795557193645
        ], 
        [
          -3.6338309842930134, 
          -13.63077491235553, 
          54.60097447062206
        ]
      ], 
      "cuboid_centroid": [
        -9.479235175593159, 
        -5.363752644282468, 
        45.77450455339594
      ], 
      "location": [
        -9.479235175593159, 
        -5.363752644282468, 
        45.77450455339594
      ], 
      "pose_transform_permuted": [
        [
          0.2829542135627581, 
          -0.3897202855774679, 
          -0.8763879768902668, 
          0.0
        ], 
        [
          0.9356544273145522, 
          -0.08877787715575206, 
          0.3415678430548572, 
          0.0
        ], 
        [
          0.21091965925612505, 
          0.9166443034599591, 
          -0.3395235856669399, 
          0.0
        ], 
        [
          -9.479235175593159, 
          -5.363752644282468, 
          45.77450455339594, 
          1.0
        ]
      ], 
      "projected_cuboid": [
        [
          505.537108499495, 
          288.9062291282632
        ], 
        [
          258.5530095487142, 
          315.19324725137005
        ], 
        [
          242.28419582328678, 
          98.07049629537357
        ], 
        [
          459.7393792344252, 
          102.71818676151429
        ], 
        [
          485.01713745871695, 
          311.91656494087334
        ], 
        [
          264.4562512140193, 
          338.5168175414283
        ], 
        [
          249.10032274453323, 
          140.860805088186
        ], 
        [
          445.8075329478786, 
          140.1468043953887
        ]
      ], 
      "projected_cuboid_centroid": [
        370.23395018783856, 
        210.79335859278737
      ], 
      "quaternion_xyzw": [
        0.9654903815762198, 
        -0.07760241379168462, 
        0.16171110260001925, 
        0.1888273268072009
      ], 
      "visibility": 0.9125504439063761
    }, 
    {
      "bounding_box": {
        "bottom_right": [
          156, 
          260
        ], 
        "top_left": [
          66, 
          150
        ]
      }, 
      "class": "061_foam_brick", 
      "cuboid": [
        [
          -26.232653274784013, 
          -16.742437982160883, 
          42.43749600997142
        ], 
        [
          -19.114584018327825, 
          -17.27741809654804, 
          45.550449831836914
        ], 
        [
          -17.85374090226381, 
          -12.787494096312289, 
          43.43903124275707
        ], 
        [
          -24.97181015871999, 
          -12.252513981925132, 
          40.32607742089157
        ], 
        [
          -27.926469087039894, 
          -14.243490704214015, 
          46.740028628940735
        ], 
        [
          -20.808399830583717, 
          -14.778470818601171, 
          49.85298245080622
        ], 
        [
          -19.547556714519697, 
          -10.288546818365422, 
          47.74156386172638
        ], 
        [
          -26.665625970975874, 
          -9.753566703978263, 
          44.62861003986088
        ]
      ], 
      "cuboid_centroid": [
        -22.890104994651853, 
        -13.515492400263152, 
        45.0895299358489
      ], 
      "location": [
        -22.890104994651853, 
        -13.515492400263152, 
        45.0895299358489
      ], 
      "pose_transform_permuted": [
        [
          0.3222632798198596, 
          -0.47544658637677595, 
          -0.8185944795699627, 
          0.0
        ], 
        [
          -0.9140495502680762, 
          0.06869817015539925, 
          -0.399742393388577, 
          0.0
        ], 
        [
          -0.24629209921244882, 
          -0.8770582106792976, 
          0.41244284082228216, 
          0.0
        ], 
        [
          -22.890104994651853, 
          -13.515492400263152, 
          45.0895299358489, 
          1.0
        ]
      ], 
      "projected_cuboid": [
        [
          149.17931711460417, 
          62.881333022670766
        ], 
        [
          255.93221751796963, 
          70.99686902004736
        ], 
        [
          260.57235546890524, 
          116.28899853041746
        ], 
        [
          148.58821174425867, 
          111.24485013173553
        ], 
        [
          160.2910994480949, 
          110.7634769542548
        ], 
        [
          257.13690348214664, 
          115.18871696018071
        ], 
        [
          261.4121445352323, 
          158.3534889405688
        ], 
        [
          160.28268921189485, 
          156.72973452393146
        ]
      ], 
      "projected_cuboid_centroid": [
        208.59633371809693, 
        113.42510710121967
      ], 
      "quaternion_xyzw": [
        0.08289559491099197, 
        0.9499608203127823, 
        -0.23366474917005353, 
        0.19000932927178787
      ], 
      "visibility": 0.9140449438202247
    }
  ]
}