{
  "camera_data": {
    "location_worldframe": [
      -27.993028152239553, 
      -12.056316039380171, 
      80.57361741380798
    ], 
    "quaternion_xyzw_worldframe": [
      0.9395197092176746, 
      0.008938524927141932, 
      0.01210160118332701, 
      -0.3421665504938546
    ]
  }, 
  "objects": [
    {
      "bounding_box": {
        "bottom_right": [
          325, 
          242
        ], 
        "top_left": [
          178, 
          30
        ]
      }, 
      "class": "003_cracker_box", 
      "cuboid": [
        [
          -33.453723318032274, 
          0.8473174661004418, 
          58.63208194554005
        ], 
        [
          -49.83495593119333, 
          1.478905487999467, 
          58.05378242862991
        ], 
        [
          -50.946767768555155, 
          -13.254663756688062, 
          73.45635880067543
        ], 
        [
          -34.5655351553941, 
          -13.886251778587088, 
          74.0346583175856
        ], 
        [
          -33.42895693166273, 
          6.0348491897009415, 
          63.596082225323215
        ], 
        [
          -49.81018954482379, 
          6.666437211599967, 
          63.01778270841306
        ], 
        [
          -50.92200138218562, 
          -8.067132033087562, 
          78.4203590804586
        ], 
        [
          -34.54076876902456, 
          -8.698720054986588, 
          78.99865859736875
        ]
      ], 
      "cuboid_centroid": [
        -42.187862350108944, 
        -3.6099072834935604, 
        68.52622051299933
      ], 
      "location": [
        -42.187862350108944, 
        -3.6099072834935604, 
        68.52622051299933
      ], 
      "pose_transform_permuted": [
        [
          -0.0034493575155517403, 
          -0.7224974718141239, 
          -0.6913649580033175, 
          0.0
        ], 
        [
          0.9986363920942154, 
          -0.038503011243026034, 
          0.035254425399770695, 
          0.0
        ], 
        [
          0.05209086597262991, 
          0.6903006021635927, 
          -0.7216450792008514, 
          0.0
        ], 
        [
          -42.187862350108944, 
          -3.6099072834935604, 
          68.52622051299933, 
          1.0
        ]
      ], 
      "projected_cuboid": [
        [
          174.76490373847102, 
          280.99376895191415
        ], 
        [
          19.965716080598792, 
          286.87272005973557
        ], 
        [
          108.62270747441346, 
          177.05291212240942
        ], 
        [
          230.5241056256891, 
          173.25487472181675
        ], 
        [
          198.92415022710085, 
          323.8950525586187
        ], 
        [
          56.540418299198556, 
          329.7046054240471
        ], 
        [
          132.40177873624958, 
          218.42375051499857
        ], 
        [
          246.4692464013588, 
          214.56151864291138
        ]
      ], 
      "projected_cuboid_centroid": [
        150.5250474500715, 
        245.19168270842266
      ], 
      "quaternion_xyzw": [
        0.9192798747200339, 
        -0.02463718604827671, 
        0.008649451804300939, 
        0.39273745426407486
      ], 
      "visibility": 0.6151985575443072
    }, 
    {
      "bounding_box": {
        "bottom_right": [
          353, 
          291
        ], 
        "top_left": [
          243, 
          200
        ]
      }, 
      "class": "006_mustard_bottle", 
      "cuboid": [
        [
          -28.3415288448857, 
          8.683728289570453, 
          67.82401214748836
        ], 
        [
          -37.61597688449457, 
          6.921845281806248, 
          66.06718271986809
        ], 
        [
          -37.974982543794546, 
          -5.602656697273227, 
          80.52293246510841
        ], 
        [
          -28.700534504185672, 
          -3.840773689509021, 
          82.27976189272869
        ], 
        [
          -29.84687326154132, 
          12.955012224576818, 
          71.48727955773518
        ], 
        [
          -39.12132130115019, 
          11.19312921681261, 
          69.7304501301149
        ], 
        [
          -39.480326960450164, 
          -1.331372762266865, 
          84.18619987535523
        ], 
        [
          -30.20587892084129, 
          0.4305102454973411, 
          85.9430293029755
        ]
      ], 
      "cuboid_centroid": [
        -33.91092790266793, 
        3.6761777636517943, 
        76.0051060114218
      ], 
      "location": [
        -33.91092790266793, 
        3.6761777636517943, 
        76.0051060114218
      ], 
      "pose_transform_permuted": [
        [
          0.2584326559792323, 
          -0.7332801979081236, 
          -0.6288978893584517, 
          0.0
        ], 
        [
          0.9658468932369122, 
          0.1834836123970274, 
          0.18295732935992393, 
          0.0
        ], 
        [
          0.018766533086798213, 
          0.6547013248882286, 
          -0.7556546780279332, 
          0.0
        ], 
        [
          -33.91092790266793, 
          3.6761777636517943, 
          76.0051060114218, 
          1.0
        ]
      ], 
      "projected_cuboid": [
        [
          256.8823413741849, 
          341.569174250347
        ], 
        [
          175.41602684308884, 
          329.16232212256716
        ], 
        [
          227.98510335810235, 
          236.17901540411827
        ], 
        [
          294.0161331129891, 
          248.3914753800853
        ], 
        [
          257.073565282144, 
          369.93536505014976
        ], 
        [
          179.8918759368306, 
          358.8949772952836
        ], 
        [
          229.40491310618256, 
          264.8522914223928
        ], 
        [
          292.59238841697777, 
          275.95806988508906
        ]
      ], 
      "projected_cuboid_centroid": [
        241.66480935809136, 
        299.0818785244664
      ], 
      "quaternion_xyzw": [
        0.9013110045211353, 
        0.045688191557625275, 
        0.12242998896193046, 
        0.4129914281716566
      ], 
      "visibility": 0.8750946252838758
    }, 
    {
      "bounding_box": {
        "bottom_right": [
          220, 
          216
        ], 
        "top_left": [
          159, 
          95
        ]
      }, 
      "class": "008_pudding_box", 
      "cuboid": [
        [
          -35.329218327711324, 
          -9.150282198197228, 
          65.13318906771872
        ], 
        [
          -46.662836732454906, 
          -9.10197650299222, 
          64.28517314914953
        ], 
        [
          -47.175758468274445, 
          -15.275431128860028, 
          70.78873217302912
        ], 
        [
          -35.84214006353086, 
          -15.323736824065035, 
          71.6367480915983
        ], 
        [
          -35.514673686829234, 
          -6.356032948127617, 
          67.77098052790893
        ], 
        [
          -46.848292091572816, 
          -6.30772725292261, 
          66.92296460933974
        ], 
        [
          -47.36121382739235, 
          -12.481181878790416, 
          73.42652363321933
        ], 
        [
          -36.02759542264877, 
          -12.529487573995423, 
          74.27453955178852
        ]
      ], 
      "cuboid_centroid": [
        -41.34521607755184, 
        -10.815732038493822, 
        69.27985635046903
      ], 
      "location": [
        -41.34521607755184, 
        -10.815732038493822, 
        69.27985635046903
      ], 
      "pose_transform_permuted": [
        [
          0.04820653431937108, 
          -0.7263261251173528, 
          -0.6856571045334887, 
          0.0
        ], 
        [
          0.9972036260308931, 
          -0.004250241423005346, 
          0.07461381870552262, 
          0.0
        ], 
        [
          0.05710742276447435, 
          0.6873369924037931, 
          -0.7240899901755701, 
          0.0
        ], 
        [
          -41.34521607755184, 
          -10.815732038493822, 
          69.27985635046903, 
          1.0
        ]
      ], 
      "projected_cuboid": [
        [
          189.90580283862286, 
          198.3627586042709
        ], 
        [
          91.2489789311777, 
          197.7751552346411
        ], 
        [
          123.2148147552795, 
          158.20202788609706
        ], 
        [
          212.53665301869876, 
          159.20474123118373
        ], 
        [
          199.78745877623675, 
          223.26812573312017
        ], 
        [
          105.14444284483545, 
          223.01927189537082
        ], 
        [
          134.73117681530834, 
          182.63184826290606
        ], 
        [
          220.7493467960106, 
          183.3200281836593
        ]
      ], 
      "projected_cuboid_centroid": [
        160.66728247304542, 
        190.02652552874963
      ], 
      "quaternion_xyzw": [
        0.9179049137803128, 
        -0.016711334492911525, 
        0.03345127343285171, 
        0.39503441301983777
      ], 
      "visibility": 0.2600514634930846
    }, 
    {
      "bounding_box": {
        "bottom_right": [
          399, 
          217
        ], 
        "top_left": [
          225, 
          32
        ]
      }, 
      "class": "019_pitcher_base", 
      "cuboid": [
        [
          -56.907447775142096, 
          16.593024889798617, 
          69.05654906472589
        ], 
        [
          -38.25074175674274, 
          17.989915189096973, 
          71.45312828075791
        ], 
        [
          -39.34192739579445, 
          1.7496949884237913, 
          89.41361773511576
        ], 
        [
          -57.99863341419381, 
          0.3528046891254355, 
          87.01703851908374
        ], 
        [
          -55.043852043673745, 
          6.761190523424815, 
          60.27963757866214
        ], 
        [
          -36.38714602527438, 
          8.158080822723171, 
          62.67621679469417
        ], 
        [
          -37.478331664326106, 
          -8.082139377950009, 
          80.63670624905203
        ], 
        [
          -56.135037682725454, 
          -9.479029677248365, 
          78.24012703301999
        ]
      ], 
      "cuboid_centroid": [
        -47.1928897197341, 
        4.255442755924303, 
        74.84662765688896
      ], 
      "location": [
        -47.1928897197341, 
        4.255442755924303, 
        74.84662765688896
      ], 
      "pose_transform_permuted": [
        [
          -0.14000839121897996, 
          0.738646954982496, 
          0.6593926119732804, 
          0.0
        ], 
        [
          -0.9891265292827004, 
          -0.07405922847103952, 
          -0.1270599472257858, 
          0.0
        ], 
        [
          0.04501832194112587, 
          0.6700119899158912, 
          -0.7409839971676534, 
          0.0
        ], 
        [
          -47.1928897197341, 
          4.255442755924303, 
          74.84662765688896, 
          1.0
        ]
      ], 
      "projected_cuboid": [
        [
          38.44173951856849, 
          401.4334731762625
        ], 
        [
          193.71782480212153, 
          407.56161173656403
        ], 
        [
          244.98128862506854, 
          283.7228297403397
        ], 
        [
          123.16636788747446, 
          275.44884611036497
        ], 
        [
          -9.457692033734075, 
          333.1056652445698
        ], 
        [
          169.39414995821235, 
          342.70464402480377
        ], 
        [
          231.65508665944583, 
          219.83242998666498
        ], 
        [
          95.7668749213081, 
          208.67324620848763
        ]
      ], 
      "projected_cuboid_centroid": [
        142.5218324000881, 
        303.60869180247425
      ], 
      "quaternion_xyzw": [
        -0.07330261378540225, 
        0.40611634034193433, 
        0.9108417989930897, 
        -0.0079708975153582
      ], 
      "visibility": 0.2797400543587363
    }, 
    {
      "bounding_box": {
        "bottom_right": [
          245, 
          255
        ], 
        "top_left": [
          116, 
          48
        ]
      }, 
      "class": "035_power_drill", 
      "cuboid": [
        [
          -25.665601654756465, 
          -6.015284751223522, 
          51.59765455638578
        ], 
        [
          -44.1015094480358, 
          -6.092683084019086, 
          51.56828915715291
        ], 
        [
          -44.06672072694455, 
          -19.366911644205338, 
          64.71631510805749
        ], 
        [
          -25.63081293366522, 
          -19.289513311409774, 
          64.74568050729034
        ], 
        [
          -25.6889701189726, 
          -1.9906247514202045, 
          55.66100841307966
        ], 
        [
          -44.12487791225193, 
          -2.0680230842157683, 
          55.6316430138468
        ], 
        [
          -44.090089191160686, 
          -15.342251644402022, 
          68.77966896475137
        ], 
        [
          -25.654181397881352, 
          -15.264853311606458, 
          68.80903436398424
        ]
      ], 
      "cuboid_centroid": [
        -34.87784542295857, 
        -10.678768197812772, 
        60.18866176056857
      ], 
      "location": [
        -34.87784542295857, 
        -10.678768197812772, 
        60.18866176056857
      ], 
      "pose_transform_permuted": [
        [
          0.0040859672100087546, 
          -0.7037102925778025, 
          -0.7104758989531871, 
          0.0
        ], 
        [
          0.9999895741060137, 
          0.004198194453812924, 
          0.0015928205652571527, 
          0.0
        ], 
        [
          -0.0018619924465463698, 
          0.7104749050121172, 
          -0.70372017825454, 
          0.0
        ], 
        [
          -34.87784542295857, 
          -10.678768197812772, 
          60.18866176056857, 
          1.0
        ]
      ], 
      "projected_cuboid": [
        [
          214.10357187458203, 
          211.11182899979923
        ], 
        [
          21.698063311882404, 
          210.27596974519517
        ], 
        [
          115.42206745723472, 
          113.68608439946046
        ], 
        [
          268.7129224610203, 
          114.39601249445788
        ], 
        [
          233.40530651889986, 
          254.2132370667484
        ], 
        [
          55.06334930981338, 
          253.46118051378437
        ], 
        [
          136.87218357714616, 
          154.32226590718864
        ], 
        [
          281.10165755935265, 
          154.9729287211986
        ]
      ], 
      "projected_cuboid_centroid": [
        169.9760803719729, 
        178.66412842040592
      ], 
      "quaternion_xyzw": [
        0.9247892162638087, 
        0.0016382616691949354, 
        0.0015351573297449534, 
        0.3804733138321041
      ], 
      "visibility": 0.7910372968716444
    }, 
    {
      "bounding_box": {
        "bottom_right": [
          160, 
          151
        ], 
        "top_left": [
          103, 
          56
        ]
      }, 
      "class": "061_foam_brick", 
      "cuboid": [
        [
          -50.64817551838494, 
          -21.703861245697997, 
          67.3323760250002
        ], 
        [
          -42.87939937835997, 
          -21.348118116213804, 
          67.73630581044175
        ], 
        [
          -42.82710568445666, 
          -18.047374283983416, 
          63.82355909322354
        ], 
        [
          -50.59588182448162, 
          -18.40311741346761, 
          63.419629307781975
        ], 
        [
          -51.00747032495219, 
          -17.693455191115156, 
          70.7107020839294
        ], 
        [
          -43.238694184927226, 
          -17.337712061630963, 
          71.11463186937097
        ], 
        [
          -43.18640049102391, 
          -14.036968229400577, 
          67.20188515215274
        ], 
        [
          -50.95517663104888, 
          -14.39271135888477, 
          66.7979553667112
        ]
      ], 
      "cuboid_centroid": [
        -46.917288004704425, 
        -17.870414737549286, 
        67.26713058857648
      ], 
      "location": [
        -46.917288004704425, 
        -17.870414737549286, 
        67.26713058857648
      ], 
      "pose_transform_permuted": [
        [
          0.06835898091681736, 
          -0.7630148444759253, 
          -0.6427560943603674, 
          0.0
        ], 
        [
          -0.9976084920053905, 
          -0.0456818886977044, 
          -0.05186966091793099, 
          0.0
        ], 
        [
          -0.01021500889597271, 
          -0.6447646951829713, 
          0.7643128557330862, 
          0.0
        ], 
        [
          -46.917288004704425, 
          -17.870414737549286, 
          67.26713058857648, 
          1.0
        ]
      ], 
      "projected_cuboid": [
        [
          77.08488683541142, 
          101.37675377209379
        ], 
        [
          141.17404460541496, 
          105.20282985762398
        ], 
        [
          120.74479523137427, 
          122.4798724300995
        ], 
        [
          52.57146625416892, 
          118.52778244900809
        ], 
        [
          93.6786724036454, 
          139.83762757205227
        ], 
        [
          154.62899938502176, 
          143.26348749535325
        ], 
        [
          136.01015302859656, 
          161.8880254524946
        ], 
        [
          71.37702023268359, 
          158.3741161792505
        ]
      ], 
      "projected_cuboid_centroid": [
        106.51894278982833, 
        131.6030433008431
      ], 
      "quaternion_xyzw": [
        -0.009784007001295031, 
        0.9062462802059839, 
        -0.4213335087736471, 
        0.033166658021322085
      ], 
      "visibility": 0.8957041121065932
    }
  ]
}