{
  "camera_data": {
    "location_worldframe": [
      -10.75391429443117, 
      -15.943847294004959, 
      63.57107197931232
    ], 
    "quaternion_xyzw_worldframe": [
      -0.8432785066491364, 
      -0.04485922060120797, 
      -0.17815720826285897, 
      0.505101343377389
    ]
  }, 
  "objects": [
    {
      "bounding_box": {
        "bottom_right": [
          379, 
          375
        ], 
        "top_left": [
          137, 
          163
        ]
      }, 
      "class": "003_cracker_box", 
      "cuboid": [
        [
          -8.906872294771814, 
          4.397390473509918, 
          47.428772625554345
        ], 
        [
          -24.172411536760546, 
          6.861006342118854, 
          41.95410147649009
        ], 
        [
          -29.996437395347574, 
          -12.187291414563786, 
          49.62199704943995
        ], 
        [
          -14.73089815335884, 
          -14.650907283172721, 
          55.096668198504204
        ], 
        [
          -10.658068609987403, 
          7.451780605117609, 
          53.68628090956449
        ], 
        [
          -25.923607851976136, 
          9.915396473726544, 
          48.21160976050024
        ], 
        [
          -31.74763371056316, 
          -9.132901282956096, 
          55.87950533345008
        ], 
        [
          -16.48209446857443, 
          -11.596517151565031, 
          61.35417648251435
        ]
      ], 
      "cuboid_centroid": [
        -20.32725300266749, 
        -2.367755404723089, 
        51.65413897950222
      ], 
      "location": [
        -20.32725300266749, 
        -2.367755404723089, 
        51.65413897950222
      ], 
      "pose_transform_permuted": [
        [
          0.2438992140785049, 
          -0.42540253546418866, 
          -0.8715192804479583, 
          0.0
        ], 
        [
          0.9306212415141661, 
          -0.1501875054601849, 
          0.33374813564464856, 
          0.0
        ], 
        [
          0.27286860980061345, 
          0.8924552627579079, 
          -0.35925802115080707, 
          0.0
        ], 
        [
          -20.32725300266749, 
          -2.367755404723089, 
          51.65413897950222, 
          1.0
        ]
      ], 
      "projected_cuboid": [
        [
          380.607834799885, 
          322.7336209343997
        ], 
        [
          171.75720383608964, 
          360.50349445859575
        ], 
        [
          156.51936861206093, 
          142.3018625616903
        ], 
        [
          337.81801247146916, 
          131.47005395758106
        ], 
        [
          374.8374705471064, 
          347.31253603666886
        ], 
        [
          192.43884384157298, 
          382.97122058411
        ], 
        [
          176.06939917831764, 
          186.1212154485303
        ], 
        [
          337.1329453587881, 
          172.48411428217346
        ]
      ], 
      "projected_cuboid_centroid": [
        269.97288056372537, 
        248.83989439302417
      ], 
      "quaternion_xyzw": [
        0.9610665669869117, 
        -0.11004859855523402, 
        0.1502620550869241, 
        0.20411191679339774
      ], 
      "visibility": 0.49675948151704274
    }, 
    {
      "bounding_box": {
        "bottom_right": [
          357, 
          395
        ], 
        "top_left": [
          203, 
          301
        ]
      }, 
      "class": "006_mustard_bottle", 
      "cuboid": [
        [
          -7.33158629752135, 
          7.892231068725132, 
          59.972252886621014
        ], 
        [
          -15.448555460948917, 
          7.825381967206398, 
          54.84230058588783
        ], 
        [
          -20.300155208593456, 
          -8.91073224903053, 
          62.736931445789935
        ], 
        [
          -12.183186045165888, 
          -8.843883147511795, 
          67.86688374652311
        ], 
        [
          -10.07076789690266, 
          10.713405386917334, 
          64.26961440471088
        ], 
        [
          -18.187737060330228, 
          10.6465562853986, 
          59.1396621039777
        ], 
        [
          -23.039336807974767, 
          -6.089557930838328, 
          67.0342929638798
        ], 
        [
          -14.922367644547199, 
          -6.022708829319594, 
          72.16424526461299
        ]
      ], 
      "cuboid_centroid": [
        -15.185461552748059, 
        0.9013365689434019, 
        63.50327292525041
      ], 
      "location": [
        -15.185461552748059, 
        0.9013365689434019, 
        63.50327292525041
      ], 
      "pose_transform_permuted": [
        [
          0.47025382902755347, 
          -0.48433007354595625, 
          -0.7377571129471178, 
          0.0
        ], 
        [
          0.8453063099296807, 
          0.006961707774069493, 
          0.5342364818861668, 
          0.0
        ], 
        [
          0.25361078531632997, 
          0.8748576325951736, 
          -0.4126811023795526, 
          0.0
        ], 
        [
          -15.185461552748059, 
          0.9013365689434019, 
          63.50327292525041, 
          1.0
        ]
      ], 
      "projected_cuboid": [
        [
          415.8556117725569, 
          343.4703510161101
        ], 
        [
          330.1140502372486, 
          349.3852684198048
        ], 
        [
          307.5896260234689, 
          197.53740745679357
        ], 
        [
          385.05986692541416, 
          203.7884880715344
        ], 
        [
          397.3317960529569, 
          362.1880966451426
        ], 
        [
          316.21380161704974, 
          369.2968423750246
        ], 
        [
          296.770381415083, 
          224.83849215627546
        ], 
        [
          370.39639970705076, 
          228.77656561719888
        ]
      ], 
      "projected_cuboid_centroid": [
        353.00220397379235, 
        280.8562335436095
      ], 
      "quaternion_xyzw": [
        0.9297743080274873, 
        -0.06631960988079073, 
        0.270089822401294, 
        0.24119056855542573
      ], 
      "visibility": 0.03795461302150431
    }, 
    {
      "bounding_box": {
        "bottom_right": [
          225, 
          338
        ], 
        "top_left": [
          121, 
          197
        ]
      }, 
      "class": "008_pudding_box", 
      "cuboid": [
        [
          -12.601259552926663, 
          -7.010341155306773, 
          48.824901098014145
        ], 
        [
          -23.004727961854375, 
          -5.507903077891901, 
          44.5025295879915
        ], 
        [
          -25.505959577927626, 
          -13.502138940235605, 
          47.7439712551797
        ], 
        [
          -15.102491168999915, 
          -15.004577017650478, 
          52.06634276520234
        ], 
        [
          -13.719953206963108, 
          -5.332012556044447, 
          52.10085957920852
        ], 
        [
          -24.123421615890823, 
          -3.829574478629574, 
          47.77848806918586
        ], 
        [
          -26.624653231964075, 
          -11.823810340973278, 
          51.01992973637407
        ], 
        [
          -16.221184823036364, 
          -13.32624841838815, 
          55.34230124639671
        ]
      ], 
      "cuboid_centroid": [
        -19.61295639244537, 
        -9.417075748140027, 
        49.9224154171941
      ], 
      "location": [
        -19.61295639244537, 
        -9.417075748140027, 
        49.9224154171941
      ], 
      "pose_transform_permuted": [
        [
          0.2907888145302079, 
          -0.43625811410541554, 
          -0.8515397220315817, 
          0.0
        ], 
        [
          0.9153631303078336, 
          -0.13219403064231647, 
          0.38030965830322805, 
          0.0
        ], 
        [
          0.27848087019112117, 
          0.8900582197795723, 
          -0.3608940053178551, 
          0.0
        ], 
        [
          -19.61295639244537, 
          -9.417075748140027, 
          49.9224154171941, 
          1.0
        ]
      ], 
      "projected_cuboid": [
        [
          342.8051040517606, 
          196.71183657384148
        ], 
        [
          203.61028829381263, 
          207.27967048774974
        ], 
        [
          194.3108015209552, 
          122.46215278234875
        ], 
        [
          325.6119182568116, 
          119.59349299843231
        ], 
        [
          339.98525654306843, 
          218.70650347106925
        ], 
        [
          210.07930752455542, 
          230.5395372452862
        ], 
        [
          200.965939865013, 
          149.6903347893551
        ], 
        [
          323.9749730228556, 
          144.86489501275517
        ]
      ], 
      "projected_cuboid_centroid": [
        270.3263975408826, 
        172.68421594396088
      ], 
      "quaternion_xyzw": [
        0.9561591227561168, 
        -0.10737619164519192, 
        0.1754672566682737, 
        0.20842559058723656
      ], 
      "visibility": 0.9120417218027556
    }, 
    {
      "bounding_box": {
        "bottom_right": [
          420, 
          332
        ], 
        "top_left": [
          187, 
          127
        ]
      }, 
      "class": "019_pitcher_base", 
      "cuboid": [
        [
          -34.85880046694844, 
          17.718142148821457, 
          54.89395099603207
        ], 
        [
          -18.10115640025307, 
          16.261361003952317, 
          63.42780873646065
        ], 
        [
          -24.72112216563287, 
          -5.097633138115998, 
          72.7810991847262
        ], 
        [
          -41.47876623232823, 
          -3.6408519932468577, 
          64.24724144429764
        ], 
        [
          -29.948718412566667, 
          11.510030529524693, 
          44.192428878410475
        ], 
        [
          -13.1910743458713, 
          10.053249384655553, 
          52.72628661883903
        ], 
        [
          -19.8110401112511, 
          -11.305744757412766, 
          62.07957706710461
        ], 
        [
          -36.568684177946466, 
          -9.848963612543624, 
          53.545719326676036
        ]
      ], 
      "cuboid_centroid": [
        -27.334920289099767, 
        3.206198695704347, 
        58.48676403156834
      ], 
      "location": [
        -27.334920289099767, 
        3.206198695704347, 
        58.48676403156834
      ], 
      "pose_transform_permuted": [
        [
          -0.36888509539862635, 
          0.4664035797295762, 
          0.8039849362082406, 
          0.0
        ], 
        [
          -0.8884435600956799, 
          0.0772344740989019, 
          -0.45244134092362204, 
          0.0
        ], 
        [
          0.2731155354318002, 
          0.8811938502617012, 
          -0.38588249839395283, 
          0.0
        ], 
        [
          -27.334920289099767, 
          3.206198695704347, 
          58.48676403156834, 
          1.0
        ]
      ], 
      "projected_cuboid": [
        [
          140.1057343372753, 
          445.42630955771693
        ], 
        [
          328.12888555665995, 
          410.0168215145962
        ], 
        [
          298.93797038108096, 
          235.93250498614938
        ], 
        [
          134.41036532052274, 
          243.06364243330918
        ], 
        [
          117.16036463848546, 
          412.1909802148004
        ], 
        [
          347.05914514637885, 
          374.97385782057563
        ], 
        [
          309.98403578468753, 
          176.15998902081503
        ], 
        [
          114.33479719816361, 
          175.19008443556393
        ]
      ], 
      "projected_cuboid_centroid": [
        230.26265514965993, 
        302.52270073159144
      ], 
      "quaternion_xyzw": [
        -0.2172358404917128, 
        0.22542447720251851, 
        0.9452013471432451, 
        0.09266544387330591
      ], 
      "visibility": 0.22469240283835687
    }, 
    {
      "bounding_box": {
        "bottom_right": [
          302, 
          479
        ], 
        "top_left": [
          83, 
          236
        ]
      }, 
      "class": "035_power_drill", 
      "cuboid": [
        [
          0.9382363515029968, 
          -0.27513917117698156, 
          41.22608069045089
        ], 
        [
          -16.430150205523184, 
          1.5442964843821751, 
          35.31690551180865
        ], 
        [
          -20.45763703104373, 
          -15.464103206566609, 
          41.91771079238095
        ], 
        [
          -3.089250474017549, 
          -17.283538862125763, 
          47.826885971023195
        ], 
        [
          -0.5311262413493667, 
          2.023556460628516, 
          46.252635248683625
        ], 
        [
          -17.899512798375547, 
          3.8429921161876726, 
          40.343460070041374
        ], 
        [
          -21.926999623896094, 
          -13.165407574761112, 
          46.94426535061368
        ], 
        [
          -4.5586130668699125, 
          -14.984843230320266, 
          52.85344052925593
        ]
      ], 
      "cuboid_centroid": [
        -10.494381636196549, 
        -6.7202733729690465, 
        44.08517302053229
      ], 
      "location": [
        -10.494381636196549, 
        -6.7202733729690465, 
        44.08517302053229
      ], 
      "pose_transform_permuted": [
        [
          0.25691749866312835, 
          -0.4019260697013452, 
          -0.8788911806227366, 
          0.0
        ], 
        [
          0.9420857204764644, 
          -0.09868874951626473, 
          0.32052197464137927, 
          0.0
        ], 
        [
          0.2155626827446396, 
          0.9103384878484726, 
          -0.3532940903838323, 
          0.0
        ], 
        [
          -10.494381636196549, 
          -6.7202733729690465, 
          44.08517302053229, 
          1.0
        ]
      ], 
      "projected_cuboid": [
        [
          493.8356749059074, 
          269.72721083637026
        ], 
        [
          231.41819696991413, 
          296.6069151608001
        ], 
        [
          219.14521099094782, 
          76.53655043820525
        ], 
        [
          446.86163289404016, 
          80.55708143149637
        ], 
        [
          475.42184082308853, 
          296.6193120450794
        ], 
        [
          243.00291027177997, 
          324.0888972728035
        ], 
        [
          230.41513391297062, 
          123.71832922134138
        ], 
        [
          435.2148836908677, 
          122.08142691481109
        ]
      ], 
      "projected_cuboid_centroid": [
        353.5834888771122, 
        191.98815241314557
      ], 
      "quaternion_xyzw": [
        0.9658306514275256, 
        -0.08134227045818841, 
        0.14946706041349883, 
        0.19548462221843455
      ], 
      "visibility": 0.9014595836111728
    }, 
    {
      "bounding_box": {
        "bottom_right": [
          138, 
          241
        ], 
        "top_left": [
          46, 
          124
        ]
      }, 
      "class": "061_foam_brick", 
      "cuboid": [
        [
          -27.477158606049805, 
          -17.89337927973164, 
          41.25093458876245
        ], 
        [
          -20.296162906085353, 
          -18.498902502530076, 
          44.20224574540235
        ], 
        [
          -19.023177149375844, 
          -14.047302478885959, 
          42.01821373047277
        ], 
        [
          -26.204172849340296, 
          -13.441779256087521, 
          39.06690257383287
        ], 
        [
          -29.034942356874193, 
          -15.33031330942774, 
          45.56712956334813
        ], 
        [
          -21.85394665690974, 
          -15.935836532226178, 
          48.518440719988035
        ], 
        [
          -20.58096090020023, 
          -11.484236508582061, 
          46.33440870505846
        ], 
        [
          -27.761956600164684, 
          -10.878713285783622, 
          43.383097548418554
        ]
      ], 
      "cuboid_centroid": [
        -24.02905975312502, 
        -14.688807894156849, 
        43.79267164691045
      ], 
      "location": [
        -24.02905975312502, 
        -14.688807894156849, 
        43.79267164691045
      ], 
      "pose_transform_permuted": [
        [
          0.296381989799791, 
          -0.487645728660858, 
          -0.8211938622768301, 
          0.0
        ], 
        [
          -0.9221300964550261, 
          0.0777567918398343, 
          -0.3789854436975394, 
          0.0
        ], 
        [
          -0.24866403305295426, 
          -0.8695720353378421, 
          0.42662709011998023, 
          0.0
        ], 
        [
          -24.02905975312502, 
          -14.688807894156849, 
          43.79267164691045, 
          1.0
        ]
      ], 
      "projected_cuboid": [
        [
          123.39361606259547, 
          41.949001653486285
        ], 
        [
          234.67418256241058, 
          50.08912333878276
        ], 
        [
          238.13169379048722, 
          94.99001279418623
        ], 
        [
          120.89119412286017, 
          89.78685826183548
        ], 
        [
          138.93894230815073, 
          93.859912200658
        ], 
        [
          239.37440107430177, 
          98.11821907564861
        ], 
        [
          242.73138517771577, 
          141.1003636248567
        ], 
        [
          137.46808412785995, 
          139.55171583008308
        ]
      ], 
      "projected_cuboid_centroid": [
        186.5256968444263, 
        94.40206693214668
      ], 
      "quaternion_xyzw": [
        0.08586578259697183, 
        0.9503809754605911, 
        -0.24050166259318967, 
        0.17765702674393852
      ], 
      "visibility": 0.9067271976888155
    }
  ]
}