{
  "camera_data": {
    "location_worldframe": [
      -10.912187211143515, 
      -16.17359897489777, 
      63.529716198020424
    ], 
    "quaternion_xyzw_worldframe": [
      0.845783359511697, 
      0.049331639734354844, 
      0.18131906171901482, 
      -0.4993408748738654
    ]
  }, 
  "objects": [
    {
      "bounding_box": {
        "bottom_right": [
          374, 
          374
        ], 
        "top_left": [
          134, 
          160
        ]
      }, 
      "class": "003_cracker_box", 
      "cuboid": [
        [
          -8.952911767588246, 
          3.9510223132960762, 
          47.13110942211058
        ], 
        [
          -24.170734008464727, 
          6.307613624034723, 
          41.479341616689666
        ], 
        [
          -30.02898789577737, 
          -12.647448884843374, 
          49.349539442837745
        ], 
        [
          -14.81116565490089, 
          -15.00404019558202, 
          55.001307248258655
        ], 
        [
          -10.769534716632142, 
          7.086162788937514, 
          53.32975224082054
        ], 
        [
          -25.987356957508627, 
          9.442754099676161, 
          47.677984435399615
        ], 
        [
          -31.84561084482127, 
          -9.512308409201935, 
          55.548182261547694
        ], 
        [
          -16.627788603944786, 
          -11.868899719940583, 
          61.199950066968626
        ]
      ], 
      "cuboid_centroid": [
        -20.399261306204757, 
        -2.78064304795293, 
        51.33964584182914
      ], 
      "location": [
        -20.399261306204757, 
        -2.78064304795293, 
        51.33964584182914
      ], 
      "pose_transform_permuted": [
        [
          0.2530115588406978, 
          -0.4366491017544879, 
          -0.8633207474803319, 
          0.0
        ], 
        [
          0.9277123069451029, 
          -0.14366305025824874, 
          0.34454434189678873, 
          0.0
        ], 
        [
          0.2744722693380799, 
          0.8880869833115982, 
          -0.368736333220514, 
          0.0
        ], 
        [
          -20.399261306204757, 
          -2.78064304795293, 
          51.33964584182914, 
          1.0
        ]
      ], 
      "projected_cuboid": [
        [
          379.44471448398804, 
          317.994960911926
        ], 
        [
          168.2326200084908, 
          354.38652022949736
        ], 
        [
          154.3699183572212, 
          136.60578586912808
        ], 
        [
          336.7839301115375, 
          127.80002387236837
        ], 
        [
          372.9997474226439, 
          344.1510971830868
        ], 
        [
          188.4834726294045, 
          378.9119275624557
        ], 
        [
          173.29852644652502, 
          181.9586105993232
        ], 
        [
          335.48867526567295, 
          169.85644295011156
        ]
      ], 
      "projected_cuboid_centroid": [
        267.9222659175577, 
        244.40103698185996
      ], 
      "quaternion_xyzw": [
        0.9590516197964832, 
        -0.10899708393304722, 
        0.15576739781334495, 
        0.20994319240759685
      ], 
      "visibility": 0.5238287464678365
    }, 
    {
      "bounding_box": {
        "bottom_right": [
          355, 
          393
        ], 
        "top_left": [
          201, 
          299
        ]
      }, 
      "class": "006_mustard_bottle", 
      "cuboid": [
        [
          -7.503701477478689, 
          7.618791617530747, 
          59.64036545809023
        ], 
        [
          -15.57148412565008, 
          7.4651197560907825, 
          54.435239531556675
        ], 
        [
          -20.464184804177084, 
          -9.17281349382714, 
          62.50997747318722
        ], 
        [
          -12.396402156005694, 
          -9.019141632387177, 
          67.71510339972076
        ], 
        [
          -10.289184909843122, 
          10.492077678964176, 
          63.87294926025785
        ], 
        [
          -18.356967558014514, 
          10.33840581752421, 
          58.6678233337243
        ], 
        [
          -23.249668236541517, 
          -6.299527432393713, 
          66.74256127535484
        ], 
        [
          -15.181885588370125, 
          -6.145855570953748, 
          71.94768720188839
        ]
      ], 
      "cuboid_centroid": [
        -15.376684857010103, 
        0.6596320925685171, 
        63.19146336672253
      ], 
      "location": [
        -15.376684857010103, 
        0.6596320925685171, 
        63.19146336672253
      ], 
      "pose_transform_permuted": [
        [
          0.47820277781438286, 
          -0.49327644891662265, 
          -0.7266362843919831, 
          0.0
        ], 
        [
          0.8401839950763935, 
          0.01600348498539688, 
          0.5420651108916403, 
          0.0
        ], 
        [
          0.25575928063756814, 
          0.8697253559717015, 
          -0.42209595537940214, 
          0.0
        ], 
        [
          -15.376684857010103, 
          0.6596320925685171, 
          63.19146336672253, 
          1.0
        ]
      ], 
      "projected_cuboid": [
        [
          413.93784830729015, 
          341.41574440933005
        ], 
        [
          327.76686758288804, 
          346.4247218289228
        ], 
        [
          305.5467378318469, 
          195.02637429583936
        ], 
        [
          383.15021315586364, 
          202.25238733482954
        ], 
        [
          394.9695768521377, 
          360.89217634869453
        ], 
        [
          313.33248950545976, 
          367.2677693949877
        ], 
        [
          294.2678032610455, 
          222.94892311887853
        ], 
        [
          368.12195809428334, 
          227.72975556348587
        ]
      ], 
      "projected_cuboid_centroid": [
        350.740345917042, 
        278.85366198698904
      ], 
      "quaternion_xyzw": [
        0.9268961154627953, 
        -0.06466630716551827, 
        0.275183990871676, 
        0.24689185471421013
      ], 
      "visibility": 0.06464965014289938
    }, 
    {
      "bounding_box": {
        "bottom_right": [
          219, 
          337
        ], 
        "top_left": [
          117, 
          196
        ]
      }, 
      "class": "008_pudding_box", 
      "cuboid": [
        [
          -12.637450599413697, 
          -7.444600079427105, 
          48.646888308089466
        ], 
        [
          -23.00243292571808, 
          -6.023072339356569, 
          44.20630604420943
        ], 
        [
          -25.518255804987216, 
          -13.977991413313573, 
          47.53208542185181
        ], 
        [
          -15.153273478682838, 
          -15.399519153384109, 
          51.97266768573186
        ], 
        [
          -13.790544564329327, 
          -5.724443772053824, 
          51.889048534770374
        ], 
        [
          -24.155526890633706, 
          -4.302916031983289, 
          47.448466270890336
        ], 
        [
          -26.671349769902847, 
          -12.257835105940293, 
          50.77424564853273
        ], 
        [
          -16.306367443598464, 
          -13.679362846010829, 
          55.214827912412765
        ]
      ], 
      "cuboid_centroid": [
        -19.65440018465827, 
        -9.8512175926837, 
        49.71056697831109
      ], 
      "location": [
        -19.65440018465827, 
        -9.8512175926837, 
        49.71056697831109
      ], 
      "pose_transform_permuted": [
        [
          0.2997306956108184, 
          -0.44713064351703186, 
          -0.8427543371072137, 
          0.0
        ], 
        [
          0.9119768806765908, 
          -0.12507502602245152, 
          0.39071059013035786, 
          0.0
        ], 
        [
          0.2801054249288218, 
          0.8856807869290163, 
          -0.37028395499156047, 
          0.0
        ], 
        [
          -19.65440018465827, 
          -9.8512175926837, 
          49.71056697831109, 
          1.0
        ]
      ], 
      "projected_cuboid": [
        [
          341.8971531216099, 
          191.6708139480502
        ], 
        [
          201.77543601271339, 
          200.62218945561978
        ], 
        [
          192.89103720637016, 
          116.45065569357146
        ], 
        [
          324.8053246729159, 
          115.26376367282369
        ], 
        [
          338.67560759388994, 
          214.45026997099677
        ], 
        [
          207.82693036915, 
          224.92186858419402
        ], 
        [
          199.1134589533074, 
          144.53339894844558
        ], 
        [
          322.78143924082707, 
          141.15768117046878
        ]
      ], 
      "projected_cuboid_centroid": [
        268.97770356605116, 
        167.5977965403933
      ], 
      "quaternion_xyzw": [
        0.9539931871759908, 
        -0.10618012172358583, 
        0.18093454309276027, 
        0.2142087096366751
      ], 
      "visibility": 0.9214318921431892
    }, 
    {
      "bounding_box": {
        "bottom_right": [
          419, 
          329
        ], 
        "top_left": [
          184, 
          122
        ]
      }, 
      "class": "019_pitcher_base", 
      "cuboid": [
        [
          -35.001209131541046, 
          17.31622619478982, 
          54.169161395544975
        ], 
        [
          -18.322401426490188, 
          16.01096625807161, 
          62.880145492620585
        ], 
        [
          -24.987909454058624, 
          -5.2334895213186154, 
          72.45922274866562
        ], 
        [
          -41.66671715910948, 
          -3.928229584600404, 
          63.748238651590015
        ], 
        [
          -29.977348397373948, 
          10.974254263848419, 
          43.599755232320895
        ], 
        [
          -13.298540692323094, 
          9.668994327130207, 
          52.310739329396505
        ], 
        [
          -19.964048719891526, 
          -11.575461452260019, 
          61.88981658544155
        ], 
        [
          -36.64285642494238, 
          -10.270201515541807, 
          53.178832488365934
        ]
      ], 
      "cuboid_centroid": [
        -27.482628925716284, 
        2.8703823712649013, 
        58.02948899049326
      ], 
      "location": [
        -27.482628925716284, 
        2.8703823712649013, 
        58.02948899049326
      ], 
      "pose_transform_permuted": [
        [
          -0.377433070500078, 
          0.47646024951314025, 
          0.7940593166560953, 
          0.0
        ], 
        [
          -0.8842638760347418, 
          0.06920124215628325, 
          -0.4618320864401132, 
          0.0
        ], 
        [
          0.2749944423269798, 
          0.8764684170254895, 
          -0.3951976349196764, 
          0.0
        ], 
        [
          -27.482628925716284, 
          2.8703823712649013, 
          58.02948899049326, 
          1.0
        ]
      ], 
      "projected_cuboid": [
        [
          134.12277991452893, 
          443.77251742770545
        ], 
        [
          324.90010012877264, 
          409.0839631309067
        ], 
        [
          296.14657604678064, 
          234.76663196862066
        ], 
        [
          130.10718163844518, 
          240.42285721199974
        ], 
        [
          111.8532658982271, 
          407.525473003508
        ], 
        [
          344.88562580141013, 
          371.8640784699791
        ], 
        [
          308.1283525342249, 
          173.5379748521473
        ], 
        [
          111.05095565523145, 
          170.28879743211613
        ]
      ], 
      "projected_cuboid_centroid": [
        226.91330040353392, 
        299.6667656280305
      ], 
      "quaternion_xyzw": [
        -0.22256769308810617, 
        0.23115803497379833, 
        0.942707750275281, 
        0.09127847001967314
      ], 
      "visibility": 0.22993728401382313
    }, 
    {
      "bounding_box": {
        "bottom_right": [
          295, 
          479
        ], 
        "top_left": [
          77, 
          234
        ]
      }, 
      "class": "035_power_drill", 
      "cuboid": [
        [
          0.9600159621859922, 
          -0.784021121897166, 
          41.085822765819394
        ], 
        [
          -16.355135334868226, 
          0.9181120863201955, 
          34.98846045966647
        ], 
        [
          -20.410930272594925, 
          -16.007877002160615, 
          41.78098291664653
        ], 
        [
          -3.0957789755407084, 
          -17.71001021037798, 
          47.87834522279945
        ], 
        [
          -0.5615859428489994, 
          1.5794082294754679, 
          46.066606650662216
        ], 
        [
          -17.876737239903218, 
          3.2815414376928294, 
          39.96924434450929
        ], 
        [
          -21.93253217762992, 
          -13.644447650787983, 
          46.76176680148935
        ], 
        [
          -4.6173808805757, 
          -15.346580859005343, 
          52.859129107642275
        ]
      ], 
      "cuboid_centroid": [
        -10.486258107721962, 
        -7.214234386342574, 
        43.92379478365437
      ], 
      "location": [
        -10.486258107721962, 
        -7.214234386342574, 
        43.92379478365437
      ], 
      "pose_transform_permuted": [
        [
          0.26605152281967764, 
          -0.4132447363063413, 
          -0.8708881955347368, 
          0.0
        ], 
        [
          0.9391981650849045, 
          -0.09232609975286796, 
          0.3307295091767951, 
          0.0
        ], 
        [
          0.2170778143577161, 
          0.9059276352934672, 
          -0.36355534527182126, 
          0.0
        ], 
        [
          -10.486258107721962, 
          -7.214234386342574, 
          43.92379478365437, 
          1.0
        ]
      ], 
      "projected_cuboid": [
        [
          494.162523718793, 
          263.1094552365954
        ], 
        [
          230.22266810372844, 
          287.28107071445237
        ], 
        [
          218.8875035315418, 
          68.95160629063986
        ], 
        [
          446.82563888372454, 
          76.01373710656723
        ], 
        [
          475.0413287386059, 
          291.5715691535506
        ], 
        [
          241.07548302896106, 
          317.07296277907096
        ], 
        [
          229.3712138388678, 
          117.671136095316
        ], 
        [
          434.62199902836295, 
          118.44796525051068
        ]
      ], 
      "projected_cuboid_centroid": [
        353.21261781182665, 
        185.69181865506795
      ], 
      "quaternion_xyzw": [
        0.9638482759118663, 
        -0.08025223519175433, 
        0.1547912277562247, 
        0.2014840149097265
      ], 
      "visibility": 0.95989984166145
    }, 
    {
      "bounding_box": {
        "bottom_right": [
          132, 
          240
        ], 
        "top_left": [
          37, 
          123
        ]
      }, 
      "class": "061_foam_brick", 
      "cuboid": [
        [
          -27.418939485993633, 
          -18.46098348013627, 
          41.08083602701086
        ], 
        [
          -20.265076425482285, 
          -19.01114517065724, 
          44.10790731545084
        ], 
        [
          -18.98035435668386, 
          -14.586827965399612, 
          41.87583701576613
        ], 
        [
          -26.134217417195206, 
          -14.03666627487864, 
          38.84876572732615
        ], 
        [
          -29.022755624115597, 
          -15.843022775826798, 
          45.34693400840933
        ], 
        [
          -21.868892563604252, 
          -16.393184466347773, 
          48.37400529684931
        ], 
        [
          -20.584170494805825, 
          -11.968867261090141, 
          46.141934997164604
        ], 
        [
          -27.73803355531717, 
          -11.418705570569172, 
          43.11486370872462
        ]
      ], 
      "cuboid_centroid": [
        -24.00155499039973, 
        -15.214925370613205, 
        43.61138551208773
      ], 
      "location": [
        -24.00155499039973, 
        -15.214925370613205, 
        43.61138551208773
      ], 
      "pose_transform_permuted": [
        [
          0.30514005428420465, 
          -0.49808993215540043, 
          -0.8116624709550524, 
          0.0
        ], 
        [
          -0.9186459245544503, 
          0.07064767532843308, 
          -0.3887139967510659, 
          0.0
        ], 
        [
          -0.25095659499389916, 
          -0.8642426311263042, 
          0.43601085075139023, 
          0.0
        ], 
        [
          -24.00155499039973, 
          -15.214925370613205, 
          43.61138551208773, 
          1.0
        ]
      ], 
      "projected_cuboid": [
        [
          122.67255614450701, 
          33.62237905141412
        ], 
        [
          234.52506810365844, 
          43.418094087490104
        ], 
        [
          237.85384278956806, 
          87.51255554456634
        ], 
        [
          119.83417913006744, 
          80.58983664028854
        ], 
        [
          137.41958468190157, 
          86.958741235397
        ], 
        [
          238.4850204219866, 
          92.55297554868551
        ], 
        [
          241.6975887327082, 
          134.9474913179695
        ], 
        [
          135.62551570848586, 
          132.04013775177015
        ]
      ], 
      "projected_cuboid_centroid": [
        185.63828461463268, 
        87.22462865763157
      ], 
      "quaternion_xyzw": [
        0.08481437860748914, 
        0.9479650608851319, 
        -0.246343673793896, 
        0.18298513301413416
      ], 
      "visibility": 0.955278742086992
    }
  ]
}