{
  "camera_data": {
    "location_worldframe": [
      -24.95118927491826, 
      -17.50040716673123, 
      68.8253911324062
    ], 
    "quaternion_xyzw_worldframe": [
      0.9147184759317407, 
      -0.00029842097984697735, 
      0.0713898524579817, 
      -0.3977389282122804
    ]
  }, 
  "objects": [
    {
      "bounding_box": {
        "bottom_right": [
          315, 
          227
        ], 
        "top_left": [
          122, 
          0
        ]
      }, 
      "class": "003_cracker_box", 
      "cuboid": [
        [
          -27.370219922703896, 
          -1.7562216782895503, 
          48.233570814738854
        ], 
        [
          -43.54228150423247, 
          -0.039927982188434075, 
          46.0895382032501
        ], 
        [
          -47.03541928278207, 
          -16.407482440267202, 
          59.33546952831331
        ], 
        [
          -30.863357701253502, 
          -18.123776136368317, 
          61.479502139802065
        ], 
        [
          -27.62366682461509, 
          2.7903905764069385, 
          53.78483006001807
        ], 
        [
          -43.79572840614367, 
          4.506684272508055, 
          51.64079744852932
        ], 
        [
          -47.28886618469327, 
          -11.860870185570711, 
          64.88672877359252
        ], 
        [
          -31.116804603164695, 
          -13.577163881671828, 
          67.03076138508128
        ]
      ], 
      "cuboid_centroid": [
        -37.329543053698586, 
        -6.808545931930131, 
        56.560149794165696
      ], 
      "location": [
        -37.329543053698586, 
        -6.808545931930131, 
        56.560149794165696
      ], 
      "pose_transform_permuted": [
        [
          0.03529901225218225, 
          -0.633232919693332, 
          -0.7731559022284433, 
          0.0
        ], 
        [
          0.9858848605524275, 
          -0.10462908286104401, 
          0.13070499896016669, 
          0.0
        ], 
        [
          0.1636613010688252, 
          0.7668564562134916, 
          -0.6206014454512205, 
          0.0
        ], 
        [
          -37.329543053698586, 
          -6.808545931930131, 
          56.560149794165696, 
          1.0
        ]
      ], 
      "projected_cuboid": [
        [
          176.4419834199835, 
          253.86795881343173
        ], 
        [
          -26.44603917350024, 
          272.82451610732375
        ], 
        [
          55.309786715422334, 
          125.81266163912856
        ], 
        [
          211.63386732501573, 
          116.06723076330734
        ], 
        [
          205.40368813595998, 
          300.95549105674297
        ], 
        [
          25.528068706047097, 
          319.82925413707824
        ], 
        [
          89.67947425254492, 
          175.79920177301747
        ], 
        [
          231.9579851980648, 
          165.26199473596452
        ]
      ], 
      "projected_cuboid_centroid": [
        126.67429874666043, 
        209.08708144475668
      ], 
      "quaternion_xyzw": [
        0.9388686301866681, 
        -0.07143980938966057, 
        0.044203205292774446, 
        0.33386842547270484
      ], 
      "visibility": 0.5599022433811034
    }, 
    {
      "bounding_box": {
        "bottom_right": [
          330, 
          287
        ], 
        "top_left": [
          199, 
          192
        ]
      }, 
      "class": "006_mustard_bottle", 
      "cuboid": [
        [
          -22.89652219874818, 
          4.59355577247434, 
          58.802462162104895
        ], 
        [
          -32.00346790805315, 
          3.635615370393614, 
          55.91248675666651
        ], 
        [
          -34.53771455941487, 
          -10.476963227887948, 
          68.57635089056254
        ], 
        [
          -25.430768850109896, 
          -9.519022825807221, 
          71.46632629600093
        ], 
        [
          -24.57447742109979, 
          8.482840589831165, 
          62.80088513453249
        ], 
        [
          -33.68142313040477, 
          7.524900187750438, 
          59.91090972909411
        ], 
        [
          -36.21566978176648, 
          -6.587678410531122, 
          72.57477386299014
        ], 
        [
          -27.10872407246151, 
          -5.629738008450397, 
          75.46474926842852
        ]
      ], 
      "cuboid_centroid": [
        -29.55609599025733, 
        -0.9970613190283917, 
        65.68861801254752
      ], 
      "location": [
        -29.55609599025733, 
        -0.9970613190283917, 
        65.68861801254752
      ], 
      "pose_transform_permuted": [
        [
          0.2880659202828495, 
          -0.6676998260918058, 
          -0.6864363112254047, 
          0.0
        ], 
        [
          0.9484030944638713, 
          0.09976052022766069, 
          0.3009638692192692, 
          0.0
        ], 
        [
          0.13247430061582546, 
          0.7377158725606497, 
          -0.6619862921907276, 
          0.0
        ], 
        [
          -29.55609599025733, 
          -0.9970613190283917, 
          65.68861801254752, 
          1.0
        ]
      ], 
      "projected_cuboid": [
        [
          272.2023376704296, 
          314.9486242236031
        ], 
        [
          173.7890196789305, 
          307.9647464887281
        ], 
        [
          210.758217119873, 
          191.80699599598424
        ], 
        [
          290.23768151200096, 
          202.25054734397895
        ], 
        [
          271.16580390958217, 
          345.3247743499919
        ], 
        [
          179.27053941017746, 
          340.27227813598086
        ], 
        [
          213.24646938529276, 
          224.87663303839483
        ], 
        [
          288.41950584568076, 
          233.5004185397634
        ]
      ], 
      "projected_cuboid_centroid": [
        239.63422360329588, 
        265.19149285567664
      ], 
      "quaternion_xyzw": [
        0.9182259087841517, 
        -0.008906789733117527, 
        0.16037169716820265, 
        0.36202586573798795
      ], 
      "visibility": 0.8278605850050431
    }, 
    {
      "bounding_box": {
        "bottom_right": [
          180, 
          195
        ], 
        "top_left": [
          101, 
          50
        ]
      }, 
      "class": "008_pudding_box", 
      "cuboid": [
        [
          -30.42799662317871, 
          -12.321445410975796, 
          53.209550753814185
        ], 
        [
          -41.5878764853858, 
          -11.465677130073178, 
          51.23544014567089
        ], 
        [
          -43.103631370530984, 
          -18.32677979196786, 
          56.829961402481935
        ], 
        [
          -31.943751508323892, 
          -19.182548072870475, 
          58.804072010625234
        ], 
        [
          -30.758016125213267, 
          -9.855726537469575, 
          56.14408375146554
        ], 
        [
          -41.91789598742036, 
          -8.999958256566957, 
          54.16997314332224
        ], 
        [
          -43.43365087256554, 
          -15.86106091846164, 
          59.76449440013328
        ], 
        [
          -32.27377101035845, 
          -16.716829199364255, 
          61.73860500827657
        ]
      ], 
      "cuboid_centroid": [
        -36.930823747872125, 
        -14.091253164718717, 
        56.487022576973736
      ], 
      "location": [
        -36.930823747872125, 
        -14.091253164718717, 
        56.487022576973736
      ], 
      "pose_transform_permuted": [
        [
          0.0857839672391243, 
          -0.6409292352777343, 
          -0.7627909289624095, 
          0.0
        ], 
        [
          0.9819170071937711, 
          -0.07529592070976575, 
          0.17369477128351207, 
          0.0
        ], 
        [
          0.16876035657759422, 
          0.7638980042778614, 
          -0.6228799995521234, 
          0.0
        ], 
        [
          -36.930823747872125, 
          -14.091253164718717, 
          56.487022576973736, 
          1.0
        ]
      ], 
      "projected_cuboid": [
        [
          174.0755530018483, 
          149.788631354652
        ], 
        [
          45.09328405223118, 
          153.9380922493412
        ], 
        [
          73.72098723768238, 
          101.29925665460331
        ], 
        [
          189.47103822465692, 
          99.31170609334407
        ], 
        [
          186.98803415183153, 
          179.6657748021829
        ], 
        [
          65.46364946756816, 
          184.67925783288138
        ], 
        [
          90.7788276503927, 
          131.74741040090925
        ], 
        [
          200.4816670464704, 
          128.8807422989286
        ]
      ], 
      "projected_cuboid_centroid": [
        130.01068244655548, 
        140.24462992324135
      ], 
      "quaternion_xyzw": [
        0.936563657798289, 
        -0.06514674022828762, 
        0.06926350824156184, 
        0.3373527320611795
      ], 
      "visibility": 0.3775941970582309
    }, 
    {
      "bounding_box": {
        "bottom_right": [
          390, 
          197
        ], 
        "top_left": [
          181, 
          0
        ]
      }, 
      "class": "019_pitcher_base", 
      "cuboid": [
        [
          -51.00209347931515, 
          14.065145416758002, 
          58.127679876454316
        ], 
        [
          -32.66610083435712, 
          14.000058948804107, 
          62.54975081434123
        ], 
        [
          -36.48898159264735, 
          -4.166854710847816, 
          78.13382763961299
        ], 
        [
          -54.824974237605375, 
          -4.101768242893922, 
          73.71175670172609
        ], 
        [
          -48.69272230878311, 
          5.253593229308313, 
          48.422244072899694
        ], 
        [
          -30.35672966382508, 
          5.18850676135442, 
          52.8443150107866
        ], 
        [
          -34.17961042211532, 
          -12.9784068982975, 
          68.42839183605837
        ], 
        [
          -52.51560306707334, 
          -12.913320430343605, 
          64.00632089817145
        ]
      ], 
      "cuboid_centroid": [
        -42.59085195071523, 
        0.5433692592302488, 
        63.278035856256345
      ], 
      "location": [
        -42.59085195071523, 
        0.5433692592302488, 
        63.278035856256345
      ], 
      "pose_transform_permuted": [
        [
          -0.17349864933363274, 
          0.6619951017675239, 
          0.7291508721497881, 
          0.0
        ], 
        [
          -0.9721232005250021, 
          0.0034507030387365334, 
          -0.2344458702795831, 
          0.0
        ], 
        [
          0.15771805507705106, 
          0.7495003036491475, 
          -0.6429419180085774, 
          0.0
        ], 
        [
          -42.59085195071523, 
          0.5433692592302488, 
          63.278035856256345, 
          1.0
        ]
      ], 
      "projected_cuboid": [
        [
          9.754897418988422, 
          402.3337923506128
        ], 
        [
          200.75416560490902, 
          392.65560829331514
        ], 
        [
          230.45794100954475, 
          244.84475694167708
        ], 
        [
          81.62154629194382, 
          243.6094087493002
        ], 
        [
          -59.17080504034551, 
          331.14928690705887
        ], 
        [
          172.67534480508039, 
          325.6503970395266
        ], 
        [
          212.98686016010868, 
          172.1349783509169
        ], 
        [
          40.37499433766191, 
          165.68893554740708
        ]
      ], 
      "projected_cuboid_centroid": [
        119.64165505833456, 
        277.86615969249755
      ], 
      "quaternion_xyzw": [
        -0.10980265091158181, 
        0.3512378207211323, 
        0.928813002751891, 
        0.04338030304223674
      ], 
      "visibility": 0.27994201177306693
    }, 
    {
      "bounding_box": {
        "bottom_right": [
          212, 
          249
        ], 
        "top_left": [
          44, 
          1
        ]
      }, 
      "class": "035_power_drill", 
      "cuboid": [
        [
          -19.21883252252508, 
          -8.202943054809051, 
          41.217140786311646
        ], 
        [
          -37.525324034912735, 
          -7.126507454559025, 
          39.31893007717467
        ], 
        [
          -39.5647821095374, 
          -21.850538108829664, 
          50.63796151024288
        ], 
        [
          -21.25829059714974, 
          -22.92697370907969, 
          52.536172219379864
        ], 
        [
          -19.48059205497998, 
          -4.698174512743285, 
          45.72905370408399
        ], 
        [
          -37.78708356736764, 
          -3.621738912493261, 
          43.83084299494701
        ], 
        [
          -39.82654164199229, 
          -18.3457695667639, 
          55.149874428015224
        ], 
        [
          -21.520050129604634, 
          -19.422205167013924, 
          57.048085137152206
        ]
      ], 
      "cuboid_centroid": [
        -29.522687082258685, 
        -13.274356310786475, 
        48.183507607163435
      ], 
      "location": [
        -29.522687082258685, 
        -13.274356310786475, 
        48.183507607163435
      ], 
      "pose_transform_permuted": [
        [
          0.04576855614582813, 
          -0.6128074660406362, 
          -0.7889062826689224, 
          0.0
        ], 
        [
          0.9929698529692859, 
          -0.05838738127335265, 
          0.10296161924206033, 
          0.0
        ], 
        [
          0.10915766406125656, 
          0.7880724844428666, 
          -0.6058271292961277, 
          0.0
        ], 
        [
          -29.522687082258685, 
          -13.274356310786475, 
          48.183507607163435, 
          1.0
        ]
      ], 
      "projected_cuboid": [
        [
          230.84710444587165, 
          167.14646889104645
        ], 
        [
          -31.635844007923627, 
          176.62302303656008
        ], 
        [
          61.42778191755274, 
          43.15642356304462
        ], 
        [
          263.9956855064189, 
          40.54396185991757
        ], 
        [
          252.50941902656814, 
          218.49361598012626
        ], 
        [
          17.98440520539434, 
          229.2183851652027
        ], 
        [
          93.25020027939185, 
          95.87619426304214
        ], 
        [
          278.7382247818486, 
          91.716160307346
        ]
      ], 
      "projected_cuboid_centroid": [
        152.10177888413494, 
        126.35920690682093
      ], 
      "quaternion_xyzw": [
        0.944715383075913, 
        -0.044337439703029086, 
        0.03935846130282004, 
        0.32248723191343454
      ], 
      "visibility": 0.8594923507740921
    }, 
    {
      "bounding_box": {
        "bottom_right": [
          103, 
          108
        ], 
        "top_left": [
          30, 
          0
        ]
      }, 
      "class": "061_foam_brick", 
      "cuboid": [
        [
          -46.49742055038526, 
          -24.067874909496965, 
          52.263667747016825
        ], 
        [
          -38.80936855190049, 
          -24.24800854720092, 
          53.4904535884436
        ], 
        [
          -38.17240410124722, 
          -20.513809501105165, 
          50.0470156084195
        ], 
        [
          -45.86045609973199, 
          -20.333675863401208, 
          48.820229766992725
        ], 
        [
          -47.019616409880186, 
          -20.47456637405905, 
          56.063796915160516
        ], 
        [
          -39.33156441139542, 
          -20.654700011763012, 
          57.29058275658729
        ], 
        [
          -38.694599960742146, 
          -16.920500965667255, 
          53.847144776563184
        ], 
        [
          -46.38265195922692, 
          -16.740367327963295, 
          52.620358935136416
        ]
      ], 
      "cuboid_centroid": [
        -42.596010255563705, 
        -20.494187937582108, 
        53.055406261790004
      ], 
      "location": [
        -42.596010255563705, 
        -20.494187937582108, 
        53.055406261790004
      ], 
      "pose_transform_permuted": [
        [
          0.09935233168301738, 
          -0.6836583916952936, 
          -0.72300782682745, 
          0.0
        ], 
        [
          -0.9872424977150609, 
          0.023131422946203295, 
          -0.15753471991218815, 
          0.0
        ], 
        [
          -0.12442413308709616, 
          -0.729435494568977, 
          0.6726384573962719, 
          0.0
        ], 
        [
          -42.596010255563705, 
          -20.494187937582108, 
          53.055406261790004, 
          1.0
        ]
      ], 
      "projected_cuboid": [
        [
          3.1645217439398245, 
          27.688217620904485
        ], 
        [
          91.42872013096127, 
          31.524934862080695
        ], 
        [
          71.4278482088862, 
          54.68376618017016
        ], 
        [
          -23.564484827647348, 
          51.158383575694465
        ], 
        [
          30.584843222597822, 
          78.51758180910869
        ], 
        [
          112.40724613131633, 
          81.0113773743123
        ], 
        [
          95.15942918716179, 
          105.70040951535731
        ], 
        [
          7.580513902906116, 
          103.61901943625614
        ]
      ], 
      "projected_cuboid_centroid": [
        49.84838912739706, 
        67.27639616156114
      ], 
      "quaternion_xyzw": [
        0.03978012865556107, 
        0.9273194998369612, 
        -0.3656498243944039, 
        0.06925527060532284
      ], 
      "visibility": 0.898996687832164
    }
  ]
}