{
  "camera_data": {
    "location_worldframe": [
      -23.18957028817144, 
      -18.84094806179509, 
      64.59816809971949
    ], 
    "quaternion_xyzw_worldframe": [
      0.9016663613212093, 
      -0.0043651627548077785, 
      0.10085135467671921, 
      -0.42048632064848945
    ]
  }, 
  "objects": [
    {
      "bounding_box": {
        "bottom_right": [
          319, 
          227
        ], 
        "top_left": [
          102, 
          0
        ]
      }, 
      "class": "003_cracker_box", 
      "cuboid": [
        [
          -24.095257200669945, 
          -1.9879041516534266, 
          44.77627756101779
        ], 
        [
          -40.07968158106646, 
          0.3053511949137111, 
          41.8923093174369
        ], 
        [
          -44.70107020902746, 
          -16.61810869355785, 
          54.04931633804203
        ], 
        [
          -28.71664582863095, 
          -18.91136404012499, 
          56.93328458162292
        ], 
        [
          -24.52443272363135, 
          2.270520064523751, 
          50.541173839400365
        ], 
        [
          -40.50885710402786, 
          4.56377541109089, 
          47.65720559581948
        ], 
        [
          -45.130245731988865, 
          -12.359684477380672, 
          59.81421261642461
        ], 
        [
          -29.14582135159235, 
          -14.652939823947811, 
          62.69818086000549
        ]
      ], 
      "cuboid_centroid": [
        -34.61275146632941, 
        -7.17379431451705, 
        52.295245088721195
      ], 
      "location": [
        -34.61275146632941, 
        -7.17379431451705, 
        52.295245088721195
      ], 
      "pose_transform_permuted": [
        [
          0.05977375114515998, 
          -0.5930953089120801, 
          -0.8029103643748292, 
          0.0
        ], 
        [
          0.9744460792356522, 
          -0.13980194894532144, 
          0.1758131216188228, 
          0.0
        ], 
        [
          0.2165223714453121, 
          0.7929018663224184, 
          -0.5695829114765684, 
          0.0
        ], 
        [
          -34.61275146632941, 
          -7.17379431451705, 
          52.295245088721195, 
          1.0
        ]
      ], 
      "projected_cuboid": [
        [
          192.21253271714875, 
          249.60908484569288
        ], 
        [
          -32.89857346527394, 
          277.17388090059035
        ], 
        [
          36.84348578036349, 
          109.31105407132532
        ], 
        [
          210.3536487891943, 
          96.13531859907836
        ], 
        [
          220.65422835028636, 
          297.2454752677224
        ], 
        [
          24.495032125719746, 
          324.358579858419
        ], 
        [
          75.85032080643846, 
          163.08427191008516
        ], 
        [
          231.61255953380444, 
          148.64656195743183
        ]
      ], 
      "projected_cuboid_centroid": [
        125.66619497710617, 
        200.1264449924281
      ], 
      "quaternion_xyzw": [
        0.9447563587948086, 
        -0.09429000320389047, 
        0.062340642264771956, 
        0.30766615370333017
      ], 
      "visibility": 0.5399042033168938
    }, 
    {
      "bounding_box": {
        "bottom_right": [
          326, 
          291
        ], 
        "top_left": [
          184, 
          198
        ]
      }, 
      "class": "006_mustard_bottle", 
      "cuboid": [
        [
          -20.02543822471315, 
          3.6735833511733498, 
          55.88568370499474
        ], 
        [
          -28.987647053441982, 
          3.1310647948823727, 
          52.48119338535208
        ], 
        [
          -32.56167902792445, 
          -11.539053792500447, 
          64.22745456335647
        ], 
        [
          -23.599470199195622, 
          -10.99653523620947, 
          67.63194488299914
        ], 
        [
          -21.81122557653212, 
          7.397571128220341, 
          59.99327849460874
        ], 
        [
          -30.773434405260954, 
          6.855052571929364, 
          56.58878817496608
        ], 
        [
          -34.34746637974342, 
          -7.815066015453455, 
          68.33504935297047
        ], 
        [
          -25.38525755101459, 
          -7.272547459162477, 
          71.73953967261313
        ]
      ], 
      "cuboid_centroid": [
        -27.186452302228286, 
        -2.0707413321400523, 
        62.11036652898261
      ], 
      "location": [
        -27.186452302228286, 
        -2.0707413321400523, 
        62.11036652898261
      ], 
      "pose_transform_permuted": [
        [
          0.30657819116904206, 
          -0.6393221653517593, 
          -0.7051785753620351, 
          0.0
        ], 
        [
          0.933330104045008, 
          0.056498226080860414, 
          0.3545457782758438, 
          0.0
        ], 
        [
          0.18682766570639686, 
          0.766860518004635, 
          -0.614019844347365, 
          0.0
        ], 
        [
          -27.186452302228286, 
          -2.0707413321400523, 
          62.11036652898261, 
          1.0
        ]
      ], 
      "projected_cuboid": [
        [
          288.90084701848605, 
          308.343708471364
        ], 
        [
          184.5665989175035, 
          305.10475825373925
        ], 
        [
          208.96444710926576, 
          177.47076261491802
        ], 
        [
          293.9498569022911, 
          186.57207784506468
        ], 
        [
          286.0869620677589, 
          339.0483974693429
        ], 
        [
          189.1567065828952, 
          337.89180517630655
        ], 
        [
          211.29900540368982, 
          212.29400502388881
        ], 
        [
          291.3076114814644, 
          219.2216248636059
        ]
      ], 
      "projected_cuboid_centroid": [
        246.21130924097193, 
        255.50582011050045
      ], 
      "quaternion_xyzw": [
        0.922682122593106, 
        -0.03531265980835809, 
        0.1791310228236738, 
        0.3395920379861516
      ], 
      "visibility": 0.7518444666001994
    }, 
    {
      "bounding_box": {
        "bottom_right": [
          170, 
          193
        ], 
        "top_left": [
          80, 
          40
        ]
      }, 
      "class": "008_pudding_box", 
      "cuboid": [
        [
          -27.689679919505622, 
          -12.703535971093594, 
          49.01767122544928
        ], 
        [
          -38.70237484491814, 
          -11.423450657672225, 
          46.516810842933985
        ], 
        [
          -40.6932139923386, 
          -18.518265586251687, 
          51.65208798444394
        ], 
        [
          -29.680519066926074, 
          -19.798350899673057, 
          54.15294836695923
        ], 
        [
          -28.110622211079967, 
          -10.384584942840503, 
          52.05830274947856
        ], 
        [
          -39.12331713649249, 
          -9.104499629419132, 
          49.557442366963265
        ], 
        [
          -41.11415628391295, 
          -16.199314557998594, 
          54.69271950847322
        ], 
        [
          -30.101461358500426, 
          -17.479399871419965, 
          57.19357989098851
        ]
      ], 
      "cuboid_centroid": [
        -34.401918101709285, 
        -14.451425264546094, 
        51.85519536696125
      ], 
      "location": [
        -34.401918101709285, 
        -14.451425264546094, 
        51.85519536696125
      ], 
      "pose_transform_permuted": [
        [
          0.10941807840857361, 
          -0.6027789806675296, 
          -0.7903697612884172, 
          0.0
        ], 
        [
          0.9689667429950712, 
          -0.1126300242858372, 
          0.22004155712508094, 
          0.0
        ], 
        [
          0.22165504970490563, 
          0.7899189433154443, 
          -0.5717489087577494, 
          0.0
        ], 
        [
          -34.401918101709285, 
          -14.451425264546094, 
          51.85519536696125, 
          1.0
        ]
      ], 
      "projected_cuboid": [
        [
          177.81859179223176, 
          135.07016948562278
        ], 
        [
          34.17291814516295, 
          142.31560870391073
        ], 
        [
          57.92888627884938, 
          82.08122433590152
        ], 
        [
          186.85568075226377, 
          78.30457360639762
        ], 
        [
          191.21339645594261, 
          166.90000172086692
        ], 
        [
          57.05715723961842, 
          175.30714850066227
        ], 
        [
          77.34374119897562, 
          115.3238006121293
        ], 
        [
          198.56735084098634, 
          110.29435824245965
        ]
      ], 
      "projected_cuboid_centroid": [
        124.83216697727553, 
        124.65672290166756
      ], 
      "quaternion_xyzw": [
        0.941973387044312, 
        -0.0887193519977379, 
        0.08743867928355714, 
        0.31172002988074526
      ], 
      "visibility": 0.4675195215152019
    }, 
    {
      "bounding_box": {
        "bottom_right": [
          392, 
          204
        ], 
        "top_left": [
          167, 
          0
        ]
      }, 
      "class": "019_pitcher_base", 
      "cuboid": [
        [
          -47.797040494353496, 
          13.978337713075838, 
          54.262008284048704
        ], 
        [
          -29.730426509137153, 
          13.152664617513816, 
          59.617687228162154
        ], 
        [
          -34.852618814379476, 
          -5.678522798652044, 
          73.99350533325374
        ], 
        [
          -52.919232799595804, 
          -4.85284970309002, 
          68.63782638914027
        ], 
        [
          -45.20633862019717, 
          5.618038319911511, 
          44.23375872850547
        ], 
        [
          -27.139724634980837, 
          4.792365224349488, 
          49.58943767261893
        ], 
        [
          -32.26191694022316, 
          -14.038822191816369, 
          63.9652557777105
        ], 
        [
          -50.328530925439495, 
          -13.213149096254345, 
          58.60957683359705
        ]
      ], 
      "cuboid_centroid": [
        -40.02947871728833, 
        -0.030242239370266433, 
        59.1136320308796
      ], 
      "location": [
        -40.02947871728833, 
        -0.030242239370266433, 
        59.1136320308796
      ], 
      "pose_transform_permuted": [
        [
          -0.19463448826577343, 
          0.6280933404068758, 
          0.7534032533481912, 
          0.0
        ], 
        [
          -0.9578414951419431, 
          0.043774885155500515, 
          -0.28394316342440157, 
          0.0
        ], 
        [
          0.2113228895150704, 
          0.7769058052957545, 
          -0.593093589633843, 
          0.0
        ], 
        [
          -40.02947871728833, 
          -0.030242239370266433, 
          59.1136320308796, 
          1.0
        ]
      ], 
      "projected_cuboid": [
        [
          7.9041603791828985, 
          410.6740302308626
        ], 
        [
          213.4223988850568, 
          390.94580887124596
        ], 
        [
          228.29802290523907, 
          232.35771053414422
        ], 
        [
          66.98517434255214, 
          235.5796361606971
        ], 
        [
          -67.99091498956375, 
          341.02235653134943
        ], 
        [
          187.2850533247544, 
          324.82699384881835
        ], 
        [
          210.36704170808156, 
          156.23582492601545
        ], 
        [
          19.814635842112192, 
          153.05309578478273
        ]
      ], 
      "projected_cuboid_centroid": [
        117.44395301897667, 
        273.0136943421426
      ], 
      "quaternion_xyzw": [
        -0.12812232407616633, 
        0.3269298243570025, 
        0.9338295553506926, 
        0.06829345173562505
      ], 
      "visibility": 0.24064140895230876
    }, 
    {
      "bounding_box": {
        "bottom_right": [
          206, 
          271
        ], 
        "top_left": [
          18, 
          0
        ]
      }, 
      "class": "035_power_drill", 
      "cuboid": [
        [
          -15.753973192128246, 
          -8.296151154289836, 
          37.85801117226129
        ], 
        [
          -33.89893816436791, 
          -6.592509522317382, 
          35.074595943285416
        ], 
        [
          -36.92350828065383, 
          -21.81769687325922, 
          45.47279705065155
        ], 
        [
          -18.778543308414157, 
          -23.52133850523167, 
          48.256212279627434
        ], 
        [
          -16.163474621343788, 
          -5.023659780202052, 
          42.53052522251702
        ], 
        [
          -34.30843959358346, 
          -3.3200181482295963, 
          39.747109993541144
        ], 
        [
          -37.33300970986937, 
          -18.54520549917143, 
          50.14531110090728
        ], 
        [
          -19.1880447376297, 
          -20.248847131143886, 
          52.928726329883155
        ]
      ], 
      "cuboid_centroid": [
        -26.543491450998808, 
        -13.420678326730634, 
        44.00166113658429
      ], 
      "location": [
        -26.543491450998808, 
        -13.420678326730634, 
        44.00166113658429
      ], 
      "pose_transform_permuted": [
        [
          0.07160117142277381, 
          -0.5721938902740085, 
          -0.8169873304925231, 
          0.0
        ], 
        [
          0.9842084261981949, 
          -0.09240791877937533, 
          0.15097635769248346, 
          0.0
        ], 
        [
          0.16188369488498325, 
          0.8148958327714912, 
          -0.5565416408612142, 
          0.0
        ], 
        [
          -26.543491450998808, 
          -13.420678326730634, 
          44.00166113658429, 
          1.0
        ]
      ], 
      "projected_cuboid": [
        [
          257.8156379521076, 
          156.4156369877635
        ], 
        [
          -38.14175318866784, 
          173.04548499313458
        ], 
        [
          44.9374516236611, 
          17.40157473098844
        ], 
        [
          272.3302323261679, 
          13.332640759926948
        ], 
        [
          277.22303400617744, 
          210.2914038759072
        ], 
        [
          17.416294078721947, 
          228.73913075554714
        ], 
        [
          81.2336281561203, 
          76.04932777171769
        ], 
        [
          286.6435769646296, 
          69.25542934731723
        ]
      ], 
      "projected_cuboid_centroid": [
        157.19716597490844, 
        110.62198427586995
      ], 
      "quaternion_xyzw": [
        0.9508011870867391, 
        -0.06686245692527733, 
        0.05852367775150665, 
        0.2967853707129025
      ], 
      "visibility": 0.8400478035156069
    }, 
    {
      "bounding_box": {
        "bottom_right": [
          84, 
          95
        ], 
        "top_left": [
          3, 
          0
        ]
      }, 
      "class": "061_foam_brick", 
      "cuboid": [
        [
          -43.98856366757293, 
          -23.914328547932843, 
          46.61702982150794
        ], 
        [
          -36.38408124611382, 
          -24.380579603203618, 
          48.228877275438236
        ], 
        [
          -35.46700587654413, 
          -20.49308616372742, 
          45.02675315634337
        ], 
        [
          -43.07148829800324, 
          -20.02683510845665, 
          43.414905702413066
        ], 
        [
          -44.61785035458591, 
          -20.509034909398316, 
          50.570953182172076
        ], 
        [
          -37.0133679331268, 
          -20.975285964669087, 
          52.18280063610238
        ], 
        [
          -36.09629256355711, 
          -17.087792525192892, 
          48.9806765170075
        ], 
        [
          -43.700774985016224, 
          -16.621541469922118, 
          47.36882906307721
        ]
      ], 
      "cuboid_centroid": [
        -40.04242811556502, 
        -20.501060536562868, 
        47.79885316925772
      ], 
      "location": [
        -40.04242811556502, 
        -20.501060536562868, 
        47.79885316925772
      ], 
      "pose_transform_permuted": [
        [
          0.119727298704152, 
          -0.6478869123569465, 
          -0.7522685177126511, 
          0.0
        ], 
        [
          -0.9765111137478267, 
          0.05987249519885174, 
          -0.206981470295393, 
          0.0
        ], 
        [
          -0.17914077891978125, 
          -0.7593799003892887, 
          0.6255003982514865, 
          0.0
        ], 
        [
          -40.04242811556502, 
          -20.501060536562868, 
          47.79885316925772, 
          1.0
        ]
      ], 
      "projected_cuboid": [
        [
          -25.84552918418862, 
          -0.3040314271070811
        ], 
        [
          75.90548302980984, 
          3.6837338939058606
        ], 
        [
          58.00713103248161, 
          30.556085426258363
        ], 
        [
          -51.91316722996026, 
          27.271875978249046
        ], 
        [
          7.137464045039872, 
          56.998940836069806
        ], 
        [
          100.15994401716094, 
          58.91454891204163
        ], 
        [
          85.29206275151655, 
          87.22838127781162
        ], 
        [
          -14.524638012331335, 
          86.14673014289849
        ]
      ], 
      "projected_cuboid_centroid": [
        31.09720143118789, 
        44.54429135870297
      ], 
      "quaternion_xyzw": [
        0.06398731041295569, 
        0.9338307571302422, 
        -0.34090420048962694, 
        0.08746466276275652
      ], 
      "visibility": 0.7039845169238688
    }
  ]
}