{
  "camera_data": {
    "location_worldframe": [
      -21.63041560259433, 
      -19.29669478321065, 
      63.15182815314686
    ], 
    "quaternion_xyzw_worldframe": [
      0.894724567586401, 
      -0.0034374708498761263, 
      0.11104018249433621, 
      -0.4325828790718569
    ]
  }, 
  "objects": [
    {
      "bounding_box": {
        "bottom_right": [
          321, 
          235
        ], 
        "top_left": [
          96, 
          0
        ]
      }, 
      "class": "003_cracker_box", 
      "cuboid": [
        [
          -22.053898098165142, 
          -1.9041584091015744, 
          43.78500256774404
        ], 
        [
          -37.96529867810568, 
          0.5437193261570744, 
          40.63645657553604
        ], 
        [
          -42.90912894049841, 
          -16.683252986884845, 
          52.22712154389452
        ], 
        [
          -26.997728360557876, 
          -19.131130722143492, 
          55.375667536102526
        ], 
        [
          -22.584376904392272, 
          2.19715463519983, 
          49.65443363759481
        ], 
        [
          -38.49577748433281, 
          4.6450323704584795, 
          46.50588764538682
        ], 
        [
          -43.43960774672554, 
          -12.581939942583439, 
          58.0965526137453
        ], 
        [
          -27.528207166785002, 
          -15.02981767784209, 
          61.245098605953295
        ]
      ], 
      "cuboid_centroid": [
        -32.746752922445346, 
        -7.243049175842507, 
        50.940777590744666
      ], 
      "location": [
        -32.746752922445346, 
        -7.243049175842507, 
        50.940777590744666
      ], 
      "pose_transform_permuted": [
        [
          0.07388284385932573, 
          -0.5712135295761427, 
          -0.8174695278800452, 
          0.0
        ], 
        [
          0.9699943858651685, 
          -0.14922807383019873, 
          0.19194236992124353, 
          0.0
        ], 
        [
          0.23162948165834424, 
          0.8071221008063738, 
          -0.5430485223408612, 
          0.0
        ], 
        [
          -32.746752922445346, 
          -7.243049175842507, 
          50.940777590744666, 
          1.0
        ]
      ], 
      "projected_cuboid": [
        [
          210.73279698387955, 
          250.09309480502654
        ], 
        [
          -20.818084093969883, 
          280.4224004267538
        ], 
        [
          39.77709321586678, 
          102.92475533128027
        ], 
        [
          219.4168097647564, 
          89.03581710887264
        ], 
        [
          237.00531012599814, 
          296.88534897099674
        ], 
        [
          36.456786483025645, 
          326.554776758405
        ], 
        [
          79.50336570085923, 
          157.78579544554535
        ], 
        [
          239.88500353723333, 
          142.40755694398965
        ]
      ], 
      "projected_cuboid_centroid": [
        135.90102252357914, 
        197.456129612281
      ], 
      "quaternion_xyzw": [
        0.9479696744294603, 
        -0.10044033204906153, 
        0.07010382846385811, 
        0.2938548779494522
      ], 
      "visibility": 0.5428270095244854
    }, 
    {
      "bounding_box": {
        "bottom_right": [
          324, 
          301
        ], 
        "top_left": [
          179, 
          208
        ]
      }, 
      "class": "006_mustard_bottle", 
      "cuboid": [
        [
          -18.19116155869838, 
          3.4320720264079436, 
          55.12692847508834
        ], 
        [
          -27.083125937886095, 
          3.0257946098357165, 
          51.52498789392299
        ], 
        [
          -30.961822403571748, 
          -11.94249511031171, 
          62.78850209532557
        ], 
        [
          -22.069858024384033, 
          -11.53621769373948, 
          66.39044267649092
        ], 
        [
          -20.045890771967258, 
          7.050954944599473, 
          59.29743472194192
        ], 
        [
          -28.937855151154974, 
          6.644677528027246, 
          55.69549414077657
        ], 
        [
          -32.81655161684063, 
          -8.32361219212018, 
          66.95900834217915
        ], 
        [
          -23.924587237652908, 
          -7.9173347755479515, 
          70.5609489233445
        ]
      ], 
      "cuboid_centroid": [
        -25.5038565877695, 
        -2.4457700828561175, 
        61.04296840863375
      ], 
      "location": [
        -25.5038565877695, 
        -2.4457700828561175, 
        61.04296840863375
      ], 
      "pose_transform_permuted": [
        [
          0.3184139067471653, 
          -0.6212781034548244, 
          -0.7159790106684397, 
          0.0
        ], 
        [
          0.9260148025772903, 
          0.04230998749604872, 
          0.3751083735748906, 
          0.0
        ], 
        [
          0.20275358806006005, 
          0.7824470088679434, 
          -0.588784902016331, 
          0.0
        ], 
        [
          -25.5038565877695, 
          -2.4457700828561175, 
          61.04296840863375, 
          1.0
        ]
      ], 
      "projected_cuboid": [
        [
          304.1420140254902, 
          306.48975233001596
        ], 
        [
          198.9316825539731, 
          304.6056238471383
        ], 
        [
          216.41867720530686, 
          171.84811690578672
        ], 
        [
          302.83074302249815, 
          180.61520512443437
        ], 
        [
          299.8023791121994, 
          336.70264307342916
        ], 
        [
          202.18959649201875, 
          336.91352799604897
        ], 
        [
          218.03939275803606, 
          206.99007549360203
        ], 
        [
          299.2613387284567, 
          213.4450853543055
        ]
      ], 
      "projected_cuboid_centroid": [
        256.9183428473737, 
        251.9183588917566
      ], 
      "quaternion_xyzw": [
        0.9252622360868394, 
        -0.04335084538913167, 
        0.1873853306861229, 
        0.32695136532017344
      ], 
      "visibility": 0.6924923195084486
    }, 
    {
      "bounding_box": {
        "bottom_right": [
          167, 
          202
        ], 
        "top_left": [
          72, 
          48
        ]
      }, 
      "class": "008_pudding_box", 
      "cuboid": [
        [
          -25.780727587024433, 
          -12.714322349996591, 
          47.656079489528324
        ], 
        [
          -36.73373112641171, 
          -11.31355676895913, 
          44.96499423710158
        ], 
        [
          -38.86054396762671, 
          -18.536401955820285, 
          49.86173654672847
        ], 
        [
          -27.907540428239425, 
          -19.937167536857743, 
          52.55282179915521
        ], 
        [
          -26.254753902764254, 
          -10.477324457066404, 
          50.74983219913596
        ], 
        [
          -37.20775744215154, 
          -9.076558876028942, 
          48.05874694670921
        ], 
        [
          -39.33457028336653, 
          -16.299404062890098, 
          52.95548925633611
        ], 
        [
          -28.381566743979253, 
          -17.70016964392756, 
          55.646574508762846
        ]
      ], 
      "cuboid_centroid": [
        -32.55764893519548, 
        -14.506863206443343, 
        50.305784372932216
      ], 
      "location": [
        -32.55764893519548, 
        -14.506863206443343, 
        50.305784372932216
      ], 
      "pose_transform_permuted": [
        [
          0.12321653020266038, 
          -0.5814764060246912, 
          -0.8041778726735432, 
          0.0
        ], 
        [
          0.9637147162846728, 
          -0.12324823959532541, 
          0.23677874760235723, 
          0.0
        ], 
        [
          0.23679402057336585, 
          0.8041735119479381, 
          -0.54519103737678, 
          0.0
        ], 
        [
          -32.55764893519548, 
          -14.506863206443343, 
          50.305784372932216, 
          1.0
        ]
      ], 
      "projected_cuboid": [
        [
          190.68040540553952, 
          131.00045048458762
        ], 
        [
          42.275788714720974, 
          139.09901093788014
        ], 
        [
          62.48205813691305, 
          75.02175923057369
        ], 
        [
          196.02399129519722, 
          70.95902222963261
        ], 
        [
          203.39197296215676, 
          163.18248305045893
        ], 
        [
          65.25260720556223, 
          172.56176041368442
        ], 
        [
          82.15374693339034, 
          109.13374659317475
        ], 
        [
          207.3198921248552, 
          103.64721732439328
        ]
      ], 
      "projected_cuboid_centroid": [
        133.55891959246608, 
        119.49121732753287
      ], 
      "quaternion_xyzw": [
        0.9449955159822392, 
        -0.09524972713612803, 
        0.09523729788041226, 
        0.2980615845119646
      ], 
      "visibility": 0.5360167845209418
    }, 
    {
      "bounding_box": {
        "bottom_right": [
          392, 
          217
        ], 
        "top_left": [
          162, 
          0
        ]
      }, 
      "class": "019_pitcher_base", 
      "cuboid": [
        [
          -45.8792997014513, 
          13.910469106209833, 
          53.21482566407856
        ], 
        [
          -27.93117454467233, 
          12.852077263814088, 
          58.91677129416987
        ], 
        [
          -33.429756389454425, 
          -6.340110338601123, 
          72.66232157181456
        ], 
        [
          -51.3778815462334, 
          -5.28171849620538, 
          66.96037594172324
        ], 
        [
          -43.11680749169595, 
          5.81498401061614, 
          43.01659595738852
        ], 
        [
          -25.16868233491698, 
          4.756592168220395, 
          48.71854158747983
        ], 
        [
          -30.66726417969907, 
          -14.435595434194815, 
          62.464091865124516
        ], 
        [
          -48.615389336478046, 
          -13.37720359179907, 
          56.76214623503321
        ]
      ], 
      "cuboid_centroid": [
        -38.27328194057519, 
        -0.2625631639924922, 
        57.83945876460154
      ], 
      "location": [
        -38.27328194057519, 
        -0.2625631639924922, 
        57.83945876460154
      ], 
      "pose_transform_permuted": [
        [
          -0.20754076837151186, 
          0.6081983475451804, 
          0.766173537750202, 
          0.0
        ], 
        [
          -0.9515595478616762, 
          0.05611298418153682, 
          -0.30230125755793813, 
          0.0
        ], 
        [
          0.2268513430245933, 
          0.7917993504669529, 
          -0.5670910480408325, 
          0.0
        ], 
        [
          -38.27328194057519, 
          -0.2625631639924922, 
          57.83945876460154, 
          1.0
        ]
      ], 
      "projected_cuboid": [
        [
          17.9624290305044, 
          412.6974163007597
        ], 
        [
          226.65471031283775, 
          389.6246253996599
        ], 
        [
          234.18796184640846, 
          226.75203523092844
        ], 
        [
          68.97728284956509, 
          231.21921283267676
        ], 
        [
          -57.41972470199261, 
          345.3806862901651
        ], 
        [
          203.78063012352945, 
          325.3567287098532
        ], 
        [
          217.57736259778898, 
          150.03515450794055
        ], 
        [
          21.015346376339988, 
          147.59846737830915
        ]
      ], 
      "projected_cuboid_centroid": [
        125.7501384447964, 
        270.86552505760284
      ], 
      "quaternion_xyzw": [
        -0.1360758341450426, 
        0.31368242854173806, 
        0.9366873058922639, 
        0.07552262249795988
      ], 
      "visibility": 0.24398117269346917
    }, 
    {
      "bounding_box": {
        "bottom_right": [
          207, 
          292
        ], 
        "top_left": [
          9, 
          10
        ]
      }, 
      "class": "035_power_drill", 
      "cuboid": [
        [
          -13.597839363950115, 
          -8.060946920607853, 
          36.86962952438961
        ], 
        [
          -31.673870474793898, 
          -6.194839232312894, 
          33.7608853460463
        ], 
        [
          -34.97763688560628, 
          -21.683769117280765, 
          43.67325736540557
        ], 
        [
          -16.901605774762494, 
          -23.54987680557572, 
          46.78200154374888
        ], 
        [
          -14.090199407309534, 
          -4.915419727122636, 
          41.62068404171456
        ], 
        [
          -32.16623051815331, 
          -3.049312038827677, 
          38.51193986337125
        ], 
        [
          -35.4699969289657, 
          -18.538241923795546, 
          48.42431188273053
        ], 
        [
          -17.393965818121913, 
          -20.404349612090506, 
          51.533056061073836
        ]
      ], 
      "cuboid_centroid": [
        -24.533918146457907, 
        -13.2995944222017, 
        42.646970703560065
      ], 
      "location": [
        -24.533918146457907, 
        -13.2995944222017, 
        42.646970703560065
      ], 
      "pose_transform_permuted": [
        [
          0.08608896905154913, 
          -0.5499942508800969, 
          -0.8307201017236789, 
          0.0
        ], 
        [
          0.98046935658081, 
          -0.10122030622947148, 
          0.16862265757476452, 
          0.0
        ], 
        [
          0.17682708386868531, 
          0.8290120920298124, 
          -0.5305386702487389, 
          0.0
        ], 
        [
          -24.533918146457907, 
          -13.2995944222017, 
          42.646970703560065, 
          1.0
        ]
      ], 
      "projected_cuboid": [
        [
          283.265032016529, 
          156.68485504834706
        ], 
        [
          -22.923700201606103, 
          175.4268686236743
        ], 
        [
          50.90525262442272, 
          8.493403582261953
        ], 
        [
          287.31133678462214, 
          4.815543427340486
        ], 
        [
          299.54330377530067, 
          210.30127811994754
        ], 
        [
          32.44178314045582, 
          231.05917079931456
        ], 
        [
          87.69393822220022, 
          69.11621379660365
        ], 
        [
          300.08544027054603, 
          62.12034560383411
        ]
      ], 
      "projected_cuboid_centroid": [
        172.2325778362283, 
        106.96911762121744
      ], 
      "quaternion_xyzw": [
        0.9539656113212757, 
        -0.07286619842434662, 
        0.06675073598133403, 
        0.28316872964431594
      ], 
      "visibility": 0.8829892488005924
    }, 
    {
      "bounding_box": {
        "bottom_right": [
          78, 
          101
        ], 
        "top_left": [
          0, 
          0
        ]
      }, 
      "class": "061_foam_brick", 
      "cuboid": [
        [
          -42.07368348773202, 
          -23.77700479528632, 
          44.61382030975701
        ], 
        [
          -34.506274873322816, 
          -24.323609854860837, 
          46.368569559928204
        ], 
        [
          -33.50659743005286, 
          -20.35451718606447, 
          43.293804569647634
        ], 
        [
          -41.074006044462045, 
          -19.807912126489953, 
          41.53905531947644
        ], 
        [
          -42.7703448525731, 
          -20.47804082500942, 
          48.64582181107787
        ], 
        [
          -35.202936238163915, 
          -21.024645884583933, 
          50.40057106124907
        ], 
        [
          -34.20325879489394, 
          -17.055553215787565, 
          47.32580607096849
        ], 
        [
          -41.770667409303144, 
          -16.50894815621305, 
          45.571056820797295
        ]
      ], 
      "cuboid_centroid": [
        -38.138471141312976, 
        -20.416279005536943, 
        45.96981319036275
      ], 
      "location": [
        -38.138471141312976, 
        -20.416279005536943, 
        45.96981319036275
      ], 
      "pose_transform_permuted": [
        [
          0.13254592071522864, 
          -0.6276567625455437, 
          -0.7671235671862775, 
          0.0
        ], 
        [
          -0.9717503709902361, 
          0.0701909592162474, 
          -0.22533185687922924, 
          0.0
        ], 
        [
          -0.1952762028053871, 
          -0.775319429445148, 
          0.6006221665429602, 
          0.0
        ], 
        [
          -38.138471141312976, 
          -20.416279005536943, 
          45.96981319036275, 
          1.0
        ]
      ], 
      "projected_cuboid": [
        [
          -25.548764200766268, 
          -10.946961827303308
        ], 
        [
          81.40717338811969, 
          -6.477483038151687
        ], 
        [
          65.40258960831152, 
          22.547137061878633
        ], 
        [
          -50.14642745825079, 
          18.972920169400716
        ], 
        [
          8.784571828489979, 
          48.77927732973732
        ], 
        [
          105.98877672392094, 
          50.81176947413284
        ], 
        [
          92.94480092530554, 
          81.08567999378893
        ], 
        [
          -11.320223168102775, 
          80.08177242402448
        ]
      ], 
      "projected_cuboid_centroid": [
        35.44564816058079, 
        36.426723823620975
      ], 
      "quaternion_xyzw": [
        0.07080566141011116, 
        0.9373090962459585, 
        -0.327607758744665, 
        0.09545351128773946
      ], 
      "visibility": 0.6667719071041267
    }
  ]
}