{
  "camera_data": {
    "location_worldframe": [
      -25.72611140491801, 
      -17.07340483546235, 
      69.85227875220927
    ], 
    "quaternion_xyzw_worldframe": [
      0.9179635631181362, 
      -0.00034204796868084116, 
      0.06468787212566121, 
      -0.3913555447607487
    ]
  }, 
  "objects": [
    {
      "bounding_box": {
        "bottom_right": [
          315, 
          224
        ], 
        "top_left": [
          127, 
          0
        ]
      }, 
      "class": "003_cracker_box", 
      "cuboid": [
        [
          -28.476801922391477, 
          -1.6352352457208383, 
          49.07130946631717
        ], 
        [
          -44.68229326362483, 
          -0.018453860872381933, 
          47.11014041955585
        ], 
        [
          -47.93396587670137, 
          -16.209939291392683, 
          60.63108609347276
        ], 
        [
          -31.72847453546802, 
          -17.826720676241138, 
          62.59225514023409
        ], 
        [
          -28.679700887098818, 
          2.989044116418689, 
          54.560140847035086
        ], 
        [
          -44.88519222833217, 
          4.605825501267145, 
          52.598971800273766
        ], 
        [
          -48.136864841408716, 
          -11.585659929253154, 
          66.11991747419069
        ], 
        [
          -31.931373500175365, 
          -13.202441314101609, 
          68.081086520952
        ]
      ], 
      "cuboid_centroid": [
        -38.3068333819001, 
        -6.610447587486997, 
        57.59561347025392
      ], 
      "location": [
        -38.3068333819001, 
        -6.610447587486997, 
        57.59561347025392
      ], 
      "pose_transform_permuted": [
        [
          0.028258909409234825, 
          -0.6440500658353827, 
          -0.7644612133630065, 
          0.0
        ], 
        [
          0.9879228130929056, 
          -0.09856259092938859, 
          0.11955722914105227, 
          0.0
        ], 
        [
          0.1523481191534729, 
          0.7586072293135134, 
          -0.6334864814845494, 
          0.0
        ], 
        [
          -38.3068333819001, 
          -6.610447587486997, 
          57.59561347025392, 
          1.0
        ]
      ], 
      "projected_cuboid": [
        [
          169.52470780787127, 
          255.514381723139
        ], 
        [
          -28.452982498092307, 
          273.0776274305283
        ], 
        [
          56.449446953538995, 
          130.70162612966166
        ], 
        [
          209.00053287307333, 
          121.39331702205703
        ], 
        [
          198.9198080109237, 
          302.504126820105
        ], 
        [
          22.697579469939722, 
          319.9866321547978
        ], 
        [
          90.09213636433064, 
          179.83724826258782
        ], 
        [
          229.37512926654813, 
          169.86397441363346
        ]
      ], 
      "projected_cuboid_centroid": [
        123.93030614981642, 
        212.07560646224846
      ], 
      "quaternion_xyzw": [
        0.9368819637192064, 
        -0.06695366113325618, 
        0.03944363972049662, 
        0.3409011478480184
      ], 
      "visibility": 0.5718422913581709
    }, 
    {
      "bounding_box": {
        "bottom_right": [
          332, 
          284
        ], 
        "top_left": [
          203, 
          189
        ]
      }, 
      "class": "006_mustard_bottle", 
      "cuboid": [
        [
          -23.89716708507213, 
          4.883725084596153, 
          59.49071458693874
        ], 
        [
          -33.03583162848731, 
          3.845919337680353, 
          56.73139630069476
        ], 
        [
          -35.346062783718374, 
          -10.095074566622158, 
          69.62605630218339
        ], 
        [
          -26.2073982403032, 
          -9.057268819706357, 
          72.38537458842738
        ], 
        [
          -25.54130585218168, 
          8.822527742629012, 
          63.45456343884227
        ], 
        [
          -34.679970395596854, 
          7.784721995713212, 
          60.695245152598275
        ], 
        [
          -36.99020155082792, 
          -6.156271908589298, 
          73.5899051540869
        ], 
        [
          -27.851537007412748, 
          -5.118466161673498, 
          76.34922344033089
        ]
      ], 
      "cuboid_centroid": [
        -30.443684317950026, 
        -0.6362734119965727, 
        66.54030987051283
      ], 
      "location": [
        -30.443684317950026, 
        -0.6362734119965727, 
        66.54030987051283
      ], 
      "pose_transform_permuted": [
        [
          0.2822604207258611, 
          -0.6762008886677013, 
          -0.6805007381457007, 
          0.0
        ], 
        [
          0.9517063139386689, 
          0.1080777478251213, 
          0.28735715406875584, 
          0.0
        ], 
        [
          0.12076419490805249, 
          0.7287465158016928, 
          -0.6740508326047097, 
          0.0
        ], 
        [
          -30.443684317950026, 
          -0.6362734119965727, 
          66.54030987051283, 
          1.0
        ]
      ], 
      "projected_cuboid": [
        [
          265.57954980198843, 
          317.06792881736123
        ], 
        [
          168.44627945850135, 
          309.4411936364806
        ], 
        [
          208.59811229273063, 
          195.9605878143608
        ], 
        [
          286.89757552768066, 
          206.5545654101824
        ], 
        [
          265.1398986265037, 
          347.4376559345149
        ], 
        [
          174.33016258359686, 
          341.68966708024385
        ], 
        [
          211.28826295715413, 
          228.67090270778752
        ], 
        [
          285.4254020052972, 
          237.5326937795657
        ]
      ], 
      "projected_cuboid_centroid": [
        235.5579684674598, 
        268.18681615072484
      ], 
      "quaternion_xyzw": [
        0.9166451832478669, 
        -0.0034600212041644143, 
        0.15535388861596966, 
        0.36825910012644825
      ], 
      "visibility": 0.8416216837027679
    }, 
    {
      "bounding_box": {
        "bottom_right": [
          183, 
          193
        ], 
        "top_left": [
          106, 
          49
        ]
      }, 
      "class": "008_pudding_box", 
      "cuboid": [
        [
          -31.42415529626871, 
          -12.141230837213838, 
          54.235735993934995
        ], 
        [
          -42.61194576069515, 
          -11.361166751090792, 
          52.39258241153657
        ], 
        [
          -44.025933043434115, 
          -18.14809007685902, 
          58.103030943500244
        ], 
        [
          -32.83814257900768, 
          -18.928154162982068, 
          59.94618452589866
        ], 
        [
          -31.727713525166735, 
          -9.635298399659467, 
          57.138893132168064
        ], 
        [
          -42.91550398959318, 
          -8.855234313536421, 
          55.29573954976965
        ], 
        [
          -44.32949127233214, 
          -15.642157639304651, 
          61.00618808173331
        ], 
        [
          -33.1417008079057, 
          -16.4222217254277, 
          62.84934166413174
        ]
      ], 
      "cuboid_centroid": [
        -37.87682328430043, 
        -13.891694238259245, 
        57.620962037834154
      ], 
      "location": [
        -37.87682328430043, 
        -13.891694238259245, 
        57.620962037834154
      ], 
      "pose_transform_permuted": [
        [
          0.07890572830519507, 
          -0.6513821904504064, 
          -0.7546352118613187, 
          0.0
        ], 
        [
          0.9843727589884661, 
          -0.06863498553055229, 
          0.16217234161777155, 
          0.0
        ], 
        [
          0.15742980634256998, 
          0.7556390625861181, 
          -0.6357870523240177, 
          0.0
        ], 
        [
          -37.87682328430043, 
          -13.891694238259245, 
          57.620962037834154, 
          1.0
        ]
      ], 
      "projected_cuboid": [
        [
          170.01689600061945, 
          153.89742947903326
        ], 
        [
          44.22272896507185, 
          157.6378633573071
        ], 
        [
          74.12155090316107, 
          106.70776097142857
        ], 
        [
          187.013324844645, 
          104.88957713667101
        ], 
        [
          182.99095745392302, 
          183.3531660774737
        ], 
        [
          64.23374163724871, 
          187.87905611337266
        ], 
        [
          90.83662192427335, 
          136.5419018321531
        ], 
        [
          198.02346733500633, 
          133.9327720795786
        ]
      ], 
      "projected_cuboid_centroid": [
        128.1008421737756, 
        144.70984785562956
      ], 
      "quaternion_xyzw": [
        0.9346987527321172, 
        -0.060464612585695826, 
        0.06448015181851299, 
        0.34427382057910055
      ], 
      "visibility": 0.3463852242744063
    }, 
    {
      "bounding_box": {
        "bottom_right": [
          390, 
          196
        ], 
        "top_left": [
          185, 
          0
        ]
      }, 
      "class": "019_pitcher_base", 
      "cuboid": [
        [
          -52.05070900676032, 
          14.225181121532499, 
          59.04092396109696
        ], 
        [
          -33.659797454840565, 
          14.301157736555226, 
          63.22854545156189
        ], 
        [
          -37.20342153908139, 
          -3.6575097172952904, 
          79.11701961797964
        ], 
        [
          -55.59433309100113, 
          -3.733486332318016, 
          74.9293981275147
        ], 
        [
          -49.826054810582185, 
          5.285866659867897, 
          49.43302606638269
        ], 
        [
          -31.435143258662436, 
          5.361843274890623, 
          53.62064755684762
        ], 
        [
          -34.97876734290325, 
          -12.596824178959892, 
          69.50912172326537
        ], 
        [
          -53.369678894823004, 
          -12.672800793982619, 
          65.32150023280043
        ]
      ], 
      "cuboid_centroid": [
        -43.514738174831784, 
        0.8141784712863032, 
        64.27502284218116
      ], 
      "location": [
        -43.514738174831784, 
        0.8141784712863032, 
        64.27502284218116
      ], 
      "pose_transform_permuted": [
        [
          -0.16713402470612135, 
          0.6715936376351793, 
          0.7218230351790296, 
          0.0
        ], 
        [
          -0.9750348478319532, 
          -0.004028068269391279, 
          -0.22201601433437798, 
          0.0
        ], 
        [
          0.14619694775429531, 
          0.7409088281015653, 
          -0.6555002371536511, 
          0.0
        ], 
        [
          -43.514738174831784, 
          0.8141784712863032, 
          64.27502284218116, 
          1.0
        ]
      ], 
      "projected_cuboid": [
        [
          7.502212025275451, 
          401.7833018747082
        ], 
        [
          195.31770288224365, 
          393.9138184044428
        ], 
        [
          228.72276290793823, 
          248.6316461858266
        ], 
        [
          82.59971053114415, 
          246.7129710733108
        ], 
        [
          -60.4425663482478, 
          330.31432745872405
        ], 
        [
          166.33252623800712, 
          326.61629341495563
        ], 
        [
          210.98046513830437, 
          176.63543876096466
        ], 
        [
          42.22729267145922, 
          169.81903014756
        ]
      ], 
      "projected_cuboid_centroid": [
        117.52624654330789, 
        280.042153206956
      ], 
      "quaternion_xyzw": [
        -0.10494189004668868, 
        0.35787671982021746, 
        0.9270607735084777, 
        0.038338608305813496
      ], 
      "visibility": 0.2808127479885375
    }, 
    {
      "bounding_box": {
        "bottom_right": [
          214, 
          243
        ], 
        "top_left": [
          51, 
          0
        ]
      }, 
      "class": "035_power_drill", 
      "cuboid": [
        [
          -20.38695355790104, 
          -8.146738419282865, 
          42.043566563553256
        ], 
        [
          -38.720718675209824, 
          -7.175331262628706, 
          40.36458659040234
        ], 
        [
          -40.550628137026536, 
          -21.74481904122358, 
          51.91700615341025
        ], 
        [
          -22.21686301971775, 
          -22.716226197877738, 
          53.59598612656116
        ], 
        [
          -20.606783167380016, 
          -4.579064031389729, 
          46.508166564517886
        ], 
        [
          -38.9405482846888, 
          -3.6076568747355706, 
          44.82918659136697
        ], 
        [
          -40.77045774650551, 
          -18.177144653330444, 
          56.381606154374886
        ], 
        [
          -22.436692629196724, 
          -19.1485518099846, 
          58.060586127525795
        ]
      ], 
      "cuboid_centroid": [
        -30.578705652203276, 
        -13.161941536306653, 
        49.21258635896407
      ], 
      "location": [
        -30.578705652203276, 
        -13.161941536306653, 
        49.21258635896407
      ], 
      "pose_transform_permuted": [
        [
          0.03843712482825239, 
          -0.6238065296072967, 
          -0.7806336368973318, 
          0.0
        ], 
        [
          0.9944492116683653, 
          -0.05269049074004595, 
          0.09107023571118958, 
          0.0
        ], 
        [
          0.097942019392708, 
          0.7798009050875613, 
          -0.6183187335123755, 
          0.0
        ], 
        [
          -30.578705652203276, 
          -13.161941536306653, 
          49.21258635896407, 
          1.0
        ]
      ], 
      "projected_cuboid": [
        [
          220.83493703749286, 
          169.94575381155173
        ], 
        [
          -34.26624097834152, 
          178.48203231581977
        ], 
        [
          61.567673560382836, 
          49.91198913072938
        ], 
        [
          258.68057134611564, 
          47.243336565842135
        ], 
        [
          243.3252272022438, 
          220.77738311834315
        ], 
        [
          14.472249429666647, 
          230.36731042112498
        ], 
        [
          92.73114877123899, 
          101.34700182823217
        ], 
        [
          273.7857674970723, 
          97.39617326480112
        ]
      ], 
      "projected_cuboid_centroid": [
        147.4523141020927, 
        130.64983275597544
      ], 
      "quaternion_xyzw": [
        0.9427199681842506, 
        -0.03994625000435799, 
        0.03434406953023464, 
        0.32939931926765553
      ], 
      "visibility": 0.8220498945119493
    }, 
    {
      "bounding_box": {
        "bottom_right": [
          108, 
          107
        ], 
        "top_left": [
          38, 
          0
        ]
      }, 
      "class": "061_foam_brick", 
      "cuboid": [
        [
          -47.452066969200786, 
          -23.968147762286193, 
          53.66265062537858
        ], 
        [
          -39.748295709045074, 
          -24.098051675642985, 
          54.793415191527004
        ], 
        [
          -39.171790037213896, 
          -20.410718779974474, 
          51.28935345171729
        ], 
        [
          -46.87556129736961, 
          -20.280814866617682, 
          50.15858888556887
        ], 
        [
          -47.941767911679854, 
          -20.32320571005078, 
          57.41766418912001
        ], 
        [
          -40.23799665152414, 
          -20.45310962340757, 
          58.54842875526843
        ], 
        [
          -39.661490979692964, 
          -16.76577672773906, 
          55.04436701545872
        ], 
        [
          -47.365262239848676, 
          -16.635872814382267, 
          53.9136024493103
        ]
      ], 
      "cuboid_centroid": [
        -43.55677897444687, 
        -20.366962245012626, 
        54.353508820418654
      ], 
      "location": [
        -43.55677897444687, 
        -20.366962245012626, 
        54.353508820418654
      ], 
      "pose_transform_permuted": [
        [
          0.09316988937775939, 
          -0.6934821200790995, 
          -0.7144241883110717, 
          0.0
        ], 
        [
          -0.9892610484685307, 
          0.01668129506806082, 
          -0.14520438140013553, 
          0.0
        ], 
        [
          -0.1126141629471169, 
          -0.7202806977321063, 
          0.6844806547874603, 
          0.0
        ], 
        [
          -43.55677897444687, 
          -20.366962245012626, 
          54.353508820418654, 
          1.0
        ]
      ], 
      "projected_cuboid": [
        [
          6.070536385206068, 
          35.08208059815439
        ], 
        [
          91.49174115183158, 
          38.73348393347379
        ], 
        [
          70.88455707431653, 
          61.05075610115154
        ], 
        [
          -20.968707607115714, 
          57.64738282674111
        ], 
        [
          32.58267433832087, 
          84.51599583110627
        ], 
        [
          112.01333800663434, 
          86.97848273874172
        ], 
        [
          94.11831515823052, 
          110.84453817667536
        ], 
        [
          9.149809577833176, 
          108.72256243563059
        ]
      ], 
      "projected_cuboid_centroid": [
        50.65398973401367, 
        73.44479729712303
      ], 
      "quaternion_xyzw": [
        0.034937236977310146, 
        0.9251980780502773, 
        -0.37234263871646256, 
        0.06441168557122237
      ], 
      "visibility": 0.9091096220820416
    }
  ]
}