{
  "camera_data": {
    "location_worldframe": [
      -7.842096659645062, 
      -9.095181627749136, 
      72.33162005443869
    ], 
    "quaternion_xyzw_worldframe": [
      -0.8286569149003636, 
      -0.08290549476964502, 
      -0.1988467354863866, 
      0.5166377997119992
    ]
  }, 
  "objects": [
    {
      "bounding_box": {
        "bottom_right": [
          425, 
          421
        ], 
        "top_left": [
          213, 
          238
        ]
      }, 
      "class": "003_cracker_box", 
      "cuboid": [
        [
          -5.769027547810447, 
          11.698729770294495, 
          56.805243175671315
        ], 
        [
          -20.671762211740756, 
          13.563195156237317, 
          50.209003030841295
        ], 
        [
          -26.117753883156684, 
          -5.922877249621496, 
          57.005156652919844
        ], 
        [
          -11.215019219226376, 
          -7.787342635564317, 
          63.60139679774988
        ], 
        [
          -8.145116098075352, 
          14.512466031196809, 
          62.96880456421336
        ], 
        [
          -23.047850762005663, 
          16.37693141713963, 
          56.37256441938332
        ], 
        [
          -28.49384243342159, 
          -3.1091409887191848, 
          63.16871804146188
        ], 
        [
          -13.591107769491279, 
          -4.9736063746620065, 
          69.7649581862919
        ]
      ], 
      "cuboid_centroid": [
        -17.131434990616018, 
        4.294794390787655, 
        59.9869806085666
      ], 
      "location": [
        -17.131434990616018, 
        4.294794390787655, 
        59.9869806085666
      ], 
      "pose_transform_permuted": [
        [
          0.3309315608736869, 
          -0.39188528247547055, 
          -0.8584347543039168, 
          0.0
        ], 
        [
          0.9085038671124108, 
          -0.11366195878975417, 
          0.4021214773745256, 
          0.0
        ], 
        [
          0.25515686441775404, 
          0.9129659821171854, 
          -0.31841496515915046, 
          0.0
        ], 
        [
          -17.131434990616018, 
          4.294794390787655, 
          59.9869806085666, 
          1.0
        ]
      ], 
      "projected_cuboid": [
        [
          426.98282472398864, 
          383.12079510151483
        ], 
        [
          260.1919578349692, 
          417.3546761747018
        ], 
        [
          235.21254725046919, 
          217.87424528001355
        ], 
        [
          386.7715762865182, 
          207.98699209855334
        ], 
        [
          412.036428899703, 
          396.2010888945073
        ], 
        [
          261.7329391689659, 
          428.22251307800485
        ], 
        [
          239.02505457330088, 
          247.03674492665664
        ], 
        [
          376.8337479358839, 
          235.26570707218258
        ]
      ], 
      "projected_cuboid_centroid": [
        328.01925574703023, 
        311.4697892646903
      ], 
      "quaternion_xyzw": [
        0.9591538723705276, 
        -0.09613129702953205, 
        0.19106763246351918, 
        0.1851371995921597
      ], 
      "visibility": 0.5730441415447882
    }, 
    {
      "bounding_box": {
        "bottom_right": [
          399, 
          420
        ], 
        "top_left": [
          258, 
          338
        ]
      }, 
      "class": "006_mustard_bottle", 
      "cuboid": [
        [
          -5.337548761384568, 
          14.957831743047784, 
          69.50275019471974
        ], 
        [
          -13.022875024652347, 
          14.628511038822445, 
          63.75528328214855
        ], 
        [
          -17.632431925147408, 
          -2.507785468449936, 
          70.90091570904637
        ], 
        [
          -9.947105661879629, 
          -2.1784647642245956, 
          76.64838262161757
        ], 
        [
          -8.535260951530905, 
          17.539307797094235, 
          73.6307127086666
        ], 
        [
          -16.22058721479868, 
          17.209987092868893, 
          67.8832457960954
        ], 
        [
          -20.83014411529374, 
          0.07369058559651698, 
          75.02887822299323
        ], 
        [
          -13.144817852025964, 
          0.40301128982185713, 
          80.77634513556443
        ]
      ], 
      "cuboid_centroid": [
        -13.083846438339156, 
        7.51576116432215, 
        72.26581420885648
      ], 
      "location": [
        -13.083846438339156, 
        7.51576116432215, 
        72.26581420885648
      ], 
      "pose_transform_permuted": [
        [
          0.5489728763817784, 
          -0.44317945156775085, 
          -0.7086752403360775, 
          0.0
        ], 
        [
          0.8003547449064445, 
          0.03429566672822197, 
          0.598544844693846, 
          0.0
        ], 
        [
          0.24095832432640973, 
          0.8957766181624522, 
          -0.37352822690025567, 
          0.0
        ], 
        [
          -13.083846438339156, 
          7.51576116432215, 
          72.26581420885648, 
          1.0
        ]
      ], 
      "projected_cuboid": [
        [
          440.2988232225405, 
          388.0633571432246
        ], 
        [
          371.75152789834027, 
          395.6555560142317
        ], 
        [
          347.85990448061654, 
          254.42287328343863
        ], 
        [
          411.8083100551934, 
          258.1287762613385
        ], 
        [
          419.2595464397729, 
          400.3266816843456
        ], 
        [
          353.0992630572833, 
          408.4954991192005
        ], 
        [
          332.2985289056871, 
          273.81034472524885
        ], 
        [
          394.08617653170114, 
          275.9473889117459
        ]
      ], 
      "projected_cuboid_centroid": [
        384.2339949281577, 
        328.7526342989239
      ], 
      "quaternion_xyzw": [
        0.9226059022417121, 
        -0.05599971154965702, 
        0.31094471601781165, 
        0.22130458857991311
      ], 
      "visibility": 0.03018438999747411
    }, 
    {
      "bounding_box": {
        "bottom_right": [
          295, 
          393
        ], 
        "top_left": [
          203, 
          274
        ]
      }, 
      "class": "008_pudding_box", 
      "cuboid": [
        [
          -8.990465806328904, 
          0.09691180902250997, 
          57.67362012911739
        ], 
        [
          -19.092483183302257, 
          1.205718000567553, 
          52.58518576011958
        ], 
        [
          -21.436622794869635, 
          -6.975537989241771, 
          55.45624316332493
        ], 
        [
          -11.334605417896285, 
          -8.084344180786815, 
          60.54467753232273
        ], 
        [
          -10.439384904018878, 
          1.6394918503139566, 
          60.88628983105549
        ], 
        [
          -20.54140228099223, 
          2.748298041859, 
          55.79785546205769
        ], 
        [
          -22.88554189255961, 
          -5.4329579479503245, 
          58.66891286526303
        ], 
        [
          -12.783524515586258, 
          -6.541764139495368, 
          63.75734723426084
        ]
      ], 
      "cuboid_centroid": [
        -15.938003849444257, 
        -2.6680230694639073, 
        58.17126649719021
      ], 
      "location": [
        -15.938003849444257, 
        -2.6680230694639073, 
        58.17126649719021
      ], 
      "pose_transform_permuted": [
        [
          0.376626313421207, 
          -0.40097216955383286, 
          -0.835088686462919, 
          0.0
        ], 
        [
          0.8888395566881478, 
          -0.09755980087625321, 
          0.44771272707232485, 
          0.0
        ], 
        [
          0.2609906394449008, 
          0.9108805728576308, 
          -0.319656348046845, 
          0.0
        ], 
        [
          -15.938003849444257, 
          -2.6680230694639073, 
          58.17126649719021, 
          1.0
        ]
      ], 
      "projected_cuboid": [
        [
          397.7675990066818, 
          274.1827010014874
        ], 
        [
          286.3472032210266, 
          285.5149443698427
        ], 
        [
          273.72427164371226, 
          206.2031799930385
        ], 
        [
          380.9219445785196, 
          202.07401783203795
        ], 
        [
          389.39362584787233, 
          287.64729329512085
        ], 
        [
          283.62481853781014, 
          299.5549519549974
        ], 
        [
          271.8263343580176, 
          223.8991754638865
        ], 
        [
          373.7738957188395, 
          218.56577127104063
        ]
      ], 
      "projected_cuboid_centroid": [
        334.2582624670484, 
        248.82585426284683
      ], 
      "quaternion_xyzw": [
        0.9532587287836259, 
        -0.09403282380080338, 
        0.21618974356138398, 
        0.18899079962273516
      ], 
      "visibility": 0.8652804851635261
    }, 
    {
      "bounding_box": {
        "bottom_right": [
          453, 
          367
        ], 
        "top_left": [
          246, 
          197
        ]
      }, 
      "class": "019_pitcher_base", 
      "cuboid": [
        [
          -32.84557816062011, 
          23.578708530239368, 
          62.497414598405086
        ], 
        [
          -16.7419950110686, 
          22.716261288005988, 
          72.27996888671927
        ], 
        [
          -22.99575587751608, 
          0.8436819166105849, 
          80.6462922352771
        ], 
        [
          -39.09933902706758, 
          1.7061291588439609, 
          70.86373794696293
        ], 
        [
          -26.826091051781948, 
          17.87507124045153, 
          52.08557384350365
        ], 
        [
          -10.722507902230447, 
          17.012623998218153, 
          61.86812813181783
        ], 
        [
          -16.976268768677922, 
          -4.859955373177251, 
          70.23445148037567
        ], 
        [
          -33.07985191822942, 
          -3.997508130943876, 
          60.45189719206148
        ]
      ], 
      "cuboid_centroid": [
        -24.910923464649013, 
        9.359376578531057, 
        66.36593303939038
      ], 
      "location": [
        -24.910923464649013, 
        9.359376578531057, 
        66.36593303939038
      ], 
      "pose_transform_permuted": [
        [
          -0.4522325801893648, 
          0.4285033859841396, 
          0.7822217281928334, 
          0.0
        ], 
        [
          -0.8537670741031397, 
          0.04572454786811958, 
          -0.5186437499297625, 
          0.0
        ], 
        [
          0.25800726288261255, 
          0.902382495319518, 
          -0.345163851584639, 
          0.0
        ], 
        [
          -24.910923464649013, 
          9.359376578531057, 
          66.36593303939038, 
          1.0
        ]
      ], 
      "projected_cuboid": [
        [
          198.9746567461661, 
          474.4946533229312
        ], 
        [
          357.0363831735297, 
          440.8990478915245
        ], 
        [
          328.25722258436764, 
          278.8658656309086
        ], 
        [
          184.88371105565986, 
          286.12684415483824
        ], 
        [
          204.62773878072952, 
          456.3146749422638
        ], 
        [
          388.3959475461157, 
          419.93984418856024
        ], 
        [
          351.6148978430038, 
          236.38286294415718
        ], 
        [
          187.3274943941672, 
          238.01966515948158
        ]
      ], 
      "projected_cuboid_centroid": [
        279.7435325555791, 
        348.49890352809786
      ], 
      "quaternion_xyzw": [
        -0.25806684700299337, 
        0.20564706176778702, 
        0.9405279498259862, 
        0.08073439253105869
      ], 
      "visibility": 0.2966364869002318
    }, 
    {
      "bounding_box": {
        "bottom_right": [
          376, 
          516
        ], 
        "top_left": [
          185, 
          326
        ]
      }, 
      "class": "035_power_drill", 
      "cuboid": [
        [
          4.742995699759911, 
          7.654445239534229, 
          51.294027384779625
        ], 
        [
          -12.188482761908851, 
          8.78583883369835, 
          44.08746547024505
        ], 
        [
          -15.864442939517097, 
          -8.551442107689065, 
          50.00210382443734
        ], 
        [
          1.067035522151663, 
          -9.682835701853186, 
          57.208665738971916
        ], 
        [
          2.7795965188830762, 
          9.757053052239646, 
          56.23704091969211
        ], 
        [
          -14.151881942785685, 
          10.888446646403766, 
          49.03047900515753
        ], 
        [
          -17.82784212039393, 
          -6.448834294983648, 
          54.94511735934983
        ], 
        [
          -0.8963636587251717, 
          -7.580227889147769, 
          62.15167927388441
        ]
      ], 
      "cuboid_centroid": [
        -6.542423210317011, 
        0.6028054722752908, 
        53.119572372064724
      ], 
      "location": [
        -6.542423210317011, 
        0.6028054722752908, 
        53.119572372064724
      ], 
      "pose_transform_permuted": [
        [
          0.34329961092101596, 
          -0.3676401880227425, 
          -0.8642840640052312, 
          0.0
        ], 
        [
          0.9183872107475752, 
          -0.06136838017745384, 
          0.3908940563431941, 
          0.0
        ], 
        [
          0.1967479651395954, 
          0.9279411586256265, 
          -0.3165684622517027, 
          0.0
        ], 
        [
          -6.542423210317011, 
          0.6028054722752908, 
          53.119572372064724, 
          1.0
        ]
      ], 
      "projected_cuboid": [
        [
          531.3223988257631, 
          352.8721301583146
        ], 
        [
          332.9260717722652, 
          379.56753768551783
        ], 
        [
          310.9777166507373, 
          182.07734493632185
        ], 
        [
          491.62725076471065, 
          183.01969057777086
        ], 
        [
          508.1768280652748, 
          365.816788181301
        ], 
        [
          326.37988485797683, 
          391.723517278139
        ], 
        [
          307.1107367653278, 
          210.69153803545353
        ], 
        [
          473.8413314018598, 
          208.24108747369212
        ]
      ], 
      "projected_cuboid_centroid": [
        415.3638591093914, 
        279.338694443753
      ], 
      "quaternion_xyzw": [
        0.9631475008245665, 
        -0.06699813504579298, 
        0.19057145105906798, 
        0.17759705800219666
      ], 
      "visibility": 0.930735203538832
    }, 
    {
      "bounding_box": {
        "bottom_right": [
          226, 
          323
        ], 
        "top_left": [
          152, 
          231
        ]
      }, 
      "class": "061_foam_brick", 
      "cuboid": [
        [
          -22.683054531003787, 
          -11.296239368524615, 
          48.74012144805187
        ], 
        [
          -15.729026565392626, 
          -11.629901327836583, 
          52.229213007465205
        ], 
        [
          -14.513875573841483, 
          -7.070636796147332, 
          50.24332621629517
        ], 
        [
          -21.467903539452646, 
          -6.736974836835362, 
          46.754234656881835
        ], 
        [
          -24.69298913515355, 
          -8.916540772757166, 
          52.973646447558174
        ], 
        [
          -17.738961169542385, 
          -9.250202732069136, 
          56.462738006971506
        ], 
        [
          -16.523810177991244, 
          -4.690938200379883, 
          54.47685121580147
        ], 
        [
          -23.477838143602405, 
          -4.357276241067914, 
          50.98775965638814
        ]
      ], 
      "cuboid_centroid": [
        -19.603432354497517, 
        -7.993588784452249, 
        51.60848633192667
      ], 
      "location": [
        -19.603432354497517, 
        -7.993588784452249, 
        51.60848633192667
      ], 
      "pose_transform_permuted": [
        [
          0.3824076461383745, 
          -0.4527584811204236, 
          -0.8054651761239804, 
          0.0
        ], 
        [
          -0.8929845869023031, 
          0.04284638893813053, 
          -0.4480432060749116, 
          0.0
        ], 
        [
          -0.23736663567112964, 
          -0.8906031353686612, 
          0.3879215584904758, 
          0.0
        ], 
        [
          -19.603432354497517, 
          -7.993588784452249, 
          51.60848633192667, 
          1.0
        ]
      ], 
      "projected_cuboid": [
        [
          231.32829301075705, 
          149.6818875940936
        ], 
        [
          319.64738548208146, 
          154.53203697838885
        ], 
        [
          326.2522575507239, 
          198.23360353513155
        ], 
        [
          234.6747069551406, 
          196.4387264797947
        ], 
        [
          230.92523621618545, 
          183.51801859202538
        ], 
        [
          312.64714978688403, 
          185.91361843391743
        ], 
        [
          318.48355661407055, 
          227.36300991631572
        ], 
        [
          233.9780982893446, 
          227.71048670347477
        ]
      ], 
      "projected_cuboid_centroid": [
        277.32794021465537, 
        190.68118096424453
      ], 
      "quaternion_xyzw": [
        0.07395514494106599, 
        0.9472397925545232, 
        -0.22187624670616596, 
        0.21917651125427282
      ], 
      "visibility": 0.9767294601867975
    }
  ]
}