{
  "camera_data": {
    "location_worldframe": [
      -27.162253744040466, 
      -10.313453234773744, 
      83.80158856164347
    ], 
    "quaternion_xyzw_worldframe": [
      0.9437810370230892, 
      0.016259280010352987, 
      -0.0030858116048917963, 
      -0.33015966398942287
    ]
  }, 
  "objects": [
    {
      "bounding_box": {
        "bottom_right": [
          329, 
          256
        ], 
        "top_left": [
          192, 
          54
        ]
      }, 
      "class": "003_cracker_box", 
      "cuboid": [
        [
          -33.43752114499292, 
          1.8791703336550856, 
          61.672065305375575
        ], 
        [
          -49.838199342462744, 
          2.1107242820880177, 
          61.46650967018334
        ], 
        [
          -50.238752440575695, 
          -12.236294986722019, 
          77.2638557277457
        ], 
        [
          -33.83807424310587, 
          -12.46784893515495, 
          77.46941136293795
        ], 
        [
          -33.42298477727898, 
          7.194123738174973, 
          66.49943068793559
        ], 
        [
          -49.8236629747488, 
          7.425677686607905, 
          66.29387505274336
        ], 
        [
          -50.22421607286175, 
          -6.921341582202131, 
          82.09122111030572
        ], 
        [
          -33.82353787539192, 
          -7.152895530635062, 
          82.29677674549795
        ]
      ], 
      "cuboid_centroid": [
        -41.83086860892733, 
        -2.5210856242735225, 
        71.88164320784065
      ], 
      "location": [
        -41.83086860892733, 
        -2.5210856242735225, 
        71.88164320784065
      ], 
      "pose_transform_permuted": [
        [
          -0.002024563796864276, 
          -0.7402442244556031, 
          -0.6723350275729765, 
          0.0
        ], 
        [
          0.9998218381845585, 
          -0.01411604395706162, 
          0.012531128929704705, 
          0.0
        ], 
        [
          0.01876680661921476, 
          0.6721898730739142, 
          -0.7401409200322544, 
          0.0
        ], 
        [
          -41.83086860892733, 
          -2.5210856242735225, 
          71.88164320784065, 
          1.0
        ]
      ], 
      "projected_cuboid": [
        [
          190.03077197235706, 
          289.53698028606743
        ], 
        [
          45.56791331950235, 
          291.6004230605234
        ], 
        [
          131.93042214016782, 
          188.82459027754533
        ], 
        [
          246.70566563629282, 
          187.45462213033912
        ], 
        [
          211.31387425442378, 
          330.9827773873042
        ], 
        [
          77.43645602086254, 
          333.0244749391741
        ], 
        [
          152.58775650051865, 
          228.32086494503127
        ], 
        [
          260.5789157251481, 
          226.93260513346718
        ]
      ], 
      "projected_cuboid_centroid": [
        168.65018907967206, 
        254.5815630493978
      ], 
      "quaternion_xyzw": [
        0.9143777582092985, 
        -0.008990499353536765, 
        0.00287259971016145, 
        0.40475206532446123
      ], 
      "visibility": 0.5967457361301706
    }, 
    {
      "bounding_box": {
        "bottom_right": [
          359, 
          301
        ], 
        "top_left": [
          254, 
          213
        ]
      }, 
      "class": "006_mustard_bottle", 
      "cuboid": [
        [
          -28.30454196484079, 
          10.071561929403696, 
          70.53619607798817
        ], 
        [
          -37.57198435018725, 
          8.04703658674024, 
          69.04560002895177
        ], 
        [
          -37.295223385965706, 
          -4.099416860441731, 
          83.82219664686468
        ], 
        [
          -28.027781000619246, 
          -2.0748915177782754, 
          85.31279269590108
        ], 
        [
          -29.827272667569815, 
          14.400839879174304, 
          74.12340948476681
        ], 
        [
          -39.09471505291627, 
          12.37631453651085, 
          72.63281343573041
        ], 
        [
          -38.81795408869473, 
          0.22986108932887897, 
          87.40941005364333
        ], 
        [
          -29.55051170334827, 
          2.254386431992334, 
          88.90000610267973
        ]
      ], 
      "cuboid_centroid": [
        -33.56124802676776, 
        5.150711509366287, 
        78.97280306581574
      ], 
      "location": [
        -33.56124802676776, 
        5.150711509366287, 
        78.97280306581574
      ], 
      "pose_transform_permuted": [
        [
          0.26141747728514136, 
          -0.743236422610322, 
          -0.6158411842638133, 
          0.0
        ], 
        [
          0.9651173199646761, 
          0.21083535150986266, 
          0.15523161668322233, 
          0.0
        ], 
        [
          -0.014467303391053274, 
          0.6349393515084666, 
          -0.7724265123871645, 
          0.0
        ], 
        [
          -33.56124802676776, 
          5.150711509366287, 
          78.97280306581574, 
          1.0
        ]
      ], 
      "projected_cuboid": [
        [
          265.804822621072, 
          349.4369615757715
        ], 
        [
          188.966383674132, 
          335.44317354407383
        ], 
        [
          242.3283553683144, 
          247.2039562940783
        ], 
        [
          304.9256503689306, 
          260.3156781089742
        ], 
        [
          265.20073625439863, 
          376.90090185192105
        ], 
        [
          192.14482226552147, 
          364.16186825688266
        ], 
        [
          242.77954428410274, 
          274.68901192872437
        ], 
        [
          302.8434041800081, 
          286.8108163805635
        ]
      ], 
      "projected_cuboid_centroid": [
        253.06229660184167, 
        308.0703522639387
      ], 
      "quaternion_xyzw": [
        0.8966462312050606, 
        0.06281815699992326, 
        0.11616875180761149, 
        0.42259223377331584
      ], 
      "visibility": 0.8677849037987173
    }, 
    {
      "bounding_box": {
        "bottom_right": [
          231, 
          233
        ], 
        "top_left": [
          172, 
          118
        ]
      }, 
      "class": "008_pudding_box", 
      "cuboid": [
        [
          -34.92102244037646, 
          -7.985938724665463, 
          68.47005825590735
        ], 
        [
          -46.26908317002908, 
          -8.225916427691264, 
          67.8901453651685
        ], 
        [
          -46.48281217254834, 
          -14.237193025367183, 
          74.5602116528096
        ], 
        [
          -35.13475144289573, 
          -13.997215322341383, 
          75.14012454354845
        ], 
        [
          -35.11272087157018, 
          -5.128660436072238, 
          71.03898387612374
        ], 
        [
          -46.4607816012228, 
          -5.3686381390980396, 
          70.4590709853849
        ], 
        [
          -46.674510603742064, 
          -11.379914736773959, 
          77.12913727302599
        ], 
        [
          -35.32644987408945, 
          -11.139937033748158, 
          77.70905016376484
        ]
      ], 
      "cuboid_centroid": [
        -40.79776652205926, 
        -9.68292673071971, 
        72.79959776446667
      ], 
      "location": [
        -40.79776652205926, 
        -9.68292673071971, 
        72.79959776446667
      ], 
      "pose_transform_permuted": [
        [
          0.04982933384219073, 
          -0.7427096447048014, 
          -0.6677563898066661, 
          0.0
        ], 
        [
          0.998474353370855, 
          0.021114760271418204, 
          0.05102441398457528, 
          0.0
        ], 
        [
          0.023796052402410516, 
          0.6692804965053204, 
          -0.742628492330858, 
          0.0
        ], 
        [
          -40.79776652205926, 
          -9.68292673071971, 
          72.79959776446667, 
          1.0
        ]
      ], 
      "projected_cuboid": [
        [
          207.32726690208534, 
          211.08332652876453
        ], 
        [
          115.09545191685692, 
          208.66681597583502
        ], 
        [
          146.34072687568104, 
          171.44973143945924
        ], 
        [
          230.1441307909067, 
          173.93896454293986
        ], 
        [
          215.79431091580673, 
          234.78352320349308
        ], 
        [
          126.99494000204209, 
          232.65018251296223
        ], 
        [
          156.1704762432591, 
          194.59861797455628
        ], 
        [
          237.1301301797571, 
          196.8328100968332
        ]
      ], 
      "projected_cuboid_centroid": [
        180.22767260255512, 
        202.3507827508651
      ], 
      "quaternion_xyzw": [
        0.913169102587637, 
        -0.0007340623230117962, 
        0.027610917720764388, 
        0.4066437784706779
      ], 
      "visibility": 0.2814187972632337
    }, 
    {
      "bounding_box": {
        "bottom_right": [
          401, 
          231
        ], 
        "top_left": [
          235, 
          54
        ]
      }, 
      "class": "019_pitcher_base", 
      "cuboid": [
        [
          -57.016503967483544, 
          17.33773222713623, 
          72.24275761630106
        ], 
        [
          -38.34845561047022, 
          19.234466503456133, 
          74.15951099877218
        ], 
        [
          -38.63301784947596, 
          3.44922722697613, 
          92.55135334862203
        ], 
        [
          -57.301066206489295, 
          1.5524929506562257, 
          90.63459996615092
        ], 
        [
          -55.119978861097984, 
          7.325781171355547, 
          63.6791041979372
        ], 
        [
          -36.45193050408465, 
          9.222515447675452, 
          65.5958575804083
        ], 
        [
          -36.7364927430904, 
          -6.56272382880455, 
          83.98769993025816
        ], 
        [
          -55.404541100103735, 
          -8.459458105124456, 
          82.07094654778705
        ]
      ], 
      "cuboid_centroid": [
        -46.87649835528697, 
        5.387504199165838, 
        78.11522877327961
      ], 
      "location": [
        -46.87649835528697, 
        5.387504199165838, 
        78.11522877327961
      ], 
      "pose_transform_permuted": [
        [
          -0.1424823123211566, 
          0.7521787781615911, 
          0.6433709402829273, 
          0.0
        ], 
        [
          -0.9897278684481524, 
          -0.10055956232882744, 
          -0.10162091951412863, 
          0.0
        ], 
        [
          0.011739995496074462, 
          0.6512411437927699, 
          -0.758780037387145, 
          0.0
        ], 
        [
          -46.87649835528697, 
          5.387504199165838, 
          78.11522877327961, 
          1.0
        ]
      ], 
      "projected_cuboid": [
        [
          57.174950283352764, 
          401.27932825696604
        ], 
        [
          203.51514421947564, 
          411.61158246982757
        ], 
        [
          257.12226513606726, 
          293.16242699220214
        ], 
        [
          141.61154921060023, 
          282.4218449572408
        ], 
        [
          16.11405596822422, 
          334.6407704242485
        ], 
        [
          182.75904290866526, 
          348.2691401726559
        ], 
        [
          246.37734103442142, 
          231.61342227816272
        ], 
        [
          118.56276912355948, 
          218.31465255482095
        ]
      ], 
      "projected_cuboid_centroid": [
        158.88798287658142, 
        310.06888553329645
      ], 
      "quaternion_xyzw": [
        -0.06734719032899063, 
        0.4168680199969302, 
        0.9061374002495219, 
        -0.02450499416763254
      ], 
      "visibility": 0.24386692057802173
    }, 
    {
      "bounding_box": {
        "bottom_right": [
          255, 
          270
        ], 
        "top_left": [
          134, 
          75
        ]
      }, 
      "class": "035_power_drill", 
      "cuboid": [
        [
          -25.650994257253075, 
          -4.980659455395868, 
          54.63315542803715
        ], 
        [
          -44.075448933725, 
          -5.491528850526839, 
          55.04307167148155
        ], 
        [
          -43.417282995473684, 
          -18.41223778040853, 
          68.52265025821195
        ], 
        [
          -24.99282831900176, 
          -17.901368385277557, 
          68.11273401476754
        ], 
        [
          -25.677392175168624, 
          -0.8525762977586462, 
          58.59137615930104
        ], 
        [
          -44.101846851640545, 
          -1.3634456928896173, 
          59.001292402745456
        ], 
        [
          -43.44368091338923, 
          -14.284154622771306, 
          72.48087098947585
        ], 
        [
          -25.01922623691731, 
          -13.773285227640336, 
          72.07095474603145
        ]
      ], 
      "cuboid_centroid": [
        -34.54733758532115, 
        -9.632407039083587, 
        63.557013208756494
      ], 
      "location": [
        -34.54733758532115, 
        -9.632407039083587, 
        63.557013208756494
      ], 
      "pose_transform_permuted": [
        [
          0.004615666053953488, 
          -0.7217937929634684, 
          -0.6920934113742198, 
          0.0
        ], 
        [
          0.9993683409382822, 
          0.02771027467641424, 
          -0.022234433709336043, 
          0.0
        ], 
        [
          -0.03522693468333316, 
          0.6915535172552509, 
          -0.7214658292636988, 
          0.0
        ], 
        [
          -34.54733758532115, 
          -9.632407039083587, 
          63.557013208756494, 
          1.0
        ]
      ], 
      "projected_cuboid": [
        [
          229.10969902151226, 
          224.66618640448846
        ], 
        [
          50.98537198915025, 
          220.078390459888
        ], 
        [
          140.85933553065075, 
          129.98199647154706
        ], 
        [
          284.2735587752215, 
          133.11964461668765
        ], 
        [
          245.9245437451959, 
          265.5260847279396
        ], 
        [
          79.63322405194448, 
          260.96219288667345
        ], 
        [
          159.27135641779572, 
          168.1826769851359
        ], 
        [
          294.9138251859304, 
          171.36527493743608
        ]
      ], 
      "projected_cuboid_centroid": [
        189.2876271145729, 
        192.45908798554566
      ], 
      "quaternion_xyzw": [
        0.9196487467462446, 
        0.01710903472179511, 
        -0.004789537233024698, 
        0.3923399089417236
      ], 
      "visibility": 0.7411459599643407
    }, 
    {
      "bounding_box": {
        "bottom_right": [
          173, 
          173
        ], 
        "top_left": [
          119, 
          85
        ]
      }, 
      "class": "061_foam_brick", 
      "cuboid": [
        [
          -49.87831786261075, 
          -20.833704817879212, 
          71.35316302399576
        ], 
        [
          -42.113104686998874, 
          -20.285223911785938, 
          71.56346802279084
        ], 
        [
          -42.23071822348183, 
          -17.087805567676025, 
          67.56723050003067
        ], 
        [
          -49.995931399093706, 
          -17.636286473769296, 
          67.3569255012356
        ], 
        [
          -50.255950712666696, 
          -16.74570668133314, 
          74.63511383216695
        ], 
        [
          -42.49073753705483, 
          -16.19722577523987, 
          74.84541883096203
        ], 
        [
          -42.60835107353778, 
          -12.99980743112995, 
          70.84918130820186
        ], 
        [
          -50.37356424914965, 
          -13.548288337223225, 
          70.63887630940678
        ]
      ], 
      "cuboid_centroid": [
        -46.243334468074266, 
        -16.91675612450458, 
        71.10117216609882
      ], 
      "location": [
        -46.243334468074266, 
        -16.91675612450458, 
        71.10117216609882
      ], 
      "pose_transform_permuted": [
        [
          0.0718479541554583, 
          -0.7777774170299149, 
          -0.6244198595832366, 
          0.0
        ], 
        [
          -0.997150962596491, 
          -0.0704318414843268, 
          -0.027005804894832786, 
          0.0
        ], 
        [
          0.022974535393915196, 
          -0.6245811758798054, 
          0.7806218837952427, 
          0.0
        ], 
        [
          -46.243334468074266, 
          -16.91675612450458, 
          71.10117216609882, 
          1.0
        ]
      ], 
      "projected_cuboid": [
        [
          105.6815037629861, 
          117.56782421333747
        ], 
        [
          165.13794539256133, 
          122.11293697985097
        ], 
        [
          145.48501389418018, 
          138.40959726298433
        ], 
        [
          82.43970340002828, 
          133.64570846190796
        ], 
        [
          119.49080855072755, 
          153.6268650923754
        ], 
        [
          176.3012995586465, 
          157.87135514319903
        ], 
        [
          158.18841929582962, 
          175.4300525223327
        ], 
        [
          98.11007555334817, 
          170.99771536424754
        ]
      ], 
      "projected_cuboid_centroid": [
        131.84191620900344, 
        146.39640312047413
      ], 
      "quaternion_xyzw": [
        -0.025921617942077018, 
        0.9008540389624078, 
        -0.4324783020954488, 
        0.027433345129958455
      ], 
      "visibility": 0.8146788990825689
    }
  ]
}