{
  "camera_data": {
    "location_worldframe": [
      -8.483581184036543, 
      -12.270784017376284, 
      68.57955254257647
    ], 
    "quaternion_xyzw_worldframe": [
      -0.8328088885712898, 
      -0.067815336986277, 
      -0.1907534262654342, 
      0.5152123766512271
    ]
  }, 
  "objects": [
    {
      "bounding_box": {
        "bottom_right": [
          405, 
          409
        ], 
        "top_left": [
          181, 
          215
        ]
      }, 
      "class": "003_cracker_box", 
      "cuboid": [
        [
          -6.512804416460538, 
          8.455883645670257, 
          52.950253936900396
        ], 
        [
          -21.573692484001867, 
          10.575881504659824, 
          46.805876394624256
        ], 
        [
          -27.157633182470768, 
          -8.797695984454819, 
          53.80856507081491
        ], 
        [
          -12.09674511492944, 
          -10.917693843444386, 
          59.95294261309103
        ], 
        [
          -8.649553914369285, 
          11.322369784640589, 
          59.17680646082728
        ], 
        [
          -23.710441981910613, 
          13.442367643630154, 
          53.032428918551155
        ], 
        [
          -29.294382680379517, 
          -5.931209845484488, 
          60.03511759474179
        ], 
        [
          -14.233494612838188, 
          -8.051207704474054, 
          66.17949513701792
        ]
      ], 
      "cuboid_centroid": [
        -17.903593548420027, 
        1.262336900092885, 
        56.49268576582109
      ], 
      "location": [
        -17.903593548420027, 
        1.262336900092885, 
        56.49268576582109
      ], 
      "pose_transform_permuted": [
        [
          0.2975974302221073, 
          -0.3992320623263309, 
          -0.8672078931466565, 
          0.0
        ], 
        [
          0.9181452505240985, 
          -0.12923978696498517, 
          0.3745749276250161, 
          0.0
        ], 
        [
          0.26162008421609895, 
          0.907695344196449, 
          -0.3280915933986295, 
          0.0
        ], 
        [
          -17.903593548420027, 
          1.262336900092885, 
          56.49268576582109, 
          1.0
        ]
      ], 
      "projected_cuboid": [
        [
          415.45287507748407, 
          358.4549367322072
        ], 
        [
          233.73170596048402, 
          393.79116582300264
        ], 
        [
          210.1830680802948, 
          186.08882978904987
        ], 
        [
          373.0920654789504, 
          176.16670239050404
        ], 
        [
          402.99500955666093, 
          375.32721734880363
        ], 
        [
          241.16639668493085, 
          408.469445020157
        ], 
        [
          219.1929036511165, 
          220.5968708461546
        ], 
        [
          365.9379629893623, 
          208.4044060146622
        ]
      ], 
      "projected_cuboid_centroid": [
        311.16954791753494, 
        285.20363804939495
      ], 
      "quaternion_xyzw": [
        0.9608652985547979, 
        -0.10169476194242887, 
        0.17488724976802497, 
        0.1892366330688862
      ], 
      "visibility": 0.5556011971128455
    }, 
    {
      "bounding_box": {
        "bottom_right": [
          380, 
          415
        ], 
        "top_left": [
          234, 
          328
        ]
      }, 
      "class": "006_mustard_bottle", 
      "cuboid": [
        [
          -5.6368960580358, 
          11.728562155402136, 
          65.62137446487296
        ], 
        [
          -13.498234797786449, 
          11.527197902578747, 
          60.11094131794283
        ], 
        [
          -18.193656029459408, 
          -5.51137769152823, 
          67.43219099033128
        ], 
        [
          -10.332317289708763, 
          -5.31001343870484, 
          72.9426241372614
        ], 
        [
          -8.660860540238636, 
          14.374054797715303, 
          69.83877459706564
        ], 
        [
          -16.52219927998928, 
          14.172690544891914, 
          64.32834145013551
        ], 
        [
          -21.217620511662243, 
          -2.865885049215064, 
          71.64959112252394
        ], 
        [
          -13.356281771911597, 
          -2.6645207963916744, 
          77.16002426945407
        ]
      ], 
      "cuboid_centroid": [
        -13.427258284849023, 
        4.4313385530935365, 
        68.63548279369846
      ], 
      "location": [
        -13.427258284849023, 
        4.4313385530935365, 
        68.63548279369846
      ], 
      "pose_transform_permuted": [
        [
          0.5191444323809691, 
          -0.4541696121910923, 
          -0.7240296010870048, 
          0.0
        ], 
        [
          0.8186847956928504, 
          0.020970200832204446, 
          0.5738599982039052, 
          0.0
        ], 
        [
          0.24544676558153622, 
          0.8906683901925463, 
          -0.3827083798107646, 
          0.0
        ], 
        [
          -13.427258284849023, 
          4.4313385530935365, 
          68.63548279369846, 
          1.0
        ]
      ], 
      "projected_cuboid": [
        [
          435.4029761472078, 
          368.60718511698514
        ], 
        [
          360.8392699539041, 
          375.55877404604576
        ], 
        [
          336.5047412156313, 
          229.6971838469087
        ], 
        [
          405.4228359350379, 
          234.46240480473205
        ], 
        [
          414.9077666553528, 
          383.05313909128375
        ], 
        [
          343.4768554024477, 
          390.78643372605757
        ], 
        [
          322.3488071613419, 
          251.95448854586894
        ], 
        [
          388.51094300755045, 
          254.86973298510748
        ]
      ], 
      "projected_cuboid_centroid": [
        376.3935203029072, 
        307.71945130601455
      ], 
      "quaternion_xyzw": [
        0.9264694796608793, 
        -0.0605731137607194, 
        0.2949380564012084, 
        0.22582449027575743
      ], 
      "visibility": 0.028627046833848622
    }, 
    {
      "bounding_box": {
        "bottom_right": [
          266, 
          378
        ], 
        "top_left": [
          170, 
          251
        ]
      }, 
      "class": "008_pudding_box", 
      "cuboid": [
        [
          -9.913097666060514, 
          -3.0848135999672923, 
          53.94243993290008
        ], 
        [
          -20.143869262647506, 
          -1.8038220896993056, 
          49.16093976331224
        ], 
        [
          -22.545360536522573, 
          -9.93678009471895, 
          52.120457367905814
        ], 
        [
          -12.314588939935579, 
          -11.217771604986936, 
          56.901957537493644
        ], 
        [
          -11.235776476577849, 
          -1.5109758502114587, 
          57.194165913182616
        ], 
        [
          -21.466548073164844, 
          -0.22998433994347173, 
          52.412665743594786
        ], 
        [
          -23.868039347039907, 
          -8.362942344963116, 
          55.37218334818835
        ], 
        [
          -13.637267750452914, 
          -9.643933855231102, 
          60.15368351777619
        ]
      ], 
      "cuboid_centroid": [
        -16.89056850655021, 
        -5.723877972465204, 
        54.657311640544215
      ], 
      "location": [
        -16.89056850655021, 
        -5.723877972465204, 
        54.657311640544215
      ], 
      "pose_transform_permuted": [
        [
          0.34381191126523625, 
          -0.4090971749621444, 
          -0.8452408213559364, 
          0.0
        ], 
        [
          0.9001681695000777, 
          -0.11270975723158094, 
          0.42070670960517403, 
          0.0
        ], 
        [
          0.267376030035567, 
          0.9055031960700212, 
          -0.32950528554690267, 
          0.0
        ], 
        [
          -16.89056850655021, 
          -5.723877972465204, 
          54.657311640544215, 
          1.0
        ]
      ], 
      "projected_cuboid": [
        [
          382.7712236925076, 
          242.7875189281311
        ], 
        [
          261.2463573069642, 
          253.71787941581388
        ], 
        [
          248.98046752408152, 
          171.6090070117608
        ], 
        [
          365.2154345737618, 
          168.1467934912977
        ], 
        [
          375.95349156586036, 
          259.1971112409588
        ], 
        [
          261.3461626268983, 
          270.94635645137197
        ], 
        [
          249.7952516381145, 
          192.73849642320093
        ], 
        [
          359.68214272268267, 
          187.78389736123063
        ]
      ], 
      "projected_cuboid_centroid": [
        315.4136306780214, 
        217.435708096615
      ], 
      "quaternion_xyzw": [
        0.9553680163850519, 
        -0.09946056931687097, 
        0.200058670522386, 
        0.1932769487364125
      ], 
      "visibility": 0.8864521029146492
    }, 
    {
      "bounding_box": {
        "bottom_right": [
          437, 
          358
        ], 
        "top_left": [
          220, 
          175
        ]
      }, 
      "class": "019_pitcher_base", 
      "cuboid": [
        [
          -33.18695870810098, 
          20.829183855038355, 
          59.43592458933438
        ], 
        [
          -16.811097725893003, 
          19.694990569762926, 
          68.72636895906201
        ], 
        [
          -23.197180092359815, 
          -2.0475097942195957, 
          77.32847623787731
        ], 
        [
          -39.5730410745678, 
          -0.9133165089441662, 
          68.03803186814967
        ], 
        [
          -27.59001051591087, 
          15.000619855389138, 
          48.85886715693444
        ], 
        [
          -11.21414953370289, 
          13.86642657011371, 
          58.149311526662075
        ], 
        [
          -17.6002319001697, 
          -7.876073793868812, 
          66.75141880547737
        ], 
        [
          -33.97609288237768, 
          -6.741880508593382, 
          57.46097443574973
        ]
      ], 
      "cuboid_centroid": [
        -25.393595304135342, 
        6.476555030584771, 
        63.093671697405874
      ], 
      "location": [
        -25.393595304135342, 
        6.476555030584771, 
        63.093671697405874
      ], 
      "pose_transform_permuted": [
        [
          -0.4204880376642053, 
          0.43788889131269654, 
          0.7946341419092368, 
          0.0
        ], 
        [
          -0.8682024855498608, 
          0.060131765312367774, 
          -0.4925534542839467, 
          0.0
        ], 
        [
          0.2634663632175289, 
          0.8970159120142388, 
          -0.3548914327596433, 
          0.0
        ], 
        [
          -25.393595304135342, 
          6.476555030584771, 
          63.093671697405874, 
          1.0
        ]
      ], 
      "projected_cuboid": [
        [
          181.3282943169133, 
          460.1871663155255
        ], 
        [
          350.0550773753552, 
          426.12051306721804
        ], 
        [
          320.2773409039056, 
          259.16525791595336
        ], 
        [
          168.8167463620606, 
          266.1274599411217
        ], 
        [
          177.9282415062017, 
          437.0259939718613
        ], 
        [
          377.8887714242693, 
          400.463225792357
        ], 
        [
          339.80575454139597, 
          210.35957001672412
        ], 
        [
          163.6226456211213, 
          210.71229628191276
        ]
      ], 
      "projected_cuboid_centroid": [
        265.16075353253194, 
        328.03170554533966
      ], 
      "quaternion_xyzw": [
        -0.2419605226910571, 
        0.21009071688783865, 
        0.9433785745226217, 
        0.0857551086247764
      ], 
      "visibility": 0.2748154224774405
    }, 
    {
      "bounding_box": {
        "bottom_right": [
          347, 
          509
        ], 
        "top_left": [
          145, 
          300
        ]
      }, 
      "class": "035_power_drill", 
      "cuboid": [
        [
          3.7527137887646584, 
          4.214275792522821, 
          47.131219536342904
        ], 
        [
          -13.367322835878081, 
          5.636657374064987, 
          40.44012653158874
        ], 
        [
          -17.170788148818666, 
          -11.621722310683717, 
          46.50304025348439
        ], 
        [
          -0.05075152417592654, 
          -13.04410389222588, 
          53.19413325823855
        ], 
        [
          1.9785434420773573, 
          6.360253220821709, 
          52.126855554110094
        ], 
        [
          -15.141493182565382, 
          7.782634802363873, 
          45.435762549355935
        ], 
        [
          -18.94495849550597, 
          -9.47574488238483, 
          51.49867627125159
        ], 
        [
          -1.8249218708632282, 
          -10.898126463926996, 
          58.189769276005755
        ]
      ], 
      "cuboid_centroid": [
        -7.596122353370655, 
        -2.630734544931004, 
        49.31494790379725
      ], 
      "location": [
        -7.596122353370655, 
        -2.630734544931004, 
        49.31494790379725
      ], 
      "pose_transform_permuted": [
        [
          0.3102130201833686, 
          -0.3752233490549188, 
          -0.8734850854101864, 
          0.0
        ], 
        [
          0.9286148707684881, 
          -0.07715197797100617, 
          0.36293429752165535, 
          0.0
        ], 
        [
          0.20357240683901773, 
          0.923718136356456, 
          -0.32450458654751635, 
          0.0
        ], 
        [
          -7.596122353370655, 
          -2.630734544931004, 
          49.31494790379725, 
          1.0
        ]
      ], 
      "projected_cuboid": [
        [
          524.4152788815256, 
          320.97373621536656
        ], 
        [
          303.84131380786636, 
          347.62210562281575
        ], 
        [
          283.0330187974062, 
          140.00294910898035
        ], 
        [
          481.0839985535613, 
          142.5075286333398
        ], 
        [
          502.00861052368424, 
          338.35947515621774
        ], 
        [
          302.38691056410937, 
          364.63818073775974
        ], 
        [
          283.76835318520216, 
          175.1558543053834
        ], 
        [
          464.731951242247, 
          173.4032709500846
        ]
      ], 
      "projected_cuboid_centroid": [
        398.76374066756523, 
        244.83629499073953
      ], 
      "quaternion_xyzw": [
        0.9651189165764924, 
        -0.07271756360496498, 
        0.1743690093892363, 
        0.18125433135341945
      ], 
      "visibility": 0.922332411557166
    }, 
    {
      "bounding_box": {
        "bottom_right": [
          190, 
          296
        ], 
        "top_left": [
          109, 
          197
        ]
      }, 
      "class": "061_foam_brick", 
      "cuboid": [
        [
          -24.07263309548402, 
          -14.245987231394224, 
          45.455133248521626
        ], 
        [
          -17.022712574782588, 
          -14.698278682905139, 
          48.73196834572233
        ], 
        [
          -15.78728420338829, 
          -10.164959862033422, 
          46.69973593848755
        ], 
        [
          -22.837204724089723, 
          -9.71266841052251, 
          43.42290084128685
        ], 
        [
          -25.90994759785191, 
          -11.823349601337192, 
          49.74239796788773
        ], 
        [
          -18.86002707715048, 
          -12.275641052848107, 
          53.019233065088436
        ], 
        [
          -17.624598705756185, 
          -7.74232223197639, 
          50.98700065785366
        ], 
        [
          -24.674519226457615, 
          -7.290030780465476, 
          47.71016556065295
        ]
      ], 
      "cuboid_centroid": [
        -20.8486159006201, 
        -10.994154731685308, 
        48.221066953187645
      ], 
      "location": [
        -20.8486159006201, 
        -10.994154731685308, 
        48.221066953187645
      ], 
      "pose_transform_permuted": [
        [
          0.34956516128225923, 
          -0.4609280081270403, 
          -0.8156896280704733, 
          0.0
        ], 
        [
          -0.9052983961244898, 
          0.05807990663601259, 
          -0.42078680875186436, 
          0.0
        ], 
        [
          -0.24132760304642775, 
          -0.8855349206943738, 
          0.3969746745557893, 
          0.0
        ], 
        [
          -20.8486159006201, 
          -10.994154731685308, 
          48.221066953187645, 
          1.0
        ]
      ], 
      "projected_cuboid": [
        [
          196.80204226649855, 
          106.1400920438749
        ], 
        [
          293.7490789775516, 
          112.42950456779548
        ], 
        [
          299.8008937449773, 
          157.2008246979212
        ], 
        [
          198.7733348365346, 
          153.9956530377406
        ], 
        [
          201.48517077465127, 
          146.52095894476307
        ], 
        [
          290.3033941271724, 
          149.8060688953133
        ], 
        [
          295.7090017450606, 
          192.30252220763595
        ], 
        [
          203.47880140245596, 
          191.7962280767246
        ]
      ], 
      "projected_cuboid_centroid": [
        249.09214622557724, 
        151.69242177256774
      ], 
      "quaternion_xyzw": [
        0.07882942225401865, 
        0.9495423825308348, 
        -0.2258726673148185, 
        0.20282190247814127
      ], 
      "visibility": 0.9661292507790272
    }
  ]
}