{
  "camera_data": {
    "location_worldframe": [
      -22.342126274632275, 
      -2.7018501140842117, 
      95.62413122182113
    ], 
    "quaternion_xyzw_worldframe": [
      0.9554638813675524, 
      0.03869613211969506, 
      -0.06864947630703173, 
      -0.2843985969835848
    ]
  }, 
  "objects": [
    {
      "bounding_box": {
        "bottom_right": [
          355, 
          311
        ], 
        "top_left": [
          236, 
          141
        ]
      }, 
      "class": "003_cracker_box", 
      "cuboid": [
        [
          -31.937523348264563, 
          6.666824720268871, 
          73.31020236585536
        ], 
        [
          -48.22572200601373, 
          5.562375545200089, 
          74.907979632105
        ], 
        [
          -45.70006105297439, 
          -7.112900839757113, 
          91.89361922741122
        ], 
        [
          -29.411862395225224, 
          -6.008451664688331, 
          90.29584196116157
        ], 
        [
          -31.906915853986682, 
          12.423335974996593, 
          77.60136058834375
        ], 
        [
          -48.19511451173585, 
          11.318886799927814, 
          79.19913785459339
        ], 
        [
          -45.66945355869652, 
          -1.3563895850293903, 
          96.1847774498996
        ], 
        [
          -29.381254900947347, 
          -0.25194040996060796, 
          94.58700018364996
        ]
      ], 
      "cuboid_centroid": [
        -38.80348845348054, 
        2.655217567619741, 
        84.74748990787748
      ], 
      "location": [
        -38.80348845348054, 
        2.655217567619741, 
        84.74748990787748
      ], 
      "pose_transform_permuted": [
        [
          -0.0042628823133215865, 
          -0.8017425337543106, 
          -0.5976543628248695, 
          0.0
        ], 
        [
          0.9929648351504395, 
          0.06732967936466458, 
          -0.09740405757108672, 
          0.0
        ], 
        [
          -0.11833285253488521, 
          0.5938649878936032, 
          -0.7958151243631195, 
          0.0
        ], 
        [
          -38.80348845348054, 
          2.655217567619741, 
          84.74748990787748, 
          1.0
        ]
      ], 
      "projected_cuboid": [
        [
          247.32066116516222, 
          321.7865838978942
        ], 
        [
          135.3848477004201, 
          312.8887782471179
        ], 
        [
          214.15903963073345, 
          232.00565969097187
        ], 
        [
          306.4323998337877, 
          237.79847045011027
        ], 
        [
          260.48765637813636, 
          358.66659206228456
        ], 
        [
          154.35110251603402, 
          349.50686251554595
        ], 
        [
          226.26156291111275, 
          265.76571039016335
        ], 
        [
          314.55316609619337, 
          271.8659965310956
        ]
      ], 
      "projected_cuboid_centroid": [
        235.3700731237751, 
        289.9959358400736
      ], 
      "quaternion_xyzw": [
        0.8922561551859579, 
        0.05202052426885621, 
        -0.0284859172148887, 
        0.4476174383421536
      ], 
      "visibility": 0.5542910314222318
    }, 
    {
      "bounding_box": {
        "bottom_right": [
          385, 
          345
        ], 
        "top_left": [
          295, 
          264
        ]
      }, 
      "class": "006_mustard_bottle", 
      "cuboid": [
        [
          -26.681462710599362, 
          16.091966542792218, 
          80.7652292588871
        ], 
        [
          -35.831912366198466, 
          13.192433119314135, 
          80.50437520642592
        ], 
        [
          -32.93927375302351, 
          2.651337655970515, 
          96.20401481600415
        ], 
        [
          -23.788824097424406, 
          5.550871079448597, 
          96.46486886846532
        ], 
        [
          -28.212129305218863, 
          20.623408935737245, 
          84.08976621923402
        ], 
        [
          -37.36257896081796, 
          17.723875512259163, 
          83.82891216677285
        ], 
        [
          -34.46994034764301, 
          7.182780048915544, 
          99.52855177635107
        ], 
        [
          -25.319490692043907, 
          10.082313472393626, 
          99.78940582881224
        ]
      ], 
      "cuboid_centroid": [
        -30.575701529121186, 
        11.63737329585388, 
        90.14689051761908
      ], 
      "location": [
        -30.575701529121186, 
        11.63737329585388, 
        90.14689051761908
      ], 
      "pose_transform_permuted": [
        [
          0.2627798855128719, 
          -0.7779433597179115, 
          -0.5707457423413895, 
          0.0
        ], 
        [
          0.9529336229861378, 
          0.3019592472719269, 
          0.02716550624704474, 
          0.0
        ], 
        [
          -0.15120875350028784, 
          0.5510214439785328, 
          -0.8206773307096417, 
          0.0
        ], 
        [
          -30.575701529121186, 
          11.63737329585388, 
          90.14689051761908, 
          1.0
        ]
      ], 
      "projected_cuboid": [
        [
          303.9422698719842, 
          379.54712769011377
        ], 
        [
          242.24221278159783, 
          360.68281817322566
        ], 
        [
          297.4721525729285, 
          287.984576272587
        ], 
        [
          348.9811875290113, 
          303.9753087749241
        ], 
        [
          301.17715965563127, 
          404.0856631508386
        ], 
        [
          241.91543588919907, 
          386.04584328615084
        ], 
        [
          295.3520842729377, 
          311.775164544651
        ], 
        [
          345.15061037612105, 
          327.17096763444016
        ]
      ], 
      "projected_cuboid_centroid": [
        299.2001832217737, 
        342.13460406241416
      ], 
      "quaternion_xyzw": [
        0.8767412402336935, 
        0.1292194264328845, 
        0.08267701416743904, 
        0.4558416489001488
      ], 
      "visibility": 0.8508275261324042
    }, 
    {
      "bounding_box": {
        "bottom_right": [
          273, 
          294
        ], 
        "top_left": [
          220, 
          201
        ]
      }, 
      "class": "008_pudding_box", 
      "cuboid": [
        [
          -31.8157282808827, 
          -2.553351727542808, 
          81.10169324638301
        ], 
        [
          -43.09481621264394, 
          -3.7583559561964393, 
          81.81057322155733
        ], 
        [
          -42.076794639090586, 
          -9.067734677192107, 
          88.98309302805691
        ], 
        [
          -30.797706707329347, 
          -7.862730448538477, 
          88.27421305288259
        ], 
        [
          -31.99960769560074, 
          0.5226942085575614, 
          83.40479899928188
        ], 
        [
          -43.27869562736198, 
          -0.6823100200960698, 
          84.1136789744562
        ], 
        [
          -42.26067405380863, 
          -5.991688741091739, 
          91.28619878095579
        ], 
        [
          -30.98158612204739, 
          -4.786684512438106, 
          90.57731880578146
        ]
      ], 
      "cuboid_centroid": [
        -37.03820116734566, 
        -4.272520234317273, 
        86.1939460136694
      ], 
      "location": [
        -37.03820116734566, 
        -4.272520234317273, 
        86.1939460136694
      ], 
      "pose_transform_permuted": [
        [
          0.047796889550090045, 
          -0.7995752438316311, 
          -0.598660222310823, 
          0.0
        ], 
        [
          0.9924056891809626, 
          0.10602391427728215, 
          -0.06237175599353727, 
          0.0
        ], 
        [
          -0.11334397496603886, 
          0.5911329430252144, 
          -0.7985704100097849, 
          0.0
        ], 
        [
          -37.03820116734566, 
          -4.272520234317273, 
          86.1939460136694, 
          1.0
        ]
      ], 
      "projected_cuboid": [
        [
          270.63533469572354, 
          256.4958592111966
        ], 
        [
          198.3226633395725, 
          248.7859782977964
        ], 
        [
          227.3084691814011, 
          218.93912979658143
        ], 
        [
          293.97830790262486, 
          225.78287886765204
        ], 
        [
          275.27515705553236, 
          276.62882836254744
        ], 
        [
          204.9033668288131, 
          268.9603772433984
        ], 
        [
          232.64081745566062, 
          238.28141141725487
        ], 
        [
          297.65717718053054, 
          245.10252213063356
        ]
      ], 
      "projected_cuboid_centroid": [
        250.51573689466227, 
        246.85058956697233
      ], 
      "quaternion_xyzw": [
        0.8919359358324173, 
        0.06148644774542901, 
        -0.004085177493674176, 
        0.44794294904989845
      ], 
      "visibility": 0.30832449628844116
    }, 
    {
      "bounding_box": {
        "bottom_right": [
          415, 
          286
        ], 
        "top_left": [
          273, 
          135
        ]
      }, 
      "class": "019_pitcher_base", 
      "cuboid": [
        [
          -55.604195856934545, 
          21.169779164605636, 
          84.98196355161213
        ], 
        [
          -37.08633911486166, 
          24.738235837760765, 
          84.6317171300032
        ], 
        [
          -34.04880345176776, 
          10.906259339374277, 
          104.30312844055338
        ], 
        [
          -52.566660193840654, 
          7.337802666219143, 
          104.65337486216232
        ], 
        [
          -53.70152386133523, 
          10.53329822413858, 
          77.20911055077664
        ], 
        [
          -35.183667119262346, 
          14.101754897293715, 
          76.85886412916771
        ], 
        [
          -32.14613145616845, 
          0.2697783989072236, 
          96.53027543971791
        ], 
        [
          -50.66398819824134, 
          -3.29867827424791, 
          96.88052186132686
        ]
      ], 
      "cuboid_centroid": [
        -43.8751636565515, 
        10.719778781756428, 
        90.75611949566502
      ], 
      "location": [
        -43.8751636565515, 
        10.719778781756428, 
        90.75611949566502
      ], 
      "pose_transform_permuted": [
        [
          -0.1429441163783809, 
          0.7990985166792465, 
          0.5839596139078608, 
          0.0
        ], 
        [
          -0.9817651278300126, 
          -0.1891896222480357, 
          0.018569088619292167, 
          0.0
        ], 
        [
          -0.12531759353765817, 
          0.5706566772887487, 
          -0.8115703650427952, 
          0.0
        ], 
        [
          -43.8751636565515, 
          10.719778781756428, 
          90.75611949566502, 
          1.0
        ]
      ], 
      "projected_cuboid": [
        [
          129.73492655952313, 
          406.1412912495891
        ], 
        [
          245.94429723999983, 
          429.1782777782024
        ], 
        [
          306.0489180525231, 
          329.0520914388905
        ], 
        [
          211.48195406382524, 
          310.6803999996874
        ], 
        [
          107.56417285719027, 
          346.04497514307724
        ], 
        [
          235.4249404014736, 
          371.13786754528496
        ], 
        [
          302.5130176919676, 
          274.77703516067135
        ], 
        [
          200.3716036562173, 
          255.12757590693522
        ]
      ], 
      "projected_cuboid_centroid": [
        221.62028271867555, 
        336.2802841149541
      ], 
      "quaternion_xyzw": [
        -0.035114683543912915, 
        0.4547386167040642, 
        0.8854915893201106, 
        -0.08879452373657656
      ], 
      "visibility": 0.22194019195684936
    }, 
    {
      "bounding_box": {
        "bottom_right": [
          292, 
          325
        ], 
        "top_left": [
          192, 
          165
        ]
      }, 
      "class": "035_power_drill", 
      "cuboid": [
        [
          -24.328412134995887, 
          -0.21897038779739655, 
          66.10444302188047
        ], 
        [
          -42.49086928451319, 
          -2.160024467133978, 
          68.60384461904884
        ], 
        [
          -39.28388467022275, 
          -13.568568091912864, 
          83.04812800639836
        ], 
        [
          -21.121427520705442, 
          -11.627514012576283, 
          80.54872640922997
        ], 
        [
          -24.320485171558403, 
          4.27000420929779, 
          69.64821544596902
        ], 
        [
          -42.48294232107571, 
          2.3289501299612088, 
          72.1476170431374
        ], 
        [
          -39.27595770678526, 
          -9.079593494817678, 
          86.59190043048692
        ], 
        [
          -21.113500557267958, 
          -7.138539415481096, 
          84.09249883331853
        ]
      ], 
      "cuboid_centroid": [
        -31.802184920890575, 
        -4.649281941307537, 
        76.3481717261837
      ], 
      "location": [
        -31.802184920890575, 
        -4.649281941307537, 
        76.3481717261837
      ], 
      "pose_transform_permuted": [
        [
          -0.0013860265861258803, 
          -0.7848955258954924, 
          -0.619627280194197, 
          0.0
        ], 
        [
          0.9851572265015043, 
          0.10528550391319037, 
          -0.1355710587565117, 
          0.0
        ], 
        [
          -0.17164704365926303, 
          0.6106180793400204, 
          -0.7730996058313502, 
          0.0
        ], 
        [
          -31.802184920890575, 
          -4.649281941307537, 
          76.3481717261837, 
          1.0
        ]
      ], 
      "projected_cuboid": [
        [
          283.68382667747267, 
          271.519921539205
        ], 
        [
          148.52447361161074, 
          256.49471888079694
        ], 
        [
          227.22096016943493, 
          186.15172528041032
        ], 
        [
          340.58498570869307, 
          196.29983436804028
        ], 
        [
          293.81506007783787, 
          305.9833824082444
        ], 
        [
          164.94353723981357, 
          290.50227931069713
        ], 
        [
          237.68052822852022, 
          217.36531447269778
        ], 
        [
          346.57811916673745, 
          228.01350033438732
        ]
      ], 
      "projected_cuboid_centroid": [
        257.59601770509676, 
        240.80962267459628
      ], 
      "quaternion_xyzw": [
        0.8965771837989914, 
        0.07721938294231132, 
        -0.03818887202837373, 
        0.4344286135871985
      ], 
      "visibility": 0.6237526179623013
    }, 
    {
      "bounding_box": {
        "bottom_right": [
          221, 
          249
        ], 
        "top_left": [
          175, 
          184
        ]
      }, 
      "class": "061_foam_brick", 
      "cuboid": [
        [
          -45.17395664453899, 
          -16.203419387211976, 
          86.78790029120064
        ], 
        [
          -37.50986953776633, 
          -15.016510475167062, 
          86.0831938176439
        ], 
        [
          -38.32662058315855, 
          -12.255953062279355, 
          81.85005410231055
        ], 
        [
          -45.99070768993121, 
          -13.442861974324272, 
          82.5547605758673
        ], 
        [
          -45.579892651239234, 
          -11.850179810067281, 
          89.70510059003965
        ], 
        [
          -37.91580554446657, 
          -10.663270898022365, 
          89.00039411648291
        ], 
        [
          -38.732556589858795, 
          -7.90271348513466, 
          84.76725440114957
        ], 
        [
          -46.39664369663146, 
          -9.089622397179577, 
          85.47196087470631
        ]
      ], 
      "cuboid_centroid": [
        -41.95325661719889, 
        -12.053066436173317, 
        85.77757734617511
      ], 
      "location": [
        -41.95325661719889, 
        -12.053066436173317, 
        85.77757734617511
      ], 
      "pose_transform_permuted": [
        [
          0.07723287737051521, 
          -0.828241922068166, 
          -0.5550228834758988, 
          0.0
        ], 
        [
          -0.9841651044357234, 
          -0.1524140210183842, 
          0.0904931677422646, 
          0.0
        ], 
        [
          0.15954350461267003, 
          -0.5392451063531664, 
          0.8268981711251207, 
          0.0
        ], 
        [
          -41.95325661719889, 
          -12.053066436173317, 
          85.77757734617511, 
          1.0
        ]
      ], 
      "projected_cuboid": [
        [
          201.68560281231086, 
          173.71504420707436
        ], 
        [
          247.27190926013324, 
          180.2532901181368
        ], 
        [
          229.78688154801858, 
          193.42904918405856
        ], 
        [
          182.01231374712054, 
          186.44307196247354
        ], 
        [
          208.35478919350302, 
          202.83421235849374
        ], 
        [
          252.49970238402727, 
          209.38871767368153
        ], 
        [
          235.87747608361315, 
          223.56601923173463
        ], 
        [
          189.6832616604345, 
          216.57000102081565
        ]
      ], 
      "projected_cuboid_centroid": [
        218.5801766025182, 
        198.3469492619748
      ], 
      "quaternion_xyzw": [
        -0.08889976474520228, 
        0.8772732034926161, 
        -0.4716717912401212, 
        -0.0037788371738009543
      ], 
      "visibility": 0.8302430984754842
    }
  ]
}