{
  "camera_data": {
    "location_worldframe": [
      -27.55990539360309, 
      -12.781533227244049, 
      79.133555388049
    ], 
    "quaternion_xyzw_worldframe": [
      0.9371111179304852, 
      0.013452981809978757, 
      0.021926776397333536, 
      -0.348081925537634
    ]
  }, 
  "objects": [
    {
      "bounding_box": {
        "bottom_right": [
          322, 
          240
        ], 
        "top_left": [
          171, 
          24
        ]
      }, 
      "class": "003_cracker_box", 
      "cuboid": [
        [
          -32.574655013586735, 
          0.3930922376655932, 
          57.246715210354004
        ], 
        [
          -48.94095644817927, 
          1.0024581761166065, 
          56.32423692211827
        ], 
        [
          -50.35283014512644, 
          -13.929803954441045, 
          71.50935158992957
        ], 
        [
          -33.9865287105339, 
          -14.539169892892057, 
          72.43182987816532
        ], 
        [
          -32.66737814084454, 
          5.516444097865175, 
          62.27613522395434
        ], 
        [
          -49.03367957543708, 
          6.125810036316189, 
          61.353656935718604
        ], 
        [
          -50.445553272384245, 
          -8.806452094241463, 
          76.53877160352991
        ], 
        [
          -34.07925183779171, 
          -9.415818032692476, 
          77.46124989176565
        ]
      ], 
      "cuboid_centroid": [
        -41.51010414298549, 
        -4.206679928287935, 
        66.89274340694196
      ], 
      "location": [
        -41.51010414298549, 
        -4.206679928287935, 
        66.89274340694196
      ], 
      "pose_transform_permuted": [
        [
          0.012914084885049915, 
          -0.7135587719624042, 
          -0.7004763417611527, 
          0.0
        ], 
        [
          0.9977261542233847, 
          -0.03714830358680793, 
          0.0562363291764052, 
          0.0
        ], 
        [
          0.0661494337859091, 
          0.6996098073184279, 
          -0.711456513016555, 
          0.0
        ], 
        [
          -41.51010414298549, 
          -4.206679928287935, 
          66.89274340694196, 
          1.0
        ]
      ], 
      "projected_cuboid": [
        [
          175.5973747020616, 
          276.94864833255826
        ], 
        [
          14.32601822204645, 
          282.7785543113195
        ], 
        [
          102.9341439543231, 
          169.39750705803823
        ], 
        [
          229.26695039095932, 
          166.2338231739482
        ], 
        [
          199.50922826192155, 
          320.5281925298495
        ], 
        [
          51.81749515324712, 
          326.5354332930331
        ], 
        [
          127.16489255232177, 
          211.92347633672884
        ], 
        [
          245.00657490465647, 
          208.45876725184476
        ]
      ], 
      "projected_cuboid_centroid": [
        147.88911741846007, 
        239.7477014556169
      ], 
      "quaternion_xyzw": [
        0.9216577867222417, 
        -0.02801954772716732, 
        0.018757074224745533, 
        0.3865358990908231
      ], 
      "visibility": 0.5927112368432
    }, 
    {
      "bounding_box": {
        "bottom_right": [
          350, 
          290
        ], 
        "top_left": [
          238, 
          198
        ]
      }, 
      "class": "006_mustard_bottle", 
      "cuboid": [
        [
          -27.67754231800662, 
          8.119946406611085, 
          66.64609868794047
        ], 
        [
          -36.908404647712764, 
          6.364024658631553, 
          64.66771872565057
        ], 
        [
          -37.551883212105054, 
          -6.34582416656669, 
          78.95080010755711
        ], 
        [
          -28.321020882398912, 
          -4.589902418587158, 
          80.92918006984702
        ], 
        [
          -29.270155814268506, 
          12.341078085378728, 
          70.33053704231754
        ], 
        [
          -38.50101814397465, 
          10.585156337399196, 
          68.35215708002764
        ], 
        [
          -39.14449670836694, 
          -2.1246924877990474, 
          82.6352384619342
        ], 
        [
          -29.9136343786608, 
          -0.3687707398195149, 
          84.61361842422409
        ]
      ], 
      "cuboid_centroid": [
        -33.41101951318678, 
        2.997626959406019, 
        74.64066857493734
      ], 
      "location": [
        -33.41101951318678, 
        2.997626959406019, 
        74.64066857493734
      ], 
      "pose_transform_permuted": [
        [
          0.2734147290370491, 
          -0.724670220922313, 
          -0.6325324485069332, 
          0.0
        ], 
        [
          0.9613078498006572, 
          0.18286280302721739, 
          0.20602974236949267, 
          0.0
        ], 
        [
          0.03363696770925598, 
          0.664390079452722, 
          -0.7466286739257557, 
          0.0
        ], 
        [
          -33.41101951318678, 
          2.997626959406019, 
          74.64066857493734, 
          1.0
        ]
      ], 
      "projected_cuboid": [
        [
          258.2683723940574, 
          338.26448145000717
        ], 
        [
          174.6740421815256, 
          325.7711322290133
        ], 
        [
          225.81686718027967, 
          230.41993884906276
        ], 
        [
          293.4075191080916, 
          243.0392916536651
        ], 
        [
          257.7904943878014, 
          366.8694807139291
        ], 
        [
          178.68838132376453, 
          355.8775110659216
        ], 
        [
          226.8570548199125, 
          259.5739846803175
        ], 
        [
          291.48020008130857, 
          270.9621762426404
        ]
      ], 
      "projected_cuboid_centroid": [
        240.8805209204535, 
        294.7050647847953
      ], 
      "quaternion_xyzw": [
        0.9025284452249015, 
        0.04133549366435086, 
        0.13280591707197348, 
        0.4075491754948053
      ], 
      "visibility": 0.8649752114319044
    }, 
    {
      "bounding_box": {
        "bottom_right": [
          214, 
          214
        ], 
        "top_left": [
          151, 
          91
        ]
      }, 
      "class": "008_pudding_box", 
      "cuboid": [
        [
          -34.56860955439297, 
          -9.690592625225683, 
          63.57738284827733
        ], 
        [
          -45.8814627443826, 
          -9.651869205180976, 
          62.48640907170908
        ], 
        [
          -46.521169610201376, 
          -15.909309565129098, 
          68.89781499937637
        ], 
        [
          -35.208316420211744, 
          -15.948032985173805, 
          69.9887887759446
        ], 
        [
          -34.81652721471392, 
          -6.930812692151303, 
          66.2461499613641
        ], 
        [
          -46.129380404703554, 
          -6.892089272106595, 
          65.15517618479586
        ], 
        [
          -46.76908727052233, 
          -13.149529632054719, 
          71.56658211246312
        ], 
        [
          -35.45623408053269, 
          -13.188253052099425, 
          72.65755588903137
        ]
      ], 
      "cuboid_centroid": [
        -40.66884841245765, 
        -11.420061128640201, 
        67.57198248037022
      ], 
      "location": [
        -40.66884841245765, 
        -11.420061128640201, 
        67.57198248037022
      ], 
      "pose_transform_permuted": [
        [
          0.0644427384438193, 
          -0.7173663068592055, 
          -0.6937087935303723, 
          0.0
        ], 
        [
          0.995376570742065, 
          -0.003407132082789893, 
          0.09599079191188686, 
          0.0
        ], 
        [
          0.07122336192924114, 
          0.6966877539086571, 
          -0.7138298950052148, 
          0.0
        ], 
        [
          -40.66884841245765, 
          -11.420061128640201, 
          67.57198248037022, 
          1.0
        ]
      ], 
      "projected_cuboid": [
        [
          189.2013533274499, 
          191.99689395975204
        ], 
        [
          86.73680882523752, 
          190.90813061572717
        ], 
        [
          118.48815070741895, 
          150.13682204498414
        ], 
        [
          211.07137448017144, 
          151.76138441318406
        ], 
        [
          198.9681831515969, 
          217.48951221961846
        ], 
        [
          100.8641419659203, 
          216.87219927482087
        ], 
        [
          130.16583487399876, 
          175.29524853794007
        ], 
        [
          219.17306291105825, 
          176.48237860063435
        ]
      ], 
      "projected_cuboid_centroid": [
        157.93861599265216, 
        183.15240224426492
      ], 
      "quaternion_xyzw": [
        0.9200235211913191, 
        -0.02027950707048054, 
        0.043594953460527885, 
        0.38890206850668185
      ], 
      "visibility": 0.29485818292128013
    }, 
    {
      "bounding_box": {
        "bottom_right": [
          397, 
          214
        ], 
        "top_left": [
          218, 
          26
        ]
      }, 
      "class": "019_pitcher_base", 
      "cuboid": [
        [
          -56.279742704096044, 
          15.961125231554718, 
          67.36496746673679
        ], 
        [
          -37.68179807261783, 
          17.360816988653323, 
          70.18008600305986
        ], 
        [
          -39.12487249386049, 
          0.8892014289518677, 
          87.90346143703071
        ], 
        [
          -57.72281712533871, 
          -0.510490328146733, 
          85.08834290070763
        ], 
        [
          -54.207485197215824, 
          6.246269011912655, 
          58.50497600233828
        ], 
        [
          -35.609540565737596, 
          7.645960769011255, 
          61.320094538661365
        ], 
        [
          -37.05261498698025, 
          -8.825654790690198, 
          79.04346997263222
        ], 
        [
          -55.65055961845849, 
          -10.2253465477888, 
          76.22835143630914
        ]
      ], 
      "cuboid_centroid": [
        -46.666178845538155, 
        3.5677352204322608, 
        73.2042187196845
      ], 
      "location": [
        -46.666178845538155, 
        3.5677352204322608, 
        73.2042187196845
      ], 
      "pose_transform_permuted": [
        [
          -0.15568475224031297, 
          0.7298586100345369, 
          0.665634252213565, 
          0.0
        ], 
        [
          -0.986011164402972, 
          -0.07420775395180519, 
          -0.14924973489996313, 
          0.0
        ], 
        [
          0.05953596396023231, 
          0.6795585147193792, 
          -0.7312015413466502, 
          0.0
        ], 
        [
          -46.666178845538155, 
          3.5677352204322608, 
          73.2042187196845, 
          1.0
        ]
      ], 
      "projected_cuboid": [
        [
          32.324669844931336, 
          399.6486661846207
        ], 
        [
          192.85540056161923, 
          405.2166082793747
        ], 
        [
          242.24416666156418, 
          278.6814169508318
        ], 
        [
          116.78500436874312, 
          270.08686949878756
        ], 
        [
          -16.665421179832602, 
          330.226268811766
        ], 
        [
          169.3090703301429, 
          339.78579309430955
        ], 
        [
          229.51346101189577, 
          213.73836106292427
        ], 
        [
          89.00208348838684, 
          201.7465209681633
        ]
      ], 
      "projected_cuboid_centroid": [
        138.78360463139333, 
        299.2787976340105
      ], 
      "quaternion_xyzw": [
        -0.0835364352444871, 
        0.4002556675985578, 
        0.9125793022165137, 
        -0.004019319185723745
      ], 
      "visibility": 0.29185437422416144
    }, 
    {
      "bounding_box": {
        "bottom_right": [
          240, 
          255
        ], 
        "top_left": [
          108, 
          44
        ]
      }, 
      "class": "035_power_drill", 
      "cuboid": [
        [
          -24.62290874826098, 
          -6.364466069871042, 
          50.29417721090186
        ], 
        [
          -43.05372684108574, 
          -6.474793824013819, 
          49.86718633657505
        ], 
        [
          -43.273845178909745, 
          -19.91680834599709, 
          62.84180517633231
        ], 
        [
          -24.84302708608498, 
          -19.806480591854314, 
          63.26879605065911
        ], 
        [
          -24.741975214211042, 
          -2.392405808407447, 
          54.40730731093926
        ], 
        [
          -43.1727933070358, 
          -2.5027335625502243, 
          53.980316436612455
        ], 
        [
          -43.39291164485981, 
          -15.944748084533497, 
          66.95493527636971
        ], 
        [
          -24.962093552035043, 
          -15.834420330390719, 
          67.38192615069651
        ]
      ], 
      "cuboid_centroid": [
        -34.007910196560395, 
        -11.15460707720227, 
        58.62455624363578
      ], 
      "location": [
        -34.007910196560395, 
        -11.15460707720227, 
        58.62455624363578
      ], 
      "pose_transform_permuted": [
        [
          0.020818726946877725, 
          -0.6945132480427683, 
          -0.7191792564463414, 
          0.0
        ], 
        [
          0.9997135015932327, 
          0.0059843325923732565, 
          0.023160585708769717, 
          0.0
        ], 
        [
          0.01178136676250932, 
          0.7194552924395002, 
          -0.6944389307408174, 
          0.0
        ], 
        [
          -34.007910196560395, 
          -11.15460707720227, 
          58.62455624363578, 
          1.0
        ]
      ], 
      "projected_cuboid": [
        [
          218.319785854627, 
          205.79772357540566
        ], 
        [
          17.308890240864137, 
          204.039913156135
        ], 
        [
          111.28439610532565, 
          104.2585494412962
        ], 
        [
          270.4394859831805, 
          106.3292915549787
        ], 
        [
          237.0463890932409, 
          249.8353338771008
        ], 
        [
          51.50002034742862, 
          248.55980593392889
        ], 
        [
          133.0768828670199, 
          146.28101752036935
        ], 
        [
          282.37872541795736, 
          147.9590661683816
        ]
      ], 
      "projected_cuboid_centroid": [
        169.64194999531773, 
        171.81079508406822
      ], 
      "quaternion_xyzw": [
        0.9271391549383342, 
        -0.0015631510489171484, 
        0.011858875882168031, 
        0.3745263511376476
      ], 
      "visibility": 0.8403095558546433
    }, 
    {
      "bounding_box": {
        "bottom_right": [
          152, 
          147
        ], 
        "top_left": [
          93, 
          49
        ]
      }, 
      "class": "061_foam_brick", 
      "cuboid": [
        [
          -49.905091523750954, 
          -22.299048663042303, 
          65.28552023614694
        ], 
        [
          -42.1475473070313, 
          -21.93448243740599, 
          65.86101511216935
        ], 
        [
          -42.01806283887809, 
          -18.58364536044597, 
          61.99289463760963
        ], 
        [
          -49.775607055597746, 
          -18.948211586082287, 
          61.41739976158721
        ], 
        [
          -50.34525453112173, 
          -18.333039336596357, 
          68.7064211395037
        ], 
        [
          -42.58771031440208, 
          -17.968473110960044, 
          69.28191601552612
        ], 
        [
          -42.458225846248865, 
          -14.617636034000025, 
          65.4137955409664
        ], 
        [
          -50.215770062968524, 
          -14.98220225963634, 
          64.83830066494399
        ]
      ], 
      "cuboid_centroid": [
        -46.18165868499991, 
        -18.458342348521164, 
        65.34965788855666
      ], 
      "location": [
        -46.18165868499991, 
        -18.458342348521164, 
        65.34965788855666
      ], 
      "pose_transform_permuted": [
        [
          0.08374486374747037, 
          -0.7545679784594774, 
          -0.650856331058933, 
          0.0
        ], 
        [
          -0.996166171893577, 
          -0.04681488512963794, 
          -0.07390077472662393, 
          0.0
        ], 
        [
          -0.02529339381763629, 
          -0.6545498700739896, 
          0.7555956007119876, 
          0.0
        ], 
        [
          -46.18165868499991, 
          -18.458342348521164, 
          65.34965788855666, 
          1.0
        ]
      ], 
      "projected_cuboid": [
        [
          70.5233358843645, 
          91.1248688231
        ], 
        [
          137.45669496293283, 
          95.66873159523111
        ], 
        [
          117.1068734730303, 
          113.41302255083552
        ], 
        [
          45.767311661542955, 
          108.74925141189864
        ], 
        [
          87.54559753892033, 
          130.98005868743314
        ], 
        [
          151.0326227596955, 
          134.96850145929878
        ], 
        [
          132.54980877149453, 
          154.10874846273785
        ], 
        [
          65.11122676649613, 
          150.05224926394666
        ]
      ], 
      "projected_cuboid_centroid": [
        101.5670103783094, 
        122.64771651841718
      ], 
      "quaternion_xyzw": [
        -0.005922184803062138, 
        0.9085114711750342, 
        -0.41555985452178085, 
        0.04338020032653012
      ], 
      "visibility": 0.9413785698947821
    }
  ]
}