{
  "camera_data": {
    "location_worldframe": [
      -14.914833553652429, 
      -18.917026974908524, 
      61.08569349498091
    ], 
    "quaternion_xyzw_worldframe": [
      0.8628271684232381, 
      0.029013439570698633, 
      0.15471853653067838, 
      -0.4803646634504922
    ]
  }, 
  "objects": [
    {
      "bounding_box": {
        "bottom_right": [
          342, 
          314
        ], 
        "top_left": [
          98, 
          87
        ]
      }, 
      "class": "003_cracker_box", 
      "cuboid": [
        [
          -13.808777397721423, 
          0.4322916050396669, 
          43.70373481728065
        ], 
        [
          -29.347849571570638, 
          2.8112542150786584, 
          39.01802371189892
        ], 
        [
          -34.92173928680168, 
          -15.673310246397751, 
          48.11781366872541
        ], 
        [
          -19.382667112952458, 
          -18.05227285643674, 
          52.803524774107146
        ], 
        [
          -15.14106126538719, 
          3.8677287823739666, 
          49.86613602391184
        ], 
        [
          -30.680133439236407, 
          6.2466913924129575, 
          45.18042491853011
        ], 
        [
          -36.25402315446745, 
          -12.23787306906345, 
          54.280214875356606
        ], 
        [
          -20.71495098061823, 
          -14.616835679102442, 
          58.965925980738334
        ]
      ], 
      "cuboid_centroid": [
        -25.031400276094434, 
        -5.902790732011892, 
        48.99197484631863
      ], 
      "location": [
        -25.031400276094434, 
        -5.902790732011892, 
        48.99197484631863
      ], 
      "pose_transform_permuted": [
        [
          0.1855548606571548, 
          -0.47847315591499456, 
          -0.8582731690757024, 
          0.0
        ], 
        [
          0.9472964177138279, 
          -0.14502685444486454, 
          0.2856513757648942, 
          0.0
        ], 
        [
          0.26114917321916337, 
          0.8660430997118869, 
          -0.42634546880244184, 
          0.0
        ], 
        [
          -25.031400276094434, 
          -5.902790732011892, 
          48.99197484631863, 
          1.0
        ]
      ], 
      "projected_cuboid": [
        [
          311.6833615960207, 
          278.56182119400364
        ], 
        [
          77.11175695178054, 
          311.71229058347313
        ], 
        [
          91.31219543476493, 
          99.56951615103958
        ], 
        [
          284.19924409878246, 
          90.95722045436663
        ], 
        [
          318.3135546884746, 
          314.6519949128807
        ], 
        [
          116.42405765096514, 
          347.02384469353086
        ], 
        [
          122.42183003642526, 
          153.04572133983714
        ], 
        [
          292.6785524641697, 
          141.08400606145025
        ]
      ], 
      "projected_cuboid_centroid": [
        206.83806159617922, 
        209.02960809407773
      ], 
      "quaternion_xyzw": [
        0.9580726337941994, 
        -0.105987796054531, 
        0.12295681449431402, 
        0.23610386958192708
      ], 
      "visibility": 0.5156113467317406
    }, 
    {
      "bounding_box": {
        "bottom_right": [
          333, 
          356
        ], 
        "top_left": [
          176, 
          261
        ]
      }, 
      "class": "006_mustard_bottle", 
      "cuboid": [
        [
          -11.434606854708973, 
          4.61754093888505, 
          55.90543352383972
        ], 
        [
          -19.847867538721843, 
          4.38061471694942, 
          51.28299061576522
        ], 
        [
          -24.41002870998513, 
          -11.797760837271545, 
          60.41576595836475
        ], 
        [
          -15.996768025972258, 
          -11.560834615335915, 
          65.03820886643925
        ], 
        [
          -13.874582366555108, 
          7.7227005043095724, 
          60.18725089033492
        ], 
        [
          -22.28784305056798, 
          7.485774282373943, 
          55.56480798226042
        ], 
        [
          -26.850004221831263, 
          -8.692601271847021, 
          64.69758332485995
        ], 
        [
          -18.436743537818394, 
          -8.455675049911392, 
          69.32002623293445
        ]
      ], 
      "cuboid_centroid": [
        -19.14230553827012, 
        -2.0375301664809857, 
        60.301508424349834
      ], 
      "location": [
        -19.14230553827012, 
        -2.0375301664809857, 
        60.301508424349834
      ], 
      "pose_transform_permuted": [
        [
          0.4188870965832535, 
          -0.5330837414037204, 
          -0.7350885433247046, 
          0.0
        ], 
        [
          0.8761622965530984, 
          0.02467364682033816, 
          0.4813841322806133, 
          0.0
        ], 
        [
          0.23848077697371517, 
          0.8457026017944936, 
          -0.4774034230418094, 
          0.0
        ], 
        [
          -19.14230553827012, 
          -2.0375301664809857, 
          60.301508424349834, 
          1.0
        ]
      ], 
      "projected_cuboid": [
        [
          371.60561144400583, 
          317.33637095074295
        ], 
        [
          273.46823603602746, 
          318.8429220149094
        ], 
        [
          264.32207628788296, 
          169.14191956473582
        ], 
        [
          349.32887790033715, 
          178.48657953204057
        ], 
        [
          357.62976624978916, 
          341.71743244807993
        ], 
        [
          265.8921928880145, 
          345.1361522420214
        ], 
        [
          258.42078635528645, 
          201.6310873644249
        ], 
        [
          338.57033037690286, 
          208.23207481813574
        ]
      ], 
      "projected_cuboid_centroid": [
        310.8875229282451, 
        255.26618048988902
      ], 
      "quaternion_xyzw": [
        0.9296442117380573, 
        -0.057497031513175464, 
        0.24210101496268258, 
        0.27174029367545055
      ], 
      "visibility": 0.30108408490480093
    }, 
    {
      "bounding_box": {
        "bottom_right": [
          179, 
          276
        ], 
        "top_left": [
          76, 
          127
        ]
      }, 
      "class": "008_pudding_box", 
      "cuboid": [
        [
          -17.54671705898304, 
          -10.818298868713303, 
          45.98092242700234
        ], 
        [
          -28.174545595641558, 
          -9.407212647589116, 
          42.208593324893315
        ], 
        [
          -30.569273212827696, 
          -17.162649007807456, 
          46.054291857526856
        ], 
        [
          -19.94144467616918, 
          -18.573735228931646, 
          49.826620959635875
        ], 
        [
          -18.444771202811737, 
          -8.937530134771654, 
          49.21455414279376
        ], 
        [
          -29.072599739470256, 
          -7.526443913647466, 
          45.44222504068474
        ], 
        [
          -31.467327356656394, 
          -15.281880273865807, 
          49.287923573318274
        ], 
        [
          -20.839498819997875, 
          -16.692966494989996, 
          53.0602526754273
        ]
      ], 
      "cuboid_centroid": [
        -24.507022207819716, 
        -13.050089571289556, 
        47.63442300016031
      ], 
      "location": [
        -24.507022207819716, 
        -13.050089571289556, 
        47.63442300016031
      ], 
      "pose_transform_permuted": [
        [
          0.2334366507985746, 
          -0.48887960396935826, 
          -0.8405374696365581, 
          0.0
        ], 
        [
          0.935103757256794, 
          -0.12415631496454164, 
          0.3319134388387843, 
          0.0
        ], 
        [
          0.2666229814221147, 
          0.8634708806760152, 
          -0.4281704528994488, 
          0.0
        ], 
        [
          -24.507022207819716, 
          -13.050089571289556, 
          47.63442300016031, 
          1.0
        ]
      ], 
      "projected_cuboid": [
        [
          276.3816761235236, 
          147.80818002890237
        ], 
        [
          122.6356433163646, 
          154.42328448713673
        ], 
        [
          124.64759659220164, 
          74.53900662707802
        ], 
        [
          266.37494077216337, 
          74.48243408184334
        ], 
        [
          280.0523341604181, 
          176.43389085136047
        ], 
        [
          137.5514588591096, 
          184.95459721062784
        ], 
        [
          138.2676049424566, 
          107.92907459376117
        ], 
        [
          270.38939386576425, 
          105.50207627794114
        ]
      ], 
      "projected_cuboid_centroid": [
        204.92751171862088, 
        127.17647949531005
      ], 
      "quaternion_xyzw": [
        0.9538228487996825, 
        -0.10242449551256402, 
        0.14818005522430383, 
        0.24036173436787786
      ], 
      "visibility": 0.8961218836565097
    }, 
    {
      "bounding_box": {
        "bottom_right": [
          399, 
          282
        ], 
        "top_left": [
          157, 
          57
        ]
      }, 
      "class": "019_pitcher_base", 
      "cuboid": [
        [
          -39.10066183253267, 
          14.55675529501036, 
          51.919363056429724
        ], 
        [
          -21.874931768299806, 
          13.33572286968674, 
          59.50559252003427
        ], 
        [
          -28.168444411437388, 
          -7.34641610803737, 
          70.46713646338904
        ], 
        [
          -45.394174475670255, 
          -6.125383682713751, 
          62.8809069997845
        ], 
        [
          -34.92233280704814, 
          7.669360267952833, 
          41.3232558661258
        ], 
        [
          -17.696602742815276, 
          6.448327842629214, 
          48.90948532973034
        ], 
        [
          -23.990115385952855, 
          -14.233811135094898, 
          59.87102927308512
        ], 
        [
          -41.21584545018572, 
          -13.012778709771277, 
          52.284799809480575
        ]
      ], 
      "cuboid_centroid": [
        -31.545388609242764, 
        0.1614720799577321, 
        55.89519616475742
      ], 
      "location": [
        -31.545388609242764, 
        0.1614720799577321, 
        55.89519616475742
      ], 
      "pose_transform_permuted": [
        [
          -0.31390988665805086, 
          0.517436845955935, 
          0.7960653138700928, 
          0.0
        ], 
        [
          -0.9132601744376483, 
          0.06473573436869798, 
          -0.4022007321269409, 
          0.0
        ], 
        [
          0.2596472755593942, 
          0.8532692858196309, 
          -0.452233145812468, 
          0.0
        ], 
        [
          -31.545388609242764, 
          0.1614720799577321, 
          55.89519616475742, 
          1.0
        ]
      ], 
      "projected_cuboid": [
        [
          76.60502433365504, 
          422.8146178583293
        ], 
        [
          283.90890737995045, 
          392.8081133653408
        ], 
        [
          266.6319576614213, 
          217.68632810805903
        ], 
        [
          93.38139573931815, 
          221.33456673459202
        ], 
        [
          27.13205638445588, 
          372.2676065241696
        ], 
        [
          287.02139265099953, 
          343.60049638842435
        ], 
        [
          266.1168778505334, 
          146.4944932534151
        ], 
        [
          57.68039104685732, 
          140.5525552047589
        ]
      ], 
      "projected_cuboid_centroid": [
        178.1009533940096, 
        274.8272110318169
      ], 
      "quaternion_xyzw": [
        -0.18969981386340257, 
        0.25686843920774477, 
        0.9437418574651879, 
        0.0859300155445468
      ], 
      "visibility": 0.24982886480319452
    }, 
    {
      "bounding_box": {
        "bottom_right": [
          243, 
          409
        ], 
        "top_left": [
          22, 
          131
        ]
      }, 
      "class": "035_power_drill", 
      "cuboid": [
        [
          -4.413858217362793, 
          -4.739453163673779, 
          37.205960765769966
        ], 
        [
          -22.085742247384946, 
          -2.996200936963152, 
          32.25064690140117
        ], 
        [
          -25.907037180752813, 
          -19.533382253355455, 
          40.06065840394212
        ], 
        [
          -8.235153150730662, 
          -21.276634480066082, 
          45.01597226831091
        ], 
        [
          -5.548426765328848, 
          -2.1334409895279265, 
          42.16889674379905
        ], 
        [
          -23.220310795351, 
          -0.39018876281729925, 
          37.21358287943026
        ], 
        [
          -27.04160572871887, 
          -16.927370079209602, 
          45.02359438197121
        ], 
        [
          -9.369721698696717, 
          -18.670622305920233, 
          49.978908246340005
        ]
      ], 
      "cuboid_centroid": [
        -15.727731973040832, 
        -10.833411621441691, 
        41.11477757387058
      ], 
      "location": [
        -15.727731973040832, 
        -10.833411621441691, 
        41.11477757387058
      ], 
      "pose_transform_permuted": [
        [
          0.19837888539101, 
          -0.4556602519514973, 
          -0.8677674957175081, 
          0.0
        ], 
        [
          0.958547850368117, 
          -0.09455645316165028, 
          0.26878319507532916, 
          0.0
        ], 
        [
          0.20452669942348264, 
          0.8851175246576534, 
          -0.4180142864990313, 
          0.0
        ], 
        [
          -15.727731973040832, 
          -10.833411621441691, 
          41.11477757387058, 
          1.0
        ]
      ], 
      "projected_cuboid": [
        [
          417.80046017046675, 
          205.35002636647027
        ], 
        [
          113.32794494348865, 
          223.73923309531972
        ], 
        [
          133.8276374529766, 
          13.242502353277748
        ], 
        [
          383.21934176557403, 
          21.21498958612112
        ], 
        [
          410.8400775718234, 
          246.30442682571518
        ], 
        [
          146.0462658046186, 
          267.6946198633115
        ], 
        [
          158.61080500910555, 
          72.77615939551904
        ], 
        [
          380.7805574326584, 
          74.05432473138995
        ]
      ], 
      "projected_cuboid_centroid": [
        275.8849423129111, 
        132.7611378406215
      ], 
      "quaternion_xyzw": [
        0.9632539736153803, 
        -0.07762312971899415, 
        0.12124582230191593, 
        0.226750826464636
      ], 
      "visibility": 0.9210313510823588
    }, 
    {
      "bounding_box": {
        "bottom_right": [
          86, 
          168
        ], 
        "top_left": [
          0, 
          30
        ]
      }, 
      "class": "061_foam_brick", 
      "cuboid": [
        [
          -32.982422829999166, 
          -21.88895708958034, 
          39.95782224751153
        ], 
        [
          -25.643403765235806, 
          -22.434047784550152, 
          42.50444166565408
        ], 
        [
          -24.452464627201664, 
          -18.135366500434905, 
          39.992423644893336
        ], 
        [
          -31.791483691965023, 
          -17.59027580546509, 
          37.44580422675078
        ], 
        [
          -34.245178518230404, 
          -19.058501242233014, 
          44.20276090539082
        ], 
        [
          -26.906159453467044, 
          -19.60359193720283, 
          46.749380323533366
        ], 
        [
          -25.7152203154329, 
          -15.304910653087578, 
          44.237362302772624
        ], 
        [
          -33.05423938019626, 
          -14.759819958117765, 
          41.690742884630076
        ]
      ], 
      "cuboid_centroid": [
        -29.348821572716034, 
        -18.59693387133396, 
        42.09759227514208
      ], 
      "location": [
        -29.348821572716034, 
        -18.59693387133396, 
        42.09759227514208
      ], 
      "pose_transform_permuted": [
        [
          0.2402503192827118, 
          -0.5385189925323767, 
          -0.8076367245033309, 
          0.0
        ], 
        [
          -0.9424222824850056, 
          0.06999649576892808, 
          -0.3270179384312474, 
          0.0
        ], 
        [
          -0.23263711131353837, 
          -0.839701009444424, 
          0.490695617646732, 
          0.0
        ], 
        [
          -29.348821572716034, 
          -18.59693387133396, 
          42.09759227514208, 
          1.0
        ]
      ], 
      "projected_cuboid": [
        [
          37.71000965854116, 
          -18.86675803041339
        ], 
        [
          157.15803874579635, 
          -8.202091075556309
        ], 
        [
          152.79340016881628, 
          31.442077926989217
        ], 
        [
          25.035476785244892, 
          22.75810751620608
        ], 
        [
          64.97547320073286, 
          43.339997761255056
        ], 
        [
          172.09212353619344, 
          49.64764890415581
        ], 
        [
          168.99433972231094, 
          88.77263061710094
        ], 
        [
          55.234300154226354, 
          84.47481424871822
        ]
      ], 
      "projected_cuboid_centroid": [
        106.68868705830664, 
        37.68852668192319
      ], 
      "quaternion_xyzw": [
        0.07986462385484182, 
        0.9473331009250073, 
        -0.27160842611066516, 
        0.14970137145003687
      ], 
      "visibility": 0.8207902054901354
    }
  ]
}