{
  "camera_data": {
    "location_worldframe": [
      -22.88817558292551, 
      -18.946596182311108, 
      64.10773793554141
    ], 
    "quaternion_xyzw_worldframe": [
      0.900031169409255, 
      0.0006287852498882526, 
      0.10372370233615152, 
      -0.42330315727562384
    ]
  }, 
  "objects": [
    {
      "bounding_box": {
        "bottom_right": [
          318, 
          227
        ], 
        "top_left": [
          100, 
          0
        ]
      }, 
      "class": "003_cracker_box", 
      "cuboid": [
        [
          -23.722090592470796, 
          -1.9924981178111985, 
          44.369044024486314
        ], 
        [
          -39.69377654145528, 
          0.20262719190159012, 
          41.34170385383712
        ], 
        [
          -44.31157947072005, 
          -16.819384346711786, 
          53.36171077697082
        ], 
        [
          -28.339893521735572, 
          -19.01450965642458, 
          56.389050947620014
        ], 
        [
          -24.237775479121677, 
          2.2312423295146475, 
          50.15233748636824
        ], 
        [
          -40.20946142810615, 
          4.426367639227437, 
          47.124997315719035
        ], 
        [
          -44.82726435737093, 
          -12.59564389938594, 
          59.145004238852735
        ], 
        [
          -28.855578408386446, 
          -14.79076920909873, 
          62.172344409501946
        ]
      ], 
      "cuboid_centroid": [
        -34.274677474920864, 
        -7.29407100859857, 
        51.757024131669525
      ], 
      "location": [
        -34.274677474920864, 
        -7.29407100859857, 
        51.757024131669525
      ], 
      "pose_transform_permuted": [
        [
          0.07182240932869219, 
          -0.5882647003214727, 
          -0.8054726462605105, 
          0.0
        ], 
        [
          0.973669516110846, 
          -0.1338197235368643, 
          0.1845533933282949, 
          0.0
        ], 
        [
          0.21635437345866826, 
          0.7975192310836178, 
          -0.563164151146983, 
          0.0
        ], 
        [
          -34.274677474920864, 
          -7.29407100859857, 
          51.757024131669525, 
          1.0
        ]
      ], 
      "projected_cuboid": [
        [
          194.07934071811982, 
          249.3365456157239
        ], 
        [
          -34.73106366591211, 
          275.90048562873494
        ], 
        [
          35.03767911763318, 
          105.18647300273115
        ], 
        [
          211.32873244508554, 
          93.45002373352034
        ], 
        [
          221.7048252246032, 
          297.0135522896718
        ], 
        [
          22.749265080436484, 
          323.38030304840106
        ], 
        [
          74.01421236099675, 
          159.70968325564064
        ], 
        [
          232.00873639232444, 
          146.4100795770202
        ]
      ], 
      "projected_cuboid_centroid": [
        125.47751666854832, 
        198.12628726782765
      ], 
      "quaternion_xyzw": [
        0.945603166430688, 
        -0.09257955911815362, 
        0.0677810237313168, 
        0.3044165069303558
      ], 
      "visibility": 0.5326069880015232
    }, 
    {
      "bounding_box": {
        "bottom_right": [
          325, 
          292
        ], 
        "top_left": [
          182, 
          197
        ]
      }, 
      "class": "006_mustard_bottle", 
      "cuboid": [
        [
          -19.80108108595485, 
          3.637090595404144, 
          55.54795651139662
        ], 
        [
          -28.72567419637038, 
          3.0493842237188815, 
          52.05334539649276
        ], 
        [
          -32.30836428849299, 
          -11.709683436171902, 
          63.68498281772299
        ], 
        [
          -23.38377117807745, 
          -11.121977064486641, 
          67.17959393262687
        ], 
        [
          -21.653342898094078, 
          7.325802556979272, 
          59.65794271928095
        ], 
        [
          -30.57793600850961, 
          6.73809618529401, 
          56.16333160437708
        ], 
        [
          -34.16062610063221, 
          -8.020971474596776, 
          67.79496902560732
        ], 
        [
          -25.23603299021668, 
          -7.433265102911513, 
          71.28958014051119
        ]
      ], 
      "cuboid_centroid": [
        -26.98085359329353, 
        -2.1919404395963156, 
        61.671462768501975
      ], 
      "location": [
        -26.98085359329353, 
        -2.1919404395963156, 
        61.671462768501975
      ], 
      "pose_transform_permuted": [
        [
          0.31799031130930644, 
          -0.6332661275551196, 
          -0.705589126308595, 
          0.0
        ], 
        [
          0.9294127793142412, 
          0.06120411379777237, 
          0.3639310149764379, 
          0.0
        ], 
        [
          0.1872802570429225, 
          0.771510209921792, 
          -0.6080280431923922, 
          0.0
        ], 
        [
          -26.98085359329353, 
          -2.1919404395963156, 
          61.671462768501975, 
          1.0
        ]
      ], 
      "projected_cuboid": [
        [
          289.9012878188053, 
          308.2064839545812
        ], 
        [
          184.8316287014671, 
          304.52941604690534
        ], 
        [
          208.78117089877884, 
          175.22568889367625
        ], 
        [
          294.4129852965687, 
          184.99234290160635
        ], 
        [
          286.41117858101603, 
          338.77645915532764
        ], 
        [
          188.81326772570674, 
          337.27060990618594
        ], 
        [
          210.6277655138442, 
          210.1883284101053
        ], 
        [
          291.232215386676, 
          217.67804879589414
        ]
      ], 
      "projected_cuboid_centroid": [
        246.32889835409077, 
        254.3311782558259
      ], 
      "quaternion_xyzw": [
        0.9228369459910873, 
        -0.034154501451431854, 
        0.18473505239687552, 
        0.3362712600909186
      ], 
      "visibility": 0.730486729997062
    }, 
    {
      "bounding_box": {
        "bottom_right": [
          167, 
          194
        ], 
        "top_left": [
          77, 
          39
        ]
      }, 
      "class": "008_pudding_box", 
      "cuboid": [
        [
          -27.280616331706753, 
          -12.756424896051927, 
          48.51739372425609
        ], 
        [
          -38.2773918919523, 
          -11.54112629418706, 
          45.9161734012981
        ], 
        [
          -40.267100917454584, 
          -18.677854263005926, 
          50.99348396839204
        ], 
        [
          -29.27032535720904, 
          -19.893152864870796, 
          53.59470429135003
        ], 
        [
          -27.74769506256624, 
          -10.4571590115913, 
          51.5662263206652
        ], 
        [
          -38.74447062281179, 
          -9.241860409726433, 
          48.965005997707216
        ], 
        [
          -40.734179648314075, 
          -16.3785883785453, 
          54.04231656480114
        ], 
        [
          -29.737404088068526, 
          -17.59388698041017, 
          56.643536887759126
        ]
      ], 
      "cuboid_centroid": [
        -34.00739799001041, 
        -14.567506637298614, 
        51.27985514452862
      ], 
      "location": [
        -34.00739799001041, 
        -14.567506637298614, 
        51.27985514452862
      ], 
      "pose_transform_permuted": [
        [
          0.1214106024011469, 
          -0.5976621020595089, 
          -0.7925015156848086, 
          0.0
        ], 
        [
          0.9675660562856996, 
          -0.10692967852020581, 
          0.22887186117659333, 
          0.0
        ], 
        [
          0.2215292247580385, 
          0.7945854363516026, 
          -0.5652950553914167, 
          0.0
        ], 
        [
          -34.00739799001041, 
          -14.567506637298614, 
          51.27985514452862, 
          1.0
        ]
      ], 
      "projected_cuboid": [
        [
          179.22027757463596, 
          133.0636058309152
        ], 
        [
          33.29742800566325, 
          139.23554442962129
        ], 
        [
          56.95069683981603, 
          77.94264941221854
        ], 
        [
          187.90148899560324, 
          75.33026349248213
        ], 
        [
          192.22720345088652, 
          165.13420489164187
        ], 
        [
          56.08129989674151, 
          172.6255650884267
        ], 
        [
          76.2595946275932, 
          111.65353476804535
        ], 
        [
          199.2752583347405, 
          107.63366765757807
        ]
      ], 
      "projected_cuboid_centroid": [
        124.96667442121625, 
        121.78188677385623
      ], 
      "quaternion_xyzw": [
        0.9426893719993493, 
        -0.0871068755611448, 
        0.09289445547551531, 
        0.30841473129807606
      ], 
      "visibility": 0.487378640776699
    }, 
    {
      "bounding_box": {
        "bottom_right": [
          391, 
          203
        ], 
        "top_left": [
          165, 
          0
        ]
      }, 
      "class": "019_pitcher_base", 
      "cuboid": [
        [
          -47.628783129222704, 
          13.752629783785181, 
          53.70902907319213
        ], 
        [
          -29.609593994441987, 
          13.02635670879713, 
          59.236137200370145
        ], 
        [
          -34.73603991860345, 
          -5.918979477642929, 
          73.45965324510178
        ], 
        [
          -52.75522905338417, 
          -5.192706402654878, 
          67.93254511792377
        ], 
        [
          -44.88090238875317, 
          5.465830035210181, 
          43.66162977508878
        ], 
        [
          -26.861713253972454, 
          4.739556960222129, 
          49.18873790226679
        ], 
        [
          -31.98815917813392, 
          -14.20577922621793, 
          63.41225394699843
        ], 
        [
          -50.00734831291464, 
          -13.479506151229877, 
          57.885145819820416
        ]
      ], 
      "cuboid_centroid": [
        -39.80847115367831, 
        -0.22657472121637434, 
        58.56064151009528
      ], 
      "location": [
        -39.80847115367831, 
        -0.22657472121637434, 
        58.56064151009528
      ], 
      "pose_transform_permuted": [
        [
          -0.2064430365654616, 
          0.6225714523598312, 
          0.7548419369654734, 
          0.0
        ], 
        [
          -0.9553271618149952, 
          0.03850497323943138, 
          -0.2930318606839917, 
          0.0
        ], 
        [
          0.21149837824866802, 
          0.7816151653766417, 
          -0.5868101645774622, 
          0.0
        ], 
        [
          -39.80847115367831, 
          -0.22657472121637434, 
          58.56064151009528, 
          1.0
        ]
      ], 
      "projected_cuboid": [
        [
          4.711781423330422, 
          409.84731575681104
        ], 
        [
          212.79199528258047, 
          390.56648664984584
        ], 
        [
          227.31064703086437, 
          230.3145454880515
        ], 
        [
          63.97891732180977, 
          232.5200392526346
        ], 
        [
          -71.18427500603083, 
          340.0507474504505
        ], 
        [
          187.92694334814092, 
          324.6742874997062
        ], 
        [
          210.323302092067, 
          153.8108880245633
        ], 
        [
          17.019288921767224, 
          149.09432078803465
        ]
      ], 
      "projected_cuboid_centroid": [
        116.03475899715673, 
        271.22309173562525
      ], 
      "quaternion_xyzw": [
        -0.13364723212398963, 
        0.3236008587726503, 
        0.9343158277794921, 
        0.06689476514656205
      ], 
      "visibility": 0.23355919566913946
    }, 
    {
      "bounding_box": {
        "bottom_right": [
          206, 
          275
        ], 
        "top_left": [
          15, 
          0
        ]
      }, 
      "class": "035_power_drill", 
      "cuboid": [
        [
          -15.268965350006859, 
          -8.203366306926515, 
          37.49859775236683
        ], 
        [
          -33.397783175280196, 
          -6.613750869752906, 
          34.547557933787594
        ], 
        [
          -36.413977766560265, 
          -21.916606441841658, 
          44.83357378328757
        ], 
        [
          -18.28515994128692, 
          -23.506221879015264, 
          47.7846136018668
        ], 
        [
          -15.74729454856722, 
          -4.959423601330144, 
          42.18446113753485
        ], 
        [
          -33.87611237384056, 
          -3.369808164156533, 
          39.23342131895563
        ], 
        [
          -36.892306965120625, 
          -18.672663736245283, 
          49.5194371684556
        ], 
        [
          -18.763489139847284, 
          -20.262279173418897, 
          52.47047698703483
        ]
      ], 
      "cuboid_centroid": [
        -26.08063615756374, 
        -13.4380150215859, 
        43.509017460411215
      ], 
      "location": [
        -26.08063615756374, 
        -13.4380150215859, 
        43.509017460411215
      ], 
      "pose_transform_permuted": [
        [
          0.08363568109700449, 
          -0.5672021662879373, 
          -0.8193214566987908, 
          0.0
        ], 
        [
          0.983332582231142, 
          -0.08622297756289826, 
          0.1600685512446912, 
          0.0
        ], 
        [
          0.16143541268869765, 
          0.819052859433464, 
          -0.550537163081972, 
          0.0
        ], 
        [
          -26.08063615756374, 
          -13.4380150215859, 
          43.509017460411215, 
          1.0
        ]
      ], 
      "projected_cuboid": [
        [
          262.62621027213237, 
          156.615084603312
        ], 
        [
          -38.269663643972535, 
          171.18835599663092
        ], 
        [
          44.8233449284545, 
          12.576663087497662
        ], 
        [
          275.81741880232806, 
          10.935803937723898
        ], 
        [
          280.8518620273436, 
          210.58672728082868
        ], 
        [
          17.264525913257845, 
          227.479044649051
        ], 
        [
          80.95933258084372, 
          72.18374259560733
        ], 
        [
          289.2921790430419, 
          67.33700400759112
        ]
      ], 
      "projected_cuboid_centroid": [
        159.24486474291234, 
        108.56765926897533
      ], 
      "quaternion_xyzw": [
        0.9515391345556151, 
        -0.06506784147329277, 
        0.06402895674267503, 
        0.2936661480276143
      ], 
      "visibility": 0.8427807487943554
    }, 
    {
      "bounding_box": {
        "bottom_right": [
          81, 
          95
        ], 
        "top_left": [
          0, 
          0
        ]
      }, 
      "class": "061_foam_brick", 
      "cuboid": [
        [
          -43.474610170871145, 
          -24.06966839683609, 
          45.8975326577918
        ], 
        [
          -35.88299646751918, 
          -24.490574735554272, 
          47.580932311073454
        ], 
        [
          -34.96275578537188, 
          -20.579235265732294, 
          44.40889637365648
        ], 
        [
          -42.55436948872385, 
          -20.15832892701411, 
          42.72549672037483
        ], 
        [
          -44.16667516872898, 
          -20.690568753697963, 
          49.86342071490901
        ], 
        [
          -36.57506146537701, 
          -21.111475092416146, 
          51.54682036819066
        ], 
        [
          -35.65482078322972, 
          -17.200135622594168, 
          48.374784430773694
        ], 
        [
          -43.246434486581684, 
          -16.779229283875985, 
          46.69138477749204
        ]
      ], 
      "cuboid_centroid": [
        -39.564715477050434, 
        -20.634902009715127, 
        47.13615854428275
      ], 
      "location": [
        -39.564715477050434, 
        -20.634902009715127, 
        47.13615854428275
      ], 
      "pose_transform_permuted": [
        [
          0.13167142167668944, 
          -0.6429032755252723, 
          -0.7545449059085323, 
          0.0
        ], 
        [
          -0.9748586086127172, 
          0.05404966371483155, 
          -0.21616967193848258, 
          0.0
        ], 
        [
          -0.17975908858056905, 
          -0.7640379651373288, 
          0.619622996588646, 
          0.0
        ], 
        [
          -39.564715477050434, 
          -20.634902009715127, 
          47.13615854428275, 
          1.0
        ]
      ], 
      "projected_cuboid": [
        [
          -27.778483042684666, 
          -6.397897610748139
        ], 
        [
          76.04418446365797, 
          -1.2205486850409122
        ], 
        [
          58.219918097309, 
          26.14440948639194
        ], 
        [
          -54.01305762900497, 
          21.66087166928282
        ], 
        [
          5.270969669951768, 
          51.98833290268147
        ], 
        [
          100.02645299266085, 
          54.86059015394573
        ], 
        [
          85.2360329673531, 
          83.65945708237172
        ], 
        [
          -16.490029357466387, 
          81.63037678050213
        ]
      ], 
      "projected_cuboid_centroid": [
        30.21365100444708, 
        39.81402604010064
      ], 
      "quaternion_xyzw": [
        0.06254664690949968, 
        0.9345375165902355, 
        -0.3377409279191879, 
        0.09305166658378497
      ], 
      "visibility": 0.6739444571165942
    }
  ]
}