{
  "camera_data": {
    "location_worldframe": [
      -7.946709845211018, 
      -7.240395570422979, 
      74.6240630228774
    ], 
    "quaternion_xyzw_worldframe": [
      -0.8270390109565546, 
      -0.0938079627985576, 
      -0.20569979917684633, 
      0.5146830140378497
    ]
  }, 
  "objects": [
    {
      "bounding_box": {
        "bottom_right": [
          435, 
          423
        ], 
        "top_left": [
          229, 
          247
        ]
      }, 
      "class": "003_cracker_box", 
      "cuboid": [
        [
          -5.7244044286545535, 
          13.501930825480525, 
          59.049373258239626
        ], 
        [
          -20.485836867315896, 
          15.178635027808628, 
          52.094742350428035
        ], 
        [
          -25.88739307136654, 
          -4.331972579187758, 
          58.85587602213518
        ], 
        [
          -11.125960632705192, 
          -6.008676781515863, 
          65.81050692994675
        ], 
        [
          -8.274582960675072, 
          16.31906119338467, 
          65.14139783796651
        ], 
        [
          -23.036015399336414, 
          17.995765395712777, 
          58.18676693015493
        ], 
        [
          -28.437571603387056, 
          -1.5148422112836082, 
          64.94790060186206
        ], 
        [
          -13.676139164725711, 
          -3.1915464136117135, 
          71.90253150967365
        ]
      ], 
      "cuboid_centroid": [
        -17.080988016020804, 
        5.993544307098457, 
        61.99863693005084
      ], 
      "location": [
        -17.080988016020804, 
        5.993544307098457, 
        61.99863693005084
      ], 
      "pose_transform_permuted": [
        [
          0.355178077018228, 
          -0.39235799933939597, 
          -0.84847141021959, 
          0.0
        ], 
        [
          0.8998897690301875, 
          -0.10221561922494668, 
          0.42396977578744477, 
          0.0
        ], 
        [
          0.2530749635985931, 
          0.9141155110492585, 
          -0.31677420232513154, 
          0.0
        ], 
        [
          -17.080988016020804, 
          5.993544307098457, 
          61.99863693005084, 
          1.0
        ]
      ], 
      "projected_cuboid": [
        [
          429.46478462505144, 
          395.23269460463223
        ], 
        [
          270.1257104706221, 
          428.67771453596004
        ], 
        [
          245.06489168530672, 
          234.0325846570068
        ], 
        [
          390.6823873758903, 
          224.59302161117978
        ], 
        [
          413.28762033147837, 
          406.89243534103684
        ], 
        [
          268.69745550368367, 
          438.2294383355261
        ], 
        [
          246.13598997340358, 
          260.847413557009
        ], 
        [
          379.31227618967733, 
          249.61401676081925
        ]
      ], 
      "projected_cuboid_centroid": [
        333.43992890178674, 
        324.8437126203861
      ], 
      "quaternion_xyzw": [
        0.9568799154412004, 
        -0.09282527961194627, 
        0.20356468984052753, 
        0.1852719944846891
      ], 
      "visibility": 0.5821941939120632
    }, 
    {
      "bounding_box": {
        "bottom_right": [
          408, 
          420
        ], 
        "top_left": [
          271, 
          340
        ]
      }, 
      "class": "006_mustard_bottle", 
      "cuboid": [
        [
          -5.6268795837911405, 
          16.824272205765936, 
          71.73741828670076
        ], 
        [
          -13.170495034657934, 
          16.387327747817533, 
          65.81213236277121
        ], 
        [
          -17.768661564223883, 
          -0.7632112886500203, 
          72.93088301926798
        ], 
        [
          -10.22504611335709, 
          -0.3262668307016159, 
          78.85616894319753
        ], 
        [
          -8.94790566732024, 
          19.391059605565488, 
          75.77621075251596
        ], 
        [
          -16.491521118187038, 
          18.954115147617085, 
          69.85092482858643
        ], 
        [
          -21.089687647752985, 
          1.8035761111495323, 
          76.96967548508319
        ], 
        [
          -13.546072196886191, 
          2.240520569097937, 
          82.89496140901274
        ]
      ], 
      "cuboid_centroid": [
        -13.358283615772063, 
        9.313924158457734, 
        74.35354688589197
      ], 
      "location": [
        -13.358283615772063, 
        9.313924158457734, 
        74.35354688589197
      ], 
      "pose_transform_permuted": [
        [
          0.5701430063755837, 
          -0.44065775096037707, 
          -0.6933668151561095, 
          0.0
        ], 
        [
          0.7855968911440397, 
          0.045503672609324385, 
          0.6170630291664352, 
          0.0
        ], 
        [
          0.24036290816130285, 
          0.8965211270259116, 
          -0.37212301887471383, 
          0.0
        ], 
        [
          -13.358283615772063, 
          9.313924158457734, 
          74.35354688589197, 
          1.0
        ]
      ], 
      "projected_cuboid": [
        [
          439.4163850930695, 
          398.3637160320483
        ], 
        [
          373.97833571468817, 
          406.0839795774604
        ], 
        [
          350.5778569596356, 
          267.7054246110294
        ], 
        [
          411.8668000096664, 
          271.07993204959376
        ], 
        [
          418.0961147177981, 
          409.762507462974
        ], 
        [
          354.63315733994, 
          418.003316101574
        ], 
        [
          334.2497522192002, 
          285.7834395696733
        ], 
        [
          393.71971098258297, 
          287.70132840641486
        ]
      ], 
      "projected_cuboid_centroid": [
        384.9829253377253, 
        340.0930100048815
      ], 
      "quaternion_xyzw": [
        0.9186246286332167, 
        -0.05303015766132393, 
        0.3230933502480805, 
        0.22119501929868612
      ], 
      "visibility": 0.018508655126498002
    }, 
    {
      "bounding_box": {
        "bottom_right": [
          309, 
          397
        ], 
        "top_left": [
          221, 
          283
        ]
      }, 
      "class": "008_pudding_box", 
      "cuboid": [
        [
          -8.844346422749023, 
          1.8709952535681666, 
          59.898319600099335
        ], 
        [
          -18.834395482080254, 
          2.8496837151873207, 
          54.567891918390586
        ], 
        [
          -21.160274345457765, 
          -5.3424063759987055, 
          57.42286269803017
        ], 
        [
          -11.17022528612653, 
          -6.321094837617859, 
          62.753290379738935
        ], 
        [
          -10.384727005955341, 
          3.4131138478150818, 
          63.06837705215781
        ], 
        [
          -20.374776065286575, 
          4.391802309434236, 
          57.73794937044905
        ], 
        [
          -22.700654928664083, 
          -3.8002877817517904, 
          60.592920150088645
        ], 
        [
          -12.71060586933285, 
          -4.778976243370944, 
          65.9233478317974
        ]
      ], 
      "cuboid_centroid": [
        -15.772500675706553, 
        -0.9646462640918116, 
        60.24561987509399
      ], 
      "location": [
        -15.772500675706553, 
        -0.9646462640918116, 
        60.24561987509399
      ], 
      "pose_transform_permuted": [
        [
          0.40040045109733174, 
          -0.4008522228297556, 
          -0.8240122263594255, 
          0.0
        ], 
        [
          0.8789878739893049, 
          -0.08611121777955232, 
          0.46900483346701166, 
          0.0
        ], 
        [
          0.25895753342881744, 
          0.9120868145985933, 
          -0.31786530362687226, 
          0.0
        ], 
        [
          -15.772500675706553, 
          -0.9646462640918116, 
          60.24561987509399, 
          1.0
        ]
      ], 
      "projected_cuboid": [
        [
          402.19298399846906, 
          289.94540947248976
        ], 
        [
          295.9849841976762, 
          301.13793699509404
        ], 
        [
          283.4315020136985, 
          223.66849722715162
        ], 
        [
          385.8738776435521, 
          219.56563117983632
        ], 
        [
          393.04980057333415, 
          302.1485531420129
        ], 
        [
          291.8289606275087, 
          313.853170544183
        ], 
        [
          280.12806296117697, 
          239.8376153899187
        ], 
        [
          377.9113992157055, 
          234.62464197757294
        ]
      ], 
      "projected_cuboid_centroid": [
        340.80868727387684, 
        264.7470832536115
      ], 
      "quaternion_xyzw": [
        0.9506690952885924, 
        -0.09074365436893107, 
        0.22862983788812968, 
        0.1890030742606733
      ], 
      "visibility": 0.8535618514632156
    }, 
    {
      "bounding_box": {
        "bottom_right": [
          461, 
          369
        ], 
        "top_left": [
          259, 
          204
        ]
      }, 
      "class": "019_pitcher_base", 
      "cuboid": [
        [
          -33.05022882094409, 
          25.122276677753646, 
          64.0439046164766
        ], 
        [
          -17.17402772885237, 
          24.474936532315407, 
          74.20730776323504
        ], 
        [
          -23.395251872560856, 
          2.5767073870426067, 
          82.53068148788473
        ], 
        [
          -39.27145296465258, 
          3.224047532480845, 
          72.36727834112632
        ], 
        [
          -26.727421178718696, 
          19.43416235804107, 
          53.804784034236604
        ], 
        [
          -10.851220086626972, 
          18.786822212602832, 
          63.96818718099503
        ], 
        [
          -17.07244423033546, 
          -3.111406932669969, 
          72.29156090564474
        ], 
        [
          -32.94864532242718, 
          -2.464066787231731, 
          62.12815775888632
        ]
      ], 
      "cuboid_centroid": [
        -25.061336525639778, 
        11.005434872541839, 
        68.16773276106068
      ], 
      "location": [
        -25.061336525639778, 
        11.005434872541839, 
        68.16773276106068
      ], 
      "pose_transform_permuted": [
        [
          -0.4750204730709234, 
          0.42733717486309064, 
          0.7692455912028968, 
          0.0
        ], 
        [
          -0.8417119114664694, 
          0.034320169417431656, 
          -0.5388352944158425, 
          0.0
        ], 
        [
          0.2566649168997184, 
          0.9034407110225153, 
          -0.34339190744686043, 
          0.0
        ], 
        [
          -25.061336525639778, 
          11.005434872541839, 
          68.16773276106068, 
          1.0
        ]
      ], 
      "projected_cuboid": [
        [
          204.08082540047604, 
          482.4899306590703
        ], 
        [
          357.14067212519154, 
          449.1851569045381
        ], 
        [
          329.1552811735187, 
          289.93741841568084
        ], 
        [
          189.76939758171764, 
          297.04655391075454
        ], 
        [
          214.46384558984303, 
          465.92032611216536
        ], 
        [
          390.3736662041159, 
          429.91721071234105
        ], 
        [
          354.5982038368003, 
          250.33262430715203
        ], 
        [
          196.40277830050718, 
          252.13453349142083
        ]
      ], 
      "projected_cuboid_centroid": [
        283.892312374289, 
        359.38906334214334
      ], 
      "quaternion_xyzw": [
        -0.27040872201960353, 
        0.20556362438752526, 
        0.937336414220087, 
        0.07760956522724684
      ], 
      "visibility": 0.30477158298304774
    }, 
    {
      "bounding_box": {
        "bottom_right": [
          390, 
          516
        ], 
        "top_left": [
          206, 
          336
        ]
      }, 
      "class": "035_power_drill", 
      "cuboid": [
        [
          4.956424058138316, 
          9.543147748982484, 
          53.807247626810415
        ], 
        [
          -11.81102697889659, 
          10.462642770057192, 
          46.19826191137204
        ], 
        [
          -15.444720768801206, 
          -6.884774478561351, 
          52.10929606559412
        ], 
        [
          1.3227302682337003, 
          -7.804269499636058, 
          59.7182817810325
        ], 
        [
          2.8550364997230724, 
          11.64786579037572, 
          58.692287141432296
        ], 
        [
          -13.912414537311834, 
          12.56736081145043, 
          51.08330142599392
        ], 
        [
          -17.546108327216448, 
          -4.780056437168115, 
          56.994335580216
        ], 
        [
          -0.7786572901815434, 
          -5.699551458242823, 
          64.60332129565438
        ]
      ], 
      "cuboid_centroid": [
        -6.294842134539066, 
        2.381545655907184, 
        55.40079160351321
      ], 
      "location": [
        -6.294842134539066, 
        2.381545655907184, 
        55.40079160351321
      ], 
      "pose_transform_permuted": [
        [
          0.3674268270174403, 
          -0.3680091607179227, 
          -0.8541473282852925, 
          0.0
        ], 
        [
          0.9094901324837584, 
          -0.0498747034768903, 
          0.41272208942885497, 
          0.0
        ], 
        [
          0.1944857464612903, 
          0.9284836829527132, 
          -0.3163755550993307, 
          0.0
        ], 
        [
          -6.294842134539066, 
          2.381545655907184, 
          55.40079160351321, 
          1.0
        ]
      ], 
      "projected_cuboid": [
        [
          531.1328962195548, 
          367.87505168738505
        ], 
        [
          344.1125608117178, 
          394.0688369280966
        ], 
        [
          322.20871190084137, 
          202.82338970724427
        ], 
        [
          493.508274897708, 
          203.58979466650695
        ], 
        [
          507.7561433935917, 
          379.1272749966298
        ], 
        [
          335.13832954644323, 
          404.4922244274091
        ], 
        [
          316.0426220647026, 
          228.5575718367722
        ], 
        [
          475.1154538540671, 
          226.23504980698715
        ]
      ], 
      "projected_cuboid_centroid": [
        420.4943393469765, 
        296.2126532904253
      ], 
      "quaternion_xyzw": [
        0.9607446517834181, 
        -0.06358621135297955, 
        0.20300631260296764, 
        0.17808704803790446
      ], 
      "visibility": 0.943177638837808
    }, 
    {
      "bounding_box": {
        "bottom_right": [
          244, 
          333
        ], 
        "top_left": [
          174, 
          244
        ]
      }, 
      "class": "061_foam_brick", 
      "cuboid": [
        [
          -22.202637825565112, 
          -9.70712197702036, 
          50.70041616561822
        ], 
        [
          -15.329849065564552, 
          -9.951306622735784, 
          54.35400942141041
        ], 
        [
          -14.115728247987553, 
          -5.388754090999473, 
          52.375056065465984
        ], 
        [
          -20.98851700798811, 
          -5.144569445284051, 
          48.721462809673795
        ], 
        [
          -24.336688679071383, 
          -7.329117985363433, 
          54.87371946293725
        ], 
        [
          -17.463899919070826, 
          -7.573302631078857, 
          58.52731271872944
        ], 
        [
          -16.249779101493825, 
          -3.010750099342547, 
          56.548359362785014
        ], 
        [
          -23.122567861494385, 
          -2.7665654536271234, 
          52.89476610699283
        ]
      ], 
      "cuboid_centroid": [
        -19.226208463529467, 
        -6.3589360381814535, 
        53.62438776420162
      ], 
      "location": [
        -19.226208463529467, 
        -6.3589360381814535, 
        53.62438776420162
      ], 
      "pose_transform_permuted": [
        [
          0.4060218486432493, 
          -0.4524360678599609, 
          -0.7940074703198547, 
          0.0
        ], 
        [
          -0.8825524519121641, 
          0.0313563773485499, 
          -0.46916729129746715, 
          0.0
        ], 
        [
          -0.23716540230005184, 
          -0.8912454107029062, 
          0.38656718672549334, 
          0.0
        ], 
        [
          -19.226208463529467, 
          -6.3589360381814535, 
          53.62438776420162, 
          1.0
        ]
      ], 
      "projected_cuboid": [
        [
          246.10038827467665, 
          171.1769570725774
        ], 
        [
          329.9276464803731, 
          175.64467574274732
        ], 
        [
          336.66298583102, 
          218.41446143355748
        ], 
        [
          249.9359369505097, 
          216.9725549043687
        ], 
        [
          243.0968250342789, 
          202.054586015682
        ], 
        [
          321.13426035326444, 
          204.27618341678112
        ], 
        [
          327.0647962503752, 
          244.8915145694816
        ], 
        [
          246.51738332248345, 
          245.39221793548563
        ]
      ], 
      "projected_cuboid_centroid": [
        288.7899613280531, 
        210.04394895258883
      ], 
      "quaternion_xyzw": [
        0.07108024990245938, 
        0.9444317514959623, 
        -0.22209208162910887, 
        0.23167082707523148
      ], 
      "visibility": 0.9811417795302588
    }
  ]
}