{
  "camera_data": {
    "location_worldframe": [
      -8.65955167278618, 
      -12.930643558619481, 
      67.61965041030483
    ], 
    "quaternion_xyzw_worldframe": [
      -0.8334816162143409, 
      -0.06688767471278946, 
      -0.19036112918499443, 
      0.514388441088984
    ]
  }, 
  "objects": [
    {
      "bounding_box": {
        "bottom_right": [
          400, 
          406
        ], 
        "top_left": [
          174, 
          208
        ]
      }, 
      "class": "003_cracker_box", 
      "cuboid": [
        [
          -6.684163515228052, 
          7.765318296480545, 
          51.95035905762385
        ], 
        [
          -21.752514058376665, 
          9.897796641760415, 
          45.82863840874892
        ], 
        [
          -27.354095894235236, 
          -9.454728839664151, 
          52.87531035892427
        ], 
        [
          -12.285745351086623, 
          -11.58720718494402, 
          58.99703100779918
        ], 
        [
          -8.80555259267605, 
          10.646087840578423, 
          58.17557172474014
        ], 
        [
          -23.87390313582466, 
          12.778566185858292, 
          52.05385107586522
        ], 
        [
          -29.47548497168323, 
          -6.573959295566273, 
          59.100523026040555
        ], 
        [
          -14.407134428534619, 
          -8.706437640846143, 
          65.22224367491548
        ]
      ], 
      "cuboid_centroid": [
        -18.07982424345564, 
        0.5956795004571358, 
        55.5254410418322
      ], 
      "location": [
        -18.07982424345564, 
        0.5956795004571358, 
        55.5254410418322
      ], 
      "pose_transform_permuted": [
        [
          0.2954580958449497, 
          -0.4012213945643587, 
          -0.8670212835585456, 
          0.0
        ], 
        [
          0.9186001796428366, 
          -0.13000062518118366, 
          0.3731937129864996, 
          0.0
        ], 
        [
          0.26244661087509763, 
          0.9067090106513406, 
          -0.3301523079486838, 
          0.0
        ], 
        [
          -18.07982424345564, 
          0.5956795004571358, 
          55.5254410418322, 
          1.0
        ]
      ], 
      "projected_cuboid": [
        [
          412.40596642801586, 
          353.0048766454009
        ], 
        [
          226.34795491929557, 
          388.4697282873619
        ], 
        [
          203.39447487613268, 
          177.92270920128257
        ], 
        [
          369.6112340698782, 
          168.54085162350464
        ], 
        [
          400.20020095301027, 
          370.88363864088814
        ], 
        [
          234.9577560378108, 
          404.2097924748312
        ], 
        [
          213.3954625099422, 
          213.96352268847966
        ], 
        [
          362.80878371112965, 
          202.094358260279
        ]
      ], 
      "projected_cuboid_centroid": [
        306.49393179534206, 
        279.0080151444542
      ], 
      "quaternion_xyzw": [
        0.9607718867989326, 
        -0.10211769345266332, 
        0.1739881802378817, 
        0.19030888407596128
      ], 
      "visibility": 0.5531337460775168
    }, 
    {
      "bounding_box": {
        "bottom_right": [
          376, 
          413
        ], 
        "top_left": [
          229, 
          325
        ]
      }, 
      "class": "006_mustard_bottle", 
      "cuboid": [
        [
          -5.780985789832853, 
          11.059005716842838, 
          64.61409454853113
        ], 
        [
          -13.652287384552334, 
          10.860094204235942, 
          59.11781278489086
        ], 
        [
          -18.361168250657645, 
          -6.158254220701149, 
          66.47736395739177
        ], 
        [
          -10.489866655938163, 
          -5.959342708094254, 
          71.97364572103206
        ], 
        [
          -8.793451333360553, 
          13.716610001086838, 
          68.8321091528921
        ], 
        [
          -16.664752928080034, 
          13.51769848847994, 
          63.33582738925182
        ], 
        [
          -21.37363379418534, 
          -3.5006499364571524, 
          70.69537856175275
        ], 
        [
          -13.502332199465863, 
          -3.301738423850256, 
          76.19166032539302
        ]
      ], 
      "cuboid_centroid": [
        -13.577309792009098, 
        3.7791778901928432, 
        67.65473655514194
      ], 
      "location": [
        -13.577309792009098, 
        3.7791778901928432, 
        67.65473655514194
      ], 
      "pose_transform_permuted": [
        [
          0.5171703318164225, 
          -0.4562488996669833, 
          -0.7241350916795373, 
          0.0
        ], 
        [
          0.8197223337197304, 
          0.020714770912504576, 
          0.5723862641846804, 
          0.0
        ], 
        [
          0.24615034968492727, 
          0.8896110424052744, 
          -0.384710538691871, 
          0.0
        ], 
        [
          -13.577309792009098, 
          3.7791778901928432, 
          67.65473655514194, 
          1.0
        ]
      ], 
      "projected_cuboid": [
        [
          433.48363244884075, 
          364.5666891683254
        ], 
        [
          357.4093062188117, 
          371.25871660849634
        ], 
        [
          333.06567401370336, 
          223.88148671990598
        ], 
        [
          403.2201467920235, 
          229.1282334073752
        ], 
        [
          412.89654869878797, 
          379.56450648087105
        ], 
        [
          340.1020439321552, 
          387.11237117064155
        ], 
        [
          319.01259160838, 
          246.87794942980003
        ], 
        [
          386.2970273083769, 
          250.17532407130727
        ]
      ], 
      "projected_cuboid_centroid": [
        373.6757462709204, 
        303.07764618395584
      ], 
      "quaternion_xyzw": [
        0.9264810397148641, 
        -0.06083113660960705, 
        0.2940040187806831, 
        0.22692300282196545
      ], 
      "visibility": 0.027530093624609897
    }, 
    {
      "bounding_box": {
        "bottom_right": [
          259, 
          374
        ], 
        "top_left": [
          161, 
          245
        ]
      }, 
      "class": "008_pudding_box", 
      "cuboid": [
        [
          -10.100554264291159, 
          -3.768327420324606, 
          52.968873538627626
        ], 
        [
          -20.337711706372538, 
          -2.479940677962343, 
          48.20305380947071
        ], 
        [
          -22.746565172706994, 
          -10.603937101138913, 
          51.181143431317764
        ], 
        [
          -12.509407730625616, 
          -11.892323843501176, 
          55.94696316047468
        ], 
        [
          -11.415090753061552, 
          -2.186709065228997, 
          56.220126150730906
        ], 
        [
          -21.65224819514293, 
          -0.8983223228667347, 
          51.45430642157399
        ], 
        [
          -24.061101661477387, 
          -9.022318746043306, 
          54.43239604342105
        ], 
        [
          -13.823944219396008, 
          -10.310705488405567, 
          59.19821577257797
        ]
      ], 
      "cuboid_centroid": [
        -17.080827962884275, 
        -6.395323083183955, 
        53.700634791024335
      ], 
      "location": [
        -17.080827962884275, 
        -6.395323083183955, 
        53.700634791024335
      ], 
      "pose_transform_permuted": [
        [
          0.34169542827655225, 
          -0.41111963481513203, 
          -0.8451177758991323, 
          0.0
        ], 
        [
          0.9007300366862545, 
          -0.11336043665243256, 
          0.41932704500936185, 
          0.0
        ], 
        [
          0.2681957181241994, 
          0.904505435968993, 
          -0.3315730474817522, 
          0.0
        ], 
        [
          -17.080827962884275, 
          -6.395323083183955, 
          53.700634791024335, 
          1.0
        ]
      ], 
      "projected_cuboid": [
        [
          379.05166308532046, 
          235.34495692073324
        ], 
        [
          254.70502188931226, 
          245.84842308755722
        ], 
        [
          242.59724496566545, 
          162.79101295781942
        ], 
        [
          361.35623775577625, 
          159.92186478263883
        ], 
        [
          372.4079674875033, 
          252.5428142114499
        ], 
        [
          255.30308528805543, 
          263.9755022275116
        ], 
        [
          243.8857860519751, 
          184.8873561956723
        ], 
        [
          356.0186257573798, 
          180.39689457728193
        ]
      ], 
      "projected_cuboid_centroid": [
        310.5477936351111, 
        209.77237182229425
      ], 
      "quaternion_xyzw": [
        0.9552948822947787, 
        -0.09985297782085623, 
        0.19915904695778605, 
        0.19436215352499633
      ], 
      "visibility": 0.8917337234820776
    }, 
    {
      "bounding_box": {
        "bottom_right": [
          434, 
          355
        ], 
        "top_left": [
          214, 
          169
        ]
      }, 
      "class": "019_pitcher_base", 
      "cuboid": [
        [
          -33.32776967313429, 
          20.191320120660798, 
          58.460844289479816
        ], 
        [
          -16.93739826458442, 
          19.048183745872628, 
          67.72456590783582
        ], 
        [
          -23.34194615416519, 
          -2.6691910085777857, 
          76.37627208697484
        ], 
        [
          -39.73231756271506, 
          -1.5260546337896086, 
          67.11255046861882
        ], 
        [
          -27.758404405387964, 
          14.335442019530086, 
          47.88431397602293
        ], 
        [
          -11.36803299683809, 
          13.19230564474191, 
          57.148035594378946
        ], 
        [
          -17.772580886418858, 
          -8.525069109708499, 
          65.79974177351795
        ], 
        [
          -34.16295229496873, 
          -7.381932734920323, 
          56.53602015516195
        ]
      ], 
      "cuboid_centroid": [
        -25.550175279776578, 
        5.8331255054761515, 
        62.13029303149889
      ], 
      "location": [
        -25.550175279776578, 
        5.8331255054761515, 
        62.13029303149889
      ], 
      "pose_transform_permuted": [
        [
          -0.4184157851840784, 
          0.4399409476366307, 
          0.7945945404688861, 
          0.0
        ], 
        [
          -0.8689717878925047, 
          0.06060590298072592, 
          -0.4911366885220253, 
          0.0
        ], 
        [
          0.2642281830533159, 
          0.8959793214118674, 
          -0.3569377016829032, 
          0.0
        ], 
        [
          -25.550175279776578, 
          5.8331255054761515, 
          62.13029303149889, 
          1.0
        ]
      ], 
      "projected_cuboid": [
        [
          175.02477198919325, 
          457.48549304790834
        ], 
        [
          347.1063828927734, 
          423.2877861155454
        ], 
        [
          317.2468277937376, 
          254.64813370742462
        ], 
        [
          163.2272473423018, 
          261.1595242484432
        ], 
        [
          169.8567549508057, 
          432.9499293429188
        ], 
        [
          374.6236791087312, 
          396.4003926282979
        ], 
        [
          336.3464306202207, 
          204.189210521637
        ], 
        [
          156.6430585980363, 
          203.6507681062245
        ]
      ], 
      "projected_cuboid_centroid": [
        260.4494735515667, 
        323.35744399805975
      ], 
      "quaternion_xyzw": [
        -0.24104630590591575, 
        0.21118589661033244, 
        0.9433379100000776, 
        0.08608635426143722
      ], 
      "visibility": 0.2625858555362669
    }, 
    {
      "bounding_box": {
        "bottom_right": [
          340, 
          507
        ], 
        "top_left": [
          135, 
          294
        ]
      }, 
      "class": "035_power_drill", 
      "cuboid": [
        [
          3.5645282225201953, 
          3.497566609677531, 
          46.12083316802907
        ], 
        [
          -13.56500970633689, 
          4.9346347427591475, 
          39.45725196002859
        ], 
        [
          -17.384480226100873, 
          -12.307112100036912, 
          45.55731354057231
        ], 
        [
          -0.254942297243789, 
          -13.744180233118527, 
          52.22089474857279
        ], 
        [
          1.802446572847928, 
          5.6550992981331385, 
          51.115770577244476
        ], 
        [
          -15.327091356009154, 
          7.0921674312147545, 
          44.452189369243996
        ], 
        [
          -19.146561875773138, 
          -10.149579411581303, 
          50.55225094978771
        ], 
        [
          -2.0170239469160562, 
          -11.58664754466292, 
          57.21583215778819
        ]
      ], 
      "cuboid_centroid": [
        -7.791016826626472, 
        -3.3260064009518864, 
        48.33654205890839
      ], 
      "location": [
        -7.791016826626472, 
        -3.3260064009518864, 
        48.33654205890839
      ], 
      "pose_transform_permuted": [
        [
          0.30809931604096885, 
          -0.37724378196256725, 
          -0.8733629339667348, 
          0.0
        ], 
        [
          0.929130234875387, 
          -0.07794859718735828, 
          0.36144201896249284, 
          0.0
        ], 
        [
          0.20442905155821903, 
          0.9228278987993124, 
          -0.32649284682378965, 
          0.0
        ], 
        [
          -7.791016826626472, 
          -3.3260064009518864, 
          48.33654205890839, 
          1.0
        ]
      ], 
      "projected_cuboid": [
        [
          523.1590897202092, 
          313.7307502442696
        ], 
        [
          296.71916303431357, 
          339.98498283958685
        ], 
        [
          276.38857001099126, 
          129.21254886469717
        ], 
        [
          478.97170631712993, 
          132.92049277581967
        ], 
        [
          500.55972779701256, 
          332.2893695227139
        ], 
        [
          296.1763205139055, 
          358.37552531514854
        ], 
        [
          277.92004486471774, 
          166.2098132175164
        ], 
        [
          462.6393285531259, 
          165.28520677944798
        ]
      ], 
      "projected_cuboid_centroid": [
        394.9187852822936, 
        236.58916014215097
      ], 
      "quaternion_xyzw": [
        0.9650545408993, 
        -0.07315069687212694, 
        0.17344650137067383, 
        0.1823048851028072
      ], 
      "visibility": 0.9279472985955441
    }, 
    {
      "bounding_box": {
        "bottom_right": [
          181, 
          290
        ], 
        "top_left": [
          98, 
          189
        ]
      }, 
      "class": "061_foam_brick", 
      "cuboid": [
        [
          -24.292180742413713, 
          -14.922534853193525, 
          44.52615422100136
        ], 
        [
          -17.23722649229879, 
          -15.379949479673346, 
          47.791424125286625
        ], 
        [
          -15.998367126657358, 
          -10.852143054253967, 
          45.74901677227782
        ], 
        [
          -23.053321376772278, 
          -10.394728427774147, 
          42.48374686799256
        ], 
        [
          -26.11822360696192, 
          -12.489491148481095, 
          48.81234159778424
        ], 
        [
          -19.063269356847, 
          -12.946905774960914, 
          52.0776115020695
        ], 
        [
          -17.824409991205567, 
          -8.419099349541534, 
          50.0352041490607
        ], 
        [
          -24.879364241320488, 
          -7.961684723061715, 
          46.76993424477543
        ]
      ], 
      "cuboid_centroid": [
        -21.05829536680964, 
        -11.67081710136753, 
        47.280679185031026
      ], 
      "location": [
        -21.05829536680964, 
        -11.67081710136753, 
        47.280679185031026
      ], 
      "pose_transform_permuted": [
        [
          0.3474206335559088, 
          -0.4629078548873754, 
          -0.8154846542168526, 
          0.0
        ], 
        [
          -0.9059447902435692, 
          0.05873778668853191, 
          -0.4193016926336785, 
          0.0
        ], 
        [
          -0.24199781075486243, 
          -0.8844581337171935, 
          0.3989622404330423, 
          0.0
        ], 
        [
          -21.05829536680964, 
          -11.67081710136753, 
          47.280679185031026, 
          1.0
        ]
      ], 
      "projected_cuboid": [
        [
          188.20858885699678, 
          94.5493394293014
        ], 
        [
          287.6384176412717, 
          101.6568283458791
        ], 
        [
          293.5417448193175, 
          146.777580662915
        ], 
        [
          189.78554959144952, 
          142.7963472385275
        ], 
        [
          193.8534287463896, 
          136.8273968032951
        ], 
        [
          284.7458690062595, 
          140.6990749219235
        ], 
        [
          290.02542479047503, 
          183.54831002502468
        ], 
        [
          195.53237622467637, 
          182.49910271114362
        ]
      ], 
      "projected_cuboid_centroid": [
        242.08288021188795, 
        141.64132012385014
      ], 
      "quaternion_xyzw": [
        0.07918606294053526, 
        0.9494587376734198, 
        -0.22693721725926927, 
        0.20188405661218756
      ], 
      "visibility": 0.9666409067490984
    }
  ]
}