{
  "camera_data": {
    "location_worldframe": [
      -26.173432976872064, 
      -16.05756574821906, 
      72.32583442458885
    ], 
    "quaternion_xyzw_worldframe": [
      0.9234693391870261, 
      0.0016437128168879276, 
      0.05085505279836545, 
      -0.3802859613925586
    ]
  }, 
  "objects": [
    {
      "bounding_box": {
        "bottom_right": [
          316, 
          229
        ], 
        "top_left": [
          139, 
          0
        ]
      }, 
      "class": "003_cracker_box", 
      "cuboid": [
        [
          -29.636085701145376, 
          -1.1807817817316026, 
          51.24399034881161
        ], 
        [
          -45.904734270009975, 
          0.17984837312480031, 
          49.64465454553843
        ], 
        [
          -48.60917480235692, 
          -15.708157535162925, 
          63.63789637192049
        ], 
        [
          -32.34052623349232, 
          -17.06878769001933, 
          65.23723217519367
        ], 
        [
          -29.766732238646004, 
          3.576505870442144, 
          56.62019190861728
        ], 
        [
          -46.035380807510606, 
          4.937136025298547, 
          55.020856105344095
        ], 
        [
          -48.73982133985755, 
          -10.950869882989181, 
          69.01409793172616
        ], 
        [
          -32.47117277099294, 
          -12.311500037845583, 
          70.61343373499935
        ]
      ], 
      "cuboid_centroid": [
        -39.18795352050146, 
        -6.0658258323603915, 
        60.12904414026888
      ], 
      "location": [
        -39.18795352050146, 
        -6.0658258323603915, 
        60.12904414026888
      ], 
      "pose_transform_permuted": [
        [
          0.018195897022863755, 
          -0.6625748977593684, 
          -0.748774608404088, 
          0.0
        ], 
        [
          0.9917730182286089, 
          -0.08294704195389549, 
          0.09749906945614317, 
          0.0
        ], 
        [
          0.12670907483384303, 
          0.7443885363775162, 
          -0.6556146103195765, 
          0.0
        ], 
        [
          -39.18795352050146, 
          -6.0658258323603915, 
          60.12904414026888, 
          1.0
        ]
      ], 
      "projected_cuboid": [
        [
          170.59044352227912, 
          260.9976033500247
        ], 
        [
          -15.655143951422367, 
          275.21860217378344
        ], 
        [
          70.83136759496357, 
          141.64378253774282
        ], 
        [
          215.00741245437828, 
          133.74783542533078
        ], 
        [
          198.88030345873753, 
          306.97453082879014
        ], 
        [
          31.655481524293958, 
          321.14241506975486
        ], 
        [
          101.81202607420003, 
          188.66160573737545
        ], 
        [
          234.30944393652715, 
          180.30190713857994
        ]
      ], 
      "projected_cuboid_centroid": [
        131.11966442359736, 
        219.48518872072603
      ], 
      "quaternion_xyzw": [
        0.9333991861752148, 
        -0.056153926394248675, 
        0.030987536788276412, 
        0.3530615645489481
      ], 
      "visibility": 0.5864438177781369
    }, 
    {
      "bounding_box": {
        "bottom_right": [
          336, 
          286
        ], 
        "top_left": [
          212, 
          192
        ]
      }, 
      "class": "006_mustard_bottle", 
      "cuboid": [
        [
          -24.89104478640546, 
          5.65480726770894, 
          61.38271279665377
        ], 
        [
          -34.07963680329903, 
          4.431934656745996, 
          58.87663475823558
        ], 
        [
          -35.88832890627962, 
          -9.210156951497463, 
          72.16507729351035
        ], 
        [
          -26.69973688938605, 
          -7.987284340534519, 
          74.67115533192855
        ], 
        [
          -26.490423065061364, 
          9.670352522180508, 
          65.28743324967351
        ], 
        [
          -35.67901508195494, 
          8.447479911217563, 
          62.78135521125532
        ], 
        [
          -37.48770718493552, 
          -5.194611697025896, 
          76.06979774653009
        ], 
        [
          -28.29911516804195, 
          -3.971739086062952, 
          78.57587578494828
        ]
      ], 
      "cuboid_centroid": [
        -31.18937598567049, 
        0.2300977853415223, 
        68.72625527159192
      ], 
      "location": [
        -31.18937598567049, 
        0.2300977853415223, 
        68.72625527159192
      ], 
      "pose_transform_permuted": [
        [
          0.27457608497783154, 
          -0.6893758091742387, 
          -0.6703497660503674, 
          0.0
        ], 
        [
          0.9569057926505378, 
          0.1273507282674777, 
          0.2609845542589877, 
          0.0
        ], 
        [
          0.09454692235381809, 
          0.713121804370542, 
          -0.6946352795566337, 
          0.0
        ], 
        [
          -31.18937598567049, 
          0.2300977853415223, 
          68.72625527159192, 
          1.0
        ]
      ], 
      "projected_cuboid": [
        [
          263.5306519870512, 
          322.41795165678684
        ], 
        [
          170.32244396353013, 
          313.432133148063
        ], 
        [
          214.16228388674378, 
          205.2209687264409
        ], 
        [
          289.3118724851111, 
          216.23940731594988
        ], 
        [
          263.3989315362801, 
          352.2816541858716
        ], 
        [
          175.9826006282866, 
          345.04679944660177
        ], 
        [
          216.5833496969857, 
          236.86750931220004
        ], 
        [
          287.9212656604545, 
          246.329075367326
        ]
      ], 
      "projected_cuboid_centroid": [
        237.54879268278995, 
        275.0721096597116
      ], 
      "quaternion_xyzw": [
        0.9138349636383265, 
        0.00897421504399851, 
        0.14651459523515806, 
        0.3786271985098367
      ], 
      "visibility": 0.8516335052812577
    }, 
    {
      "bounding_box": {
        "bottom_right": [
          191, 
          199
        ], 
        "top_left": [
          119, 
          61
        ]
      }, 
      "class": "008_pudding_box", 
      "cuboid": [
        [
          -32.31607129874341, 
          -11.59089190475355, 
          56.73777355750841
        ], 
        [
          -43.55491090732044, 
          -10.99977779238526, 
          55.15302154488386
        ], 
        [
          -44.73845554461817, 
          -17.65905929125095, 
          61.062683355190714
        ], 
        [
          -33.49961593604115, 
          -18.25017340361924, 
          62.64743536781526
        ], 
        [
          -32.58213862780763, 
          -9.017128040916816, 
          59.58472176546819
        ], 
        [
          -43.820978236384654, 
          -8.426013928548526, 
          57.99996975284364
        ], 
        [
          -45.0045228736824, 
          -15.085295427414216, 
          63.90963156315049
        ], 
        [
          -33.765683265105366, 
          -15.676409539782506, 
          65.49438357577503
        ]
      ], 
      "cuboid_centroid": [
        -38.6602970862129, 
        -13.338093666083884, 
        60.32370256032945
      ], 
      "location": [
        -38.6602970862129, 
        -13.338093666083884, 
        60.32370256032945
      ], 
      "pose_transform_permuted": [
        [
          0.06916049172589842, 
          -0.6690140237636389, 
          -0.7400244843031458, 
          0.0
        ], 
        [
          0.9888643864488923, 
          -0.05200996850264322, 
          0.1394365327041112, 
          0.0
        ], 
        [
          0.13177289875383355, 
          0.7414277409315455, 
          -0.6579669603141988, 
          0.0
        ], 
        [
          -38.6602970862129, 
          -13.338093666083884, 
          60.32370256032945, 
          1.0
        ]
      ], 
      "projected_cuboid": [
        [
          175.30340876453218, 
          164.33531815679146
        ], 
        [
          56.919268499995425, 
          166.92070809782655
        ], 
        [
          87.59650634089397, 
          119.05286165211118
        ], 
        [
          194.0372040257865, 
          117.92223910353277
        ], 
        [
          187.53675868941164, 
          192.57774509470536
        ], 
        [
          75.29779993807911, 
          195.807907297366
        ], 
        [
          102.90903023249614, 
          147.40123286255957
        ], 
        [
          204.35238785990276, 
          145.63381808517002
        ]
      ], 
      "projected_cuboid_centroid": [
        136.95448568078632, 
        155.36495405380086
      ], 
      "quaternion_xyzw": [
        0.9314392910549221, 
        -0.049327655871250986, 
        0.05598782079338698, 
        0.3561641098946277
      ], 
      "visibility": 0.3242894056847545
    }, 
    {
      "bounding_box": {
        "bottom_right": [
          391, 
          202
        ], 
        "top_left": [
          194, 
          2
        ]
      }, 
      "class": "019_pitcher_base", 
      "cuboid": [
        [
          -53.16936707248339, 
          14.622729869456297, 
          61.398262546524826
        ], 
        [
          -34.68442440966759, 
          15.037760454095245, 
          65.12683040432178
        ], 
        [
          -37.59936474519455, 
          -2.5611761860971978, 
          81.53704587152805
        ], 
        [
          -56.084307408010346, 
          -2.976206770736146, 
          77.8084780137311
        ], 
        [
          -51.06063649090407, 
          5.474737320341739, 
          51.96218184805629
        ], 
        [
          -32.57569382808828, 
          5.889767904980687, 
          55.690749705853236
        ], 
        [
          -35.49063416361524, 
          -11.709168735211756, 
          72.1009651730595
        ], 
        [
          -53.97557682643104, 
          -12.124199319850703, 
          68.37239731526256
        ]
      ], 
      "cuboid_centroid": [
        -44.33000061804931, 
        1.4567805671222707, 
        66.74961385979216
      ], 
      "location": [
        -44.33000061804931, 
        1.4567805671222707, 
        66.74961385979216
      ], 
      "pose_transform_permuted": [
        [
          -0.15842490474506488, 
          0.6872712241488067, 
          0.7089147370841599, 
          0.0
        ], 
        [
          -0.9800201151279846, 
          -0.022003764293934733, 
          -0.19767827079124162, 
          0.0
        ], 
        [
          0.12025975944658424, 
          0.7260676525931743, 
          -0.6770253718404414, 
          0.0
        ], 
        [
          -44.33000061804931, 
          1.4567805671222707, 
          66.74961385979216, 
          1.0
        ]
      ], 
      "projected_cuboid": [
        [
          15.906815385879096, 
          400.30296931600714
        ], 
        [
          195.2015035403786, 
          396.4298275813758
        ], 
        [
          233.6167156656248, 
          256.53433165120583
        ], 
        [
          93.97706599391154, 
          252.88684125275708
        ], 
        [
          -46.83672748629814, 
          329.47710815791424
        ], 
        [
          167.03789923325377, 
          329.68959559243643
        ], 
        [
          216.8906816420085, 
          186.675644851851
        ], 
        [
          57.06722666222858, 
          178.71514394749732
        ]
      ], 
      "projected_cuboid_centroid": [
        124.45523913945095, 
        284.92600014314036
      ], 
      "quaternion_xyzw": [
        -0.09634969352245992, 
        0.3691333521509062, 
        0.9239862694874473, 
        0.026584809319502647
      ], 
      "visibility": 0.28921483493183936
    }, 
    {
      "bounding_box": {
        "bottom_right": [
          221, 
          246
        ], 
        "top_left": [
          67, 
          12
        ]
      }, 
      "class": "035_power_drill", 
      "cuboid": [
        [
          -21.63388315871528, 
          -7.762657124768683, 
          44.1814734433519
        ], 
        [
          -40.01448308733884, 
          -7.067178782744055, 
          42.9327120047466
        ], 
        [
          -41.3673951884621, 
          -21.364985345738603, 
          54.88341478168252
        ], 
        [
          -22.98679525983854, 
          -22.060463687763228, 
          56.13217622028781
        ], 
        [
          -21.792334016371807, 
          -4.087410013447952, 
          48.560597871851535
        ], 
        [
          -40.17293394499536, 
          -3.391931671423323, 
          47.311836433246235
        ], 
        [
          -41.52584604611862, 
          -17.689738234417867, 
          59.26253921018214
        ], 
        [
          -23.14524611749507, 
          -18.3852165764425, 
          60.51130064878745
        ]
      ], 
      "cuboid_centroid": [
        -31.57986460241695, 
        -12.726197679593277, 
        51.72200632676702
      ], 
      "location": [
        -31.57986460241695, 
        -12.726197679593277, 
        51.72200632676702
      ], 
      "pose_transform_permuted": [
        [
          0.027705073076018244, 
          -0.6426155799818188, 
          -0.7656882650869085, 
          0.0
        ], 
        [
          0.9969895977206902, 
          -0.037723723661424166, 
          0.06773457717152113, 
          0.0
        ], 
        [
          0.07241174823660013, 
          0.7652597447502927, 
          -0.6396359970580809, 
          0.0
        ], 
        [
          -31.57986460241695, 
          -12.726197679593277, 
          51.72200632676702, 
          1.0
        ]
      ], 
      "projected_cuboid": [
        [
          218.27574860056149, 
          179.58262230306158
        ], 
        [
          -19.613970036860813, 
          185.4964900992443
        ], 
        [
          76.2670302798403, 
          65.67618566695371
        ], 
        [
          261.3762936327881, 
          63.68701608960898
        ], 
        [
          240.2669864382971, 
          228.39632039444763
        ], 
        [
          24.97648542967234, 
          235.0512099636602
        ], 
        [
          104.78051497558866, 
          114.09180978852886
        ], 
        [
          275.9052328273527, 
          111.24744882072294
        ]
      ], 
      "projected_cuboid_centroid": [
        153.25491694164043, 
        142.06327492866728
      ], 
      "quaternion_xyzw": [
        0.9391402461238006, 
        -0.02931816423388213, 
        0.025406122951672067, 
        0.3413365528557247
      ], 
      "visibility": 0.8475761882907714
    }, 
    {
      "bounding_box": {
        "bottom_right": [
          121, 
          119
        ], 
        "top_left": [
          54, 
          3
        ]
      }, 
      "class": "061_foam_brick", 
      "cuboid": [
        [
          -48.1939049245897, 
          -23.631643553497216, 
          56.85354019094782
        ], 
        [
          -40.4637938296078, 
          -23.6350720161795, 
          57.796390054099234
        ], 
        [
          -40.02220800605431, 
          -20.029577530229535, 
          54.18908596076971
        ], 
        [
          -47.752319101036214, 
          -20.026149067547255, 
          53.24623609761828
        ], 
        [
          -48.64046182885397, 
          -19.900367930405547, 
          60.52827903838674
        ], 
        [
          -40.910350733872065, 
          -19.903796393087823, 
          61.47112890153817
        ], 
        [
          -40.468764910318576, 
          -16.298301907137862, 
          57.86382480820864
        ], 
        [
          -48.19887600530048, 
          -16.294873444455583, 
          56.920974945057225
        ]
      ], 
      "cuboid_centroid": [
        -44.33133491745414, 
        -19.96497273031754, 
        57.35868249957823
      ], 
      "location": [
        -44.33133491745414, 
        -19.96497273031754, 
        57.35868249957823
      ], 
      "pose_transform_permuted": [
        [
          0.08496135858050657, 
          -0.7099078373863688, 
          -0.699151221099959, 
          0.0
        ], 
        [
          -0.9926434142912823, 
          0.00044025769628541767, 
          -0.12107377188023277, 
          0.0
        ], 
        [
          -0.08625902626566317, 
          -0.7042944473659933, 
          0.7046479346433435, 
          0.0
        ], 
        [
          -44.33133491745414, 
          -19.96497273031754, 
          57.35868249957823, 
          1.0
        ]
      ], 
      "projected_cuboid": [
        [
          25.742466896166476, 
          51.607848364726266
        ], 
        [
          105.10344508003044, 
          55.192523042264774
        ], 
        [
          84.42293341414027, 
          76.15891070886012
        ], 
        [
          -0.6807567707520972, 
          72.70264217992057
        ], 
        [
          49.45046592241798, 
          97.94277968846562
        ], 
        [
          123.70361611042053, 
          100.60247335513361
        ], 
        [
          105.4960130912089, 
          123.068269342561
        ], 
        [
          26.2355570918445, 
          120.6121482400093
        ]
      ], 
      "projected_cuboid_centroid": [
        65.97042388329949, 
        87.65272509470233
      ], 
      "quaternion_xyzw": [
        0.023523177095597442, 
        0.9214240449919401, 
        -0.3837960870779332, 
        0.05590127899867797
      ], 
      "visibility": 0.9674134554711288
    }
  ]
}