{
  "camera_data": {
    "location_worldframe": [
      -12.808058737400268, 
      -17.432382532949735, 
      61.87322052251341
    ], 
    "quaternion_xyzw_worldframe": [
      0.853018559345028, 
      0.030358456729941287, 
      0.1688091259675055, 
      -0.4928916349284319
    ]
  }, 
  "objects": [
    {
      "bounding_box": {
        "bottom_right": [
          364, 
          346
        ], 
        "top_left": [
          117, 
          129
        ]
      }, 
      "class": "003_cracker_box", 
      "cuboid": [
        [
          -11.093026576403156, 
          2.4437515204153106, 
          45.14741501243168
        ], 
        [
          -26.47936445071211, 
          5.080315323256329, 
          40.10883844575033
        ], 
        [
          -32.42286467598326, 
          -13.639711515737687, 
          48.4628163823947
        ], 
        [
          -17.03652680167431, 
          -16.276275318578705, 
          53.501392949076056
        ], 
        [
          -12.575656488647347, 
          5.693881283215049, 
          51.3756461098802
        ], 
        [
          -27.9619943629563, 
          8.330445086056068, 
          46.337069543198844
        ], 
        [
          -33.905494588227455, 
          -10.389581752937948, 
          54.69104747984321
        ], 
        [
          -18.5191567139185, 
          -13.026145555778967, 
          59.72962404652456
        ]
      ], 
      "cuboid_centroid": [
        -22.499260582315305, 
        -3.972915116261319, 
        49.91923124613745
      ], 
      "location": [
        -22.499260582315305, 
        -3.972915116261319, 
        49.91923124613745
      ], 
      "pose_transform_permuted": [
        [
          0.20649442168402599, 
          -0.4526643231900723, 
          -0.8674416777652855, 
          0.0
        ], 
        [
          0.937985394945042, 
          -0.16073079637975307, 
          0.30716283949222106, 
          0.0
        ], 
        [
          0.2784662505280905, 
          0.8770750376142307, 
          -0.39140251111972, 
          0.0
        ], 
        [
          -22.499260582315305, 
          -3.972915116261319, 
          49.91923124613745, 
          1.0
        ]
      ], 
      "projected_cuboid": [
        [
          349.4647966373925, 
          302.1542049759436
        ], 
        [
          126.57184352476287, 
          340.83852291966076
        ], 
        [
          121.81917587265167, 
          123.18537170273618
        ], 
        [
          310.3560864346732, 
          111.0392414158026
        ], 
        [
          349.9639691391031, 
          332.3935005701986
        ], 
        [
          157.08465207550125, 
          369.16634964677246
        ], 
        [
          148.2124323699348, 
          171.972563114862
        ], 
        [
          314.8634544142814, 
          156.977442971504
        ]
      ], 
      "projected_cuboid_centroid": [
        239.21968333314985, 
        230.8413043332754
      ], 
      "quaternion_xyzw": [
        0.9594923280470457, 
        -0.11443474691501362, 
        0.13383568741548646, 
        0.21992537345968394
      ], 
      "visibility": 0.49781960574912115
    }, 
    {
      "bounding_box": {
        "bottom_right": [
          347, 
          378
        ], 
        "top_left": [
          190, 
          282
        ]
      }, 
      "class": "006_mustard_bottle", 
      "cuboid": [
        [
          -9.03511256356776, 
          6.227246936606106, 
          57.536323423771506
        ], 
        [
          -17.316895996082135, 
          6.195972237339744, 
          52.67657519157657
        ], 
        [
          -22.23550570576802, 
          -10.22735054767687, 
          61.16435952008828
        ], 
        [
          -13.953722273253643, 
          -10.196075848410509, 
          66.02410775228323
        ], 
        [
          -11.574379091725472, 
          9.214207105714864, 
          61.84441474503105
        ], 
        [
          -19.85616252423985, 
          9.182932406448503, 
          56.984666512836114
        ], 
        [
          -24.774772233925734, 
          -7.240390378568111, 
          65.47245084134784
        ], 
        [
          -16.49298880141136, 
          -7.209115679301749, 
          70.33219907354277
        ]
      ], 
      "cuboid_centroid": [
        -16.904942398746748, 
        -0.5065717209810028, 
        61.50438713255967
      ], 
      "location": [
        -16.904942398746748, 
        -0.5065717209810028, 
        61.50438713255967
      ], 
      "pose_transform_permuted": [
        [
          0.4359330568142595, 
          -0.5127916517084671, 
          -0.7395991708181205, 
          0.0
        ], 
        [
          0.8624701723049687, 
          0.0032569669908471977, 
          0.506097259042599, 
          0.0
        ], 
        [
          0.25711364004081017, 
          0.858506885493557, 
          -0.44368739407956814, 
          0.0
        ], 
        [
          -16.904942398746748, 
          -0.5065717209810028, 
          61.50438713255967, 
          1.0
        ]
      ], 
      "projected_cuboid": [
        [
          397.15026846661095, 
          331.00855674988543
        ], 
        [
          304.8125394837408, 
          336.01714108044666
        ], 
        [
          286.0999694737146, 
          184.10966481822004
        ], 
        [
          367.94449569246024, 
          190.9262137517205
        ], 
        [
          380.95282128003214, 
          352.745889535365
        ], 
        [
          294.21456094462684, 
          359.22961676022817
        ], 
        [
          278.1071907465059, 
          214.30841926015327
        ], 
        [
          355.4907331635418, 
          218.62078574045242
        ]
      ], 
      "projected_cuboid_centroid": [
        333.7885928414729, 
        268.8939306947779
      ], 
      "quaternion_xyzw": [
        0.9301312042686029, 
        -0.06823141506406614, 
        0.2531982347043211, 
        0.25708175400376726
      ], 
      "visibility": 0.1397203715867505
    }, 
    {
      "bounding_box": {
        "bottom_right": [
          205, 
          307
        ], 
        "top_left": [
          98, 
          160
        ]
      }, 
      "class": "008_pudding_box", 
      "cuboid": [
        [
          -14.964398361621331, 
          -8.84548603413736, 
          46.96395807441569
        ], 
        [
          -25.47321982832951, 
          -7.240289207575784, 
          42.94395992621609
        ], 
        [
          -28.02380456549642, 
          -15.094974962752715, 
          46.47515517538629
        ], 
        [
          -17.514983098788246, 
          -16.700171789314293, 
          50.495153323585896
        ], 
        [
          -15.940770057591177, 
          -7.06055799918982, 
          50.2290609166796
        ], 
        [
          -26.449591524299347, 
          -5.455361172628244, 
          46.20906276847999
        ], 
        [
          -29.000176261466258, 
          -13.310046927805178, 
          49.74025801765019
        ], 
        [
          -18.491354794758088, 
          -14.915243754366752, 
          53.760256165849796
        ]
      ], 
      "cuboid_centroid": [
        -21.982287311543796, 
        -11.077766480971269, 
        48.352108046032946
      ], 
      "location": [
        -21.982287311543796, 
        -11.077766480971269, 
        48.352108046032946
      ], 
      "pose_transform_permuted": [
        [
          0.2537942062936472, 
          -0.46396715082037876, 
          -0.8487179500798346, 
          0.0
        ], 
        [
          0.9246327604895016, 
          -0.14123539709705824, 
          0.35370493225220095, 
          0.0
        ], 
        [
          0.2839757232149233, 
          0.8745210599942352, 
          -0.3931544441883747, 
          0.0
        ], 
        [
          -21.982287311543796, 
          -11.077766480971269, 
          48.352108046032946, 
          1.0
        ]
      ], 
      "projected_cuboid": [
        [
          310.24620096296917, 
          172.83778710747023
        ], 
        [
          162.60969426081797, 
          183.36963164915295
        ], 
        [
          157.33362810049877, 
          100.06612107838971
        ], 
        [
          295.0657475108332, 
          96.90270564631403
        ], 
        [
          310.93147438520975, 
          198.3193022744029
        ], 
        [
          173.78648485518826, 
          210.32376028539574
        ], 
        [
          168.0632852838624, 
          130.57500083969887
        ], 
        [
          296.6279867591848, 
          125.32236985256563
        ]
      ], 
      "projected_cuboid_centroid": [
        237.1137647841001, 
        151.09972874295784
      ], 
      "quaternion_xyzw": [
        0.9549701265698801, 
        -0.11131529366245223, 
        0.1590361629237295, 
        0.2243843998784064
      ], 
      "visibility": 0.9257894356528651
    }, 
    {
      "bounding_box": {
        "bottom_right": [
          413, 
          310
        ], 
        "top_left": [
          174, 
          95
        ]
      }, 
      "class": "019_pitcher_base", 
      "cuboid": [
        [
          -36.51518213338607, 
          16.485719264166633, 
          53.0979641777639
        ], 
        [
          -19.51683060673682, 
          14.903385011549597, 
          61.11792911493325
        ], 
        [
          -26.245792547588305, 
          -6.066227869373239, 
          71.24270202735617
        ], 
        [
          -43.24414407423755, 
          -4.4838936167562045, 
          63.22273709018683
        ], 
        [
          -32.085313989235225, 
          9.90385296067561, 
          42.410240590359486
        ], 
        [
          -15.086962462585973, 
          8.321518708058576, 
          50.43020552752883
        ], 
        [
          -21.815924403437457, 
          -12.64809417286426, 
          60.55497843995175
        ], 
        [
          -38.81427593008671, 
          -11.065759920247226, 
          52.53501350278241
        ]
      ], 
      "cuboid_centroid": [
        -29.165553268411763, 
        1.9188125456511855, 
        56.826471308857826
      ], 
      "location": [
        -29.165553268411763, 
        1.9188125456511855, 
        56.826471308857826
      ], 
      "pose_transform_permuted": [
        [
          -0.3328075406601678, 
          0.4944830559598446, 
          0.8029482789631783, 
          0.0
        ], 
        [
          -0.9012051984149972, 
          0.08389094976962619, 
          -0.4251961774735544, 
          0.0
        ], 
        [
          0.27761231832751354, 
          0.8651294059135125, 
          -0.41771103856201464, 
          0.0
        ], 
        [
          -29.165553268411763, 
          1.9188125456511855, 
          56.826471308857826, 
          1.0
        ]
      ], 
      "projected_cuboid": [
        [
          111.77966912678514, 
          438.87022960484785
        ], 
        [
          309.87251307892365, 
          403.3345811219657
        ], 
        [
          283.4849474408636, 
          227.87503579735144
        ], 
        [
          113.76825093134188, 
          235.4623566072418
        ], 
        [
          74.75364816522954, 
          397.83001284152584
        ], 
        [
          320.7167897975957, 
          361.2899248863341
        ], 
        [
          287.8587595180752, 
          161.8922895486597
        ], 
        [
          84.28260048331869, 
          160.95028688623668
        ]
      ], 
      "projected_cuboid_centroid": [
        205.5956784336033, 
        291.2947000837114
      ], 
      "quaternion_xyzw": [
        -0.20060920442902874, 
        0.24141640365226502, 
        0.9446272920167625, 
        0.09567351884501893
      ], 
      "visibility": 0.2052077062010837
    }, 
    {
      "bounding_box": {
        "bottom_right": [
          275, 
          447
        ], 
        "top_left": [
          52, 
          185
        ]
      }, 
      "class": "035_power_drill", 
      "cuboid": [
        [
          -1.552625093117574, 
          -2.5894573275131685, 
          38.7535153941286
        ], 
        [
          -19.067349986954234, 
          -0.5644193701318051, 
          33.366198607891455
        ], 
        [
          -23.210573218696627, 
          -17.31026544572767, 
          40.54166242518161
        ], 
        [
          -5.695848324859967, 
          -19.33530340310903, 
          45.92897921141875
        ], 
        [
          -2.809272460714665, 
          -0.13215164796106654, 
          43.762683484200835
        ], 
        [
          -20.323997354551324, 
          1.8928863094202968, 
          38.3753666979637
        ], 
        [
          -24.467220586293717, 
          -14.852959766175566, 
          45.55083051525386
        ], 
        [
          -6.952495692457059, 
          -16.877997723556927, 
          50.938147301491
        ]
      ], 
      "cuboid_centroid": [
        -13.009922839705645, 
        -8.721208546844366, 
        42.152172954691224
      ], 
      "location": [
        -13.009922839705645, 
        -8.721208546844366, 
        42.152172954691224
      ], 
      "pose_transform_permuted": [
        [
          0.21972432125001606, 
          -0.429658977104951, 
          -0.8758511631810874, 
          0.0
        ], 
        [
          0.9500233177319594, 
          -0.10984090760578148, 
          0.2922156412936357, 
          0.0
        ], 
        [
          0.22175722820120494, 
          0.8962858629382806, 
          -0.38405146867047596, 
          0.0
        ], 
        [
          -13.009922839705645, 
          -8.721208546844366, 
          42.152172954691224, 
          1.0
        ]
      ], 
      "projected_cuboid": [
        [
          460.052032490787, 
          237.65084690918687
        ], 
        [
          174.28802083452592, 
          264.2649557883346
        ], 
        [
          173.72091494999145, 
          45.57255192734713
        ], 
        [
          414.9066629037831, 
          48.76824629534418
        ], 
        [
          447.07620508994364, 
          271.67605488956957
        ], 
        [
          196.79159579154827, 
          299.59282309073086
        ], 
        [
          192.7419439826279, 
          99.38467446432846
        ], 
        [
          408.19820763318893, 
          96.57483589667103
        ]
      ], 
      "projected_cuboid_centroid": [
        315.6206107733267, 
        162.94367826810176
      ], 
      "quaternion_xyzw": [
        0.9646450569835684, 
        -0.08593786217178401, 
        0.13267573363836047, 
        0.2108833813755
      ], 
      "visibility": 0.9263903672166046
    }, 
    {
      "bounding_box": {
        "bottom_right": [
          113, 
          203
        ], 
        "top_left": [
          17, 
          73
        ]
      }, 
      "class": "061_foam_brick", 
      "cuboid": [
        [
          -30.295056169469568, 
          -19.61038059296929, 
          40.16794757722061
        ], 
        [
          -23.0338575513804, 
          -20.287890008629493, 
          42.899169058520684
        ], 
        [
          -21.745830237343927, 
          -15.921287323383979, 
          40.558015928750315
        ], 
        [
          -29.0070288554331, 
          -15.243777907723777, 
          37.826794447450226
        ], 
        [
          -31.65829861510398, 
          -16.905325991707983, 
          44.46326899473022
        ], 
        [
          -24.39709999701481, 
          -17.582835407368187, 
          47.1944904760303
        ], 
        [
          -23.109072682978336, 
          -13.216232722122673, 
          44.85333734625993
        ], 
        [
          -30.370271301067508, 
          -12.53872330646247, 
          42.122115864959845
        ]
      ], 
      "cuboid_centroid": [
        -26.702064426223952, 
        -16.41330665754598, 
        42.51064246174027
      ], 
      "location": [
        -26.702064426223952, 
        -16.41330665754598, 
        42.51064246174027
      ], 
      "pose_transform_permuted": [
        [
          0.2593688041763438, 
          -0.5146603081554987, 
          -0.8172224853914755, 
          0.0
        ], 
        [
          -0.93242915910823, 
          0.08700072370395973, 
          -0.3507231633635081, 
          0.0
        ], 
        [
          -0.25160223899014167, 
          -0.8529687223364488, 
          0.45731900469024184, 
          0.0
        ], 
        [
          -26.702064426223952, 
          -16.41330665754598, 
          42.51064246174027, 
          1.0
        ]
      ], 
      "projected_cuboid": [
        [
          76.01022414098574, 
          12.914758129755635
        ], 
        [
          192.85535090684587, 
          21.06885450918978
        ], 
        [
          193.26627254219318, 
          63.928803772448056
        ], 
        [
          69.21910763886459, 
          58.364671128698156
        ], 
        [
          98.70363265095037, 
          70.51374112885583
        ], 
        [
          203.60100673110787, 
          74.59236084677397
        ], 
        [
          204.533454447839, 
          116.14158192070094
        ], 
        [
          93.86632997865843, 
          114.53034660825386
        ]
      ], 
      "projected_cuboid_centroid": [
        143.8131961964257, 
        67.37250426762306
      ], 
      "quaternion_xyzw": [
        0.08919725885193504, 
        0.9490284988919134, 
        -0.25604587058782335, 
        0.16071487006243645
      ], 
      "visibility": 0.8559182929053438
    }
  ]
}