{
  "camera_data": {
    "location_worldframe": [
      -18.466013824618777, 
      -19.56839398326361, 
      60.97690994972077
    ], 
    "quaternion_xyzw_worldframe": [
      0.8792688153353073, 
      0.005199410930878192, 
      0.1340172139892485, 
      -0.45705502856396935
    ]
  }, 
  "objects": [
    {
      "bounding_box": {
        "bottom_right": [
          331, 
          270
        ], 
        "top_left": [
          89, 
          27
        ]
      }, 
      "class": "003_cracker_box", 
      "cuboid": [
        [
          -17.920099596791992, 
          -1.1355037069284208, 
          42.600768593967636
        ], 
        [
          -33.65141935892091, 
          1.490560499677096, 
          38.765735215808625
        ], 
        [
          -39.152413622526964, 
          -16.34592245911422, 
          49.117183661263766
        ], 
        [
          -23.42109386039805, 
          -18.97198666571974, 
          52.95221703942278
        ], 
        [
          -18.765422967372906, 
          2.6366382880758445, 
          48.65128681174185
        ], 
        [
          -34.496742729501825, 
          5.2627024946813625, 
          44.816253433582844
        ], 
        [
          -39.99773699310788, 
          -12.573780464109957, 
          55.16770187903799
        ], 
        [
          -24.266417230978966, 
          -15.199844670715473, 
          59.00273525719699
        ]
      ], 
      "cuboid_centroid": [
        -28.958918294949935, 
        -6.854642085519188, 
        48.88423523650281
      ], 
      "location": [
        -28.958918294949935, 
        -6.854642085519188, 
        48.88423523650281
      ], 
      "pose_transform_permuted": [
        [
          0.11773306278428099, 
          -0.5253679784386707, 
          -0.8426905797258547, 
          0.0
        ], 
        [
          0.9590162584902913, 
          -0.16009071762922955, 
          0.2337921685605423, 
          0.0
        ], 
        [
          0.25773385861914855, 
          0.8356790348933153, 
          -0.4849884625030393, 
          0.0
        ], 
        [
          -28.958918294949935, 
          -6.854642085519188, 
          48.88423523650281, 
          1.0
        ]
      ], 
      "projected_cuboid": [
        [
          255.38554576132424, 
          259.0711521173852
        ], 
        [
          14.779597956405281, 
          293.79292332286394
        ], 
        [
          52.93325557721799, 
          95.80078039884442
        ], 
        [
          243.7407102825192, 
          82.20611517388309
        ], 
        [
          274.1746161199739, 
          302.18959327390735
        ], 
        [
          67.66003618748866, 
          335.913421885881
        ], 
        [
          91.70691567318956, 
          151.73274604157888
        ], 
        [
          260.4275593897741, 
          135.89672395474858
        ]
      ], 
      "projected_cuboid_centroid": [
        163.02679426418672, 
        198.50343373218053
      ], 
      "quaternion_xyzw": [
        0.9535965961964027, 
        -0.10953913266756325, 
        0.0921577406911232, 
        0.26488046543258026
      ], 
      "visibility": 0.523446634374478
    }, 
    {
      "bounding_box": {
        "bottom_right": [
          326, 
          326
        ], 
        "top_left": [
          173, 
          233
        ]
      }, 
      "class": "006_mustard_bottle", 
      "cuboid": [
        [
          -14.666378832302454, 
          3.5659488943956994, 
          54.40520394119473
        ], 
        [
          -23.357522361033215, 
          3.363392598706907, 
          50.3273291368041
        ], 
        [
          -27.78300923248329, 
          -12.200408328097451, 
          60.53242111315677
        ], 
        [
          -19.09186570375253, 
          -11.997852032408659, 
          64.6102959175474
        ], 
        [
          -16.744449757117096, 
          6.950652849151423, 
          58.666055587905404
        ], 
        [
          -25.43559328584785, 
          6.748096553462631, 
          54.58818078351479
        ], 
        [
          -29.861080157297927, 
          -8.815704373341726, 
          64.79327275986746
        ], 
        [
          -21.169936628567168, 
          -8.613148077652935, 
          68.87114756425808
        ]
      ], 
      "cuboid_centroid": [
        -22.26372949480019, 
        -2.624877739473014, 
        59.599238350531095
      ], 
      "location": [
        -22.26372949480019, 
        -2.624877739473014, 
        59.599238350531095
      ], 
      "pose_transform_permuted": [
        [
          0.3567564887284711, 
          -0.5810750171540606, 
          -0.7314892164274968, 
          0.0
        ], 
        [
          0.9051011920117146, 
          0.021094340931241767, 
          0.42467246503608314, 
          0.0
        ], 
        [
          0.2313363136397362, 
          0.8135765481211071, 
          -0.533457318197924, 
          0.0
        ], 
        [
          -22.26372949480019, 
          -2.624877739473014, 
          59.599238350531095, 
          1.0
        ]
      ], 
      "projected_cuboid": [
        [
          336.62838529233227, 
          308.2425760108914
        ], 
        [
          232.01428203666833, 
          308.92846791392424
        ], 
        [
          234.77557414732527, 
          165.79510505336333
        ], 
        [
          322.6917698334263, 
          174.25140195545322
        ], 
        [
          328.10860822988184, 
          336.47332023786817
        ], 
        [
          231.02365476460966, 
          339.21458301674755
        ], 
        [
          233.75938845630486, 
          200.72363783012847
        ], 
        [
          316.296640967544, 
          206.58864336193102
        ]
      ], 
      "projected_cuboid_centroid": [
        280.71140417816616, 
        249.79800455995928
      ], 
      "quaternion_xyzw": [
        0.9287312523761003, 
        -0.056593867216862694, 
        0.21034851356765416, 
        0.30001476005586225
      ], 
      "visibility": 0.5063336952587767
    }, 
    {
      "bounding_box": {
        "bottom_right": [
          168, 
          229
        ], 
        "top_left": [
          66, 
          74
        ]
      }, 
      "class": "008_pudding_box", 
      "cuboid": [
        [
          -21.81836995897508, 
          -12.140418295240432, 
          45.67142103750086
        ], 
        [
          -32.61945376534845, 
          -10.587732319906769, 
          42.49366625583831
        ], 
        [
          -34.981707093991915, 
          -18.06816204110427, 
          46.867890884198
        ], 
        [
          -24.180623287618538, 
          -19.620848016437932, 
          50.04564566586055
        ], 
        [
          -22.458258796717285, 
          -10.076947369751595, 
          48.85462639754092
        ], 
        [
          -33.25934260309066, 
          -8.524261394417932, 
          45.67687161587837
        ], 
        [
          -35.62159593173412, 
          -16.004691115615433, 
          50.05109624423806
        ], 
        [
          -24.820512125360743, 
          -17.557377090949096, 
          53.2288510259006
        ]
      ], 
      "cuboid_centroid": [
        -28.719982945354598, 
        -14.072554705427931, 
        47.86125864086946
      ], 
      "location": [
        -28.719982945354598, 
        -14.072554705427931, 
        47.86125864086946
      ], 
      "pose_transform_permuted": [
        [
          0.16633017974740977, 
          -0.5363704907732505, 
          -0.8274298416839801, 
          0.0
        ], 
        [
          0.9503478546861116, 
          -0.13661515937769675, 
          0.2795990192844856, 
          0.0
        ], 
        [
          0.26300737538463825, 
          0.8328523295387594, 
          -0.48701522605468417, 
          0.0
        ], 
        [
          -28.719982945354598, 
          -14.072554705427931, 
          47.86125864086946, 
          1.0
        ]
      ], 
      "projected_cuboid": [
        [
          224.69386737974952, 
          131.51904580236413
        ], 
        [
          68.79276054885237, 
          140.404499665795
        ], 
        [
          80.2155901643354, 
          67.68512373731048
        ], 
        [
          221.76489069994633, 
          64.19377184035665
        ], 
        [
          234.38929422719923, 
          163.2819433880357
        ], 
        [
          90.02739551802927, 
          173.75792814265412
        ], 
        [
          98.86793852215544, 
          102.74851114359993
        ], 
        [
          230.8387290668201, 
          97.37267075992966
        ]
      ], 
      "projected_cuboid_centroid": [
        158.9023916213752, 
        116.47559688254863
      ], 
      "quaternion_xyzw": [
        0.9500828945293209, 
        -0.10515464941622577, 
        0.1173395504749121, 
        0.26928853332711783
      ], 
      "visibility": 0.700466281578398
    }, 
    {
      "bounding_box": {
        "bottom_right": [
          396, 
          247
        ], 
        "top_left": [
          155, 
          17
        ]
      }, 
      "class": "019_pitcher_base", 
      "cuboid": [
        [
          -42.24164485499787, 
          14.148526013423718, 
          51.630464763805726
        ], 
        [
          -24.61272404514316, 
          12.768144846102903, 
          58.19424970976084
        ], 
        [
          -30.775414537342616, 
          -7.148955735410942, 
          70.5572982831727
        ], 
        [
          -48.40433534719734, 
          -5.768574568090127, 
          63.99351333721758
        ], 
        [
          -38.93235222900645, 
          6.625475780629531, 
          41.16029624544997
        ], 
        [
          -21.30343141915173, 
          5.245094613308716, 
          47.72408119140509
        ], 
        [
          -27.466121911351195, 
          -14.672005968205127, 
          60.087129764816936
        ], 
        [
          -45.0950427212059, 
          -13.29162480088431, 
          53.52334481886183
        ]
      ], 
      "cuboid_centroid": [
        -34.853883383174534, 
        -0.2617399773907056, 
        55.858797264311335
      ], 
      "location": [
        -34.853883383174534, 
        -0.2617399773907056, 
        55.858797264311335
      ], 
      "pose_transform_permuted": [
        [
          -0.24862084024673667, 
          0.5651924086149229, 
          0.7866037817609666, 
          0.0
        ], 
        [
          -0.9346362234820261, 
          0.0731839603289403, 
          -0.3479935748651322, 
          0.0
        ], 
        [
          0.2542500328747479, 
          0.8217066042874152, 
          -0.5100540924780774, 
          0.0
        ], 
        [
          -34.853883383174534, 
          -0.2617399773907056, 
          55.858797264311335, 
          1.0
        ]
      ], 
      "projected_cuboid": [
        [
          41.62356196083803, 
          419.4344766158161
        ], 
        [
          254.15471116581264, 
          390.29984636077256
        ], 
        [
          247.03720109721075, 
          219.24991546767868
        ], 
        [
          74.8353756151486, 
          225.21144999659955
        ], 
        [
          -27.058603196747168, 
          359.1337330687755
        ], 
        [
          241.5459547043556, 
          331.90079734546487
        ], 
        [
          235.7824973098023, 
          143.0611779438614
        ], 
        [
          28.51456014117691, 
          140.8455662434957
        ]
      ], 
      "projected_cuboid_centroid": [
        146.0516351979762, 
        270.7875393907438
      ], 
      "quaternion_xyzw": [
        -0.15848254722198926, 
        0.28562468500329086, 
        0.941135830994975, 
        0.08697841013489065
      ], 
      "visibility": 0.23321329849545394
    }, 
    {
      "bounding_box": {
        "bottom_right": [
          218, 
          345
        ], 
        "top_left": [
          4, 
          54
        ]
      }, 
      "class": "035_power_drill", 
      "cuboid": [
        [
          -9.100708511470659, 
          -6.906575472471771, 
          35.80775339471526
        ], 
        [
          -26.99443521495388, 
          -4.862463263762636, 
          31.86748704202451
        ], 
        [
          -30.774123783984596, 
          -20.87203401335092, 
          40.726637072580786
        ], 
        [
          -12.880397080501377, 
          -22.916146222060057, 
          44.66690342527153
        ], 
        [
          -9.847426445177252, 
          -4.027218259468829, 
          40.69252494835568
        ], 
        [
          -27.741153148660473, 
          -1.9831060507596934, 
          36.752258595664934
        ], 
        [
          -31.520841717691194, 
          -17.99267680034798, 
          45.6114086262212
        ], 
        [
          -13.62711501420797, 
          -20.036789009057117, 
          49.551674978911954
        ]
      ], 
      "cuboid_centroid": [
        -20.310775114580927, 
        -12.449626136409876, 
        40.709581010468234
      ], 
      "location": [
        -20.310775114580927, 
        -12.449626136409876, 
        40.709581010468234
      ], 
      "pose_transform_permuted": [
        [
          0.1305633508488762, 
          -0.503454529549658, 
          -0.854100475408112, 
          0.0
        ], 
        [
          0.9705809090620722, 
          -0.11087552183121188, 
          0.21372559008609587, 
          0.0
        ], 
        [
          0.20229980709476383, 
          0.8568782890867227, 
          -0.47416719908876176, 
          0.0
        ], 
        [
          -20.310775114580927, 
          -12.449626136409876, 
          40.709581010468234, 
          1.0
        ]
      ], 
      "projected_cuboid": [
        [
          344.92182114140564, 
          170.42021426891998
        ], 
        [
          26.065827450506976, 
          191.91059272427992
        ], 
        [
          75.24835874541444, 
          -0.03493612153047818
        ], 
        [
          326.5244414066308, 
          -0.3305837311783661
        ], 
        [
          351.4603519273406, 
          220.5054838147307
        ], 
        [
          75.68476474859195, 
          244.50927822140284
        ], 
        [
          109.96253734032092, 
          62.90393458649802
        ], 
        [
          333.7075754676626, 
          57.632637947859415
        ]
      ], 
      "projected_cuboid_centroid": [
        213.29649317229953, 
        110.18907402081713
      ], 
      "quaternion_xyzw": [
        0.959369542141727, 
        -0.08160967050997711, 
        0.08971749826619746, 
        0.2547562971553032
      ], 
      "visibility": 0.8446309667841394
    }, 
    {
      "bounding_box": {
        "bottom_right": [
          74, 
          121
        ], 
        "top_left": [
          0, 
          0
        ]
      }, 
      "class": "061_foam_brick", 
      "cuboid": [
        [
          -37.90464288433946, 
          -23.010063853881228, 
          41.17907049265192
        ], 
        [
          -30.437726167225527, 
          -23.656500960636578, 
          43.29351343732025
        ], 
        [
          -29.288441161542426, 
          -19.524629590987647, 
          40.49815759057758
        ], 
        [
          -36.755357878656355, 
          -18.878192484232294, 
          38.38371464590925
        ], 
        [
          -38.81825008752255, 
          -19.937788181197195, 
          45.34464134313892
        ], 
        [
          -31.351333370408625, 
          -20.58422528795255, 
          47.459084287807244
        ], 
        [
          -30.20204836472552, 
          -16.452353918303615, 
          44.66372844106457
        ], 
        [
          -37.66896508183945, 
          -15.805916811548265, 
          42.549285496396244
        ]
      ], 
      "cuboid_centroid": [
        -34.05334562453249, 
        -19.73120888609242, 
        42.92139946685825
      ], 
      "location": [
        -34.05334562453249, 
        -19.73120888609242, 
        42.92139946685825
      ], 
      "pose_transform_permuted": [
        [
          0.1738217648191105, 
          -0.5845273303189282, 
          -0.7925363046481824, 
          0.0
        ], 
        [
          -0.958845948425787, 
          0.08301064873320707, 
          -0.2715210477741002, 
          0.0
        ], 
        [
          -0.22450042597425712, 
          -0.807116492401883, 
          0.5460426049588606, 
          0.0
        ], 
        [
          -34.05334562453249, 
          -19.73120888609242, 
          42.92139946685825, 
          1.0
        ]
      ], 
      "projected_cuboid": [
        [
          -13.405678859748402, 
          -24.722074560782204
        ], 
        [
          103.51932446949141, 
          -18.130679747508147
        ], 
        [
          92.68382631848756, 
          16.167006265769665
        ], 
        [
          -33.353323595070044, 
          10.984938472529485
        ], 
        [
          21.23267952192845, 
          38.78886488958317
        ], 
        [
          126.35171932564876, 
          41.97212020005056
        ], 
        [
          117.95580039267648, 
          76.83266276427929
        ], 
        [
          5.513539753731352, 
          75.17263625007323
        ]
      ], 
      "projected_cuboid_centroid": [
        54.94127056203269, 
        28.116524204998015
      ], 
      "quaternion_xyzw": [
        0.08150745950603606, 
        0.943199176403883, 
        -0.2996636244924139, 
        0.11804050081212977
      ], 
      "visibility": 0.6590552822778838
    }
  ]
}