{
  "camera_data": {
    "location_worldframe": [
      -24.85061646209605, 
      -6.121383312319321, 
      90.47993298000617
    ], 
    "quaternion_xyzw_worldframe": [
      0.95101034158863, 
      0.029040143116979937, 
      -0.03863628880321097, 
      -0.30536812611741837
    ]
  }, 
  "objects": [
    {
      "bounding_box": {
        "bottom_right": [
          344, 
          286
        ], 
        "top_left": [
          219, 
          104
        ]
      }, 
      "class": "003_cracker_box", 
      "cuboid": [
        [
          -32.95604521060954, 
          4.558011431474926, 
          68.1638464689402
        ], 
        [
          -49.333759816749755, 
          4.024392784201245, 
          68.91473334874286
        ], 
        [
          -48.13781959477867, 
          -9.452473196410498, 
          85.4222273279178
        ], 
        [
          -31.76010498863846, 
          -8.918854549136817, 
          84.67134044811516
        ], 
        [
          -32.92916185265545, 
          10.120769144171936, 
          72.70338404999819
        ], 
        [
          -49.30687645879566, 
          9.587150496898255, 
          73.45427092980083
        ], 
        [
          -48.11093623682458, 
          -3.8897154837134873, 
          89.96176490897578
        ], 
        [
          -31.733221630684362, 
          -3.356096836439807, 
          89.21087802917313
        ]
      ], 
      "cuboid_centroid": [
        -40.53349072371706, 
        0.33414797388071904, 
        79.062805688958
      ], 
      "location": [
        -40.53349072371706, 
        0.33414797388071904, 
        79.062805688958
      ], 
      "pose_transform_permuted": [
        [
          -0.003744200361675498, 
          -0.7747573601243628, 
          -0.6322475890794524, 
          0.0
        ], 
        [
          0.9984219265578528, 
          0.03253058016155924, 
          -0.04577573508812405, 
          0.0
        ], 
        [
          -0.05603246855312882, 
          0.6314212494741375, 
          -0.7734129351002361, 
          0.0
        ], 
        [
          -40.53349072371706, 
          0.33414797388071904, 
          79.062805688958, 
          1.0
        ]
      ], 
      "projected_cuboid": [
        [
          221.59743289490348, 
          308.94879712098054
        ], 
        [
          96.62973911231971, 
          304.43063994473954
        ], 
        [
          178.55197082995164, 
          214.27158106988097
        ], 
        [
          279.88251521636084, 
          217.1093265975614
        ], 
        [
          238.03043718842014, 
          347.5279842616968
        ], 
        [
          120.61786862864066, 
          342.89467706011794
        ], 
        [
          194.0045524505015, 
          250.22717000963766
        ], 
        [
          290.30890851258334, 
          253.22315327506837
        ]
      ], 
      "projected_cuboid_centroid": [
        205.89912695907296, 
        275.54053917193994
      ], 
      "quaternion_xyzw": [
        0.9030629497869241, 
        0.024517407323482912, 
        -0.013708882493043167, 
        0.4285886979390214
      ], 
      "visibility": 0.5532446938277629
    }, 
    {
      "bounding_box": {
        "bottom_right": [
          375, 
          325
        ], 
        "top_left": [
          278, 
          241
        ]
      }, 
      "class": "006_mustard_bottle", 
      "cuboid": [
        [
          -27.737897680288544, 
          13.444065195244804, 
          76.2784305370002
        ], 
        [
          -36.96443307638625, 
          10.918398234423446, 
          75.44289550016626
        ], 
        [
          -35.25849873961639, 
          -0.38738202346612904, 
          90.78010047315055
        ], 
        [
          -26.031963343518676, 
          2.138284937355227, 
          91.61563550998451
        ], 
        [
          -29.265765268579162, 
          17.886076585206943, 
          79.72278995919669
        ], 
        [
          -38.492300664676875, 
          15.360409624385586, 
          78.88725492236274
        ], 
        [
          -36.78636632790701, 
          4.05462936649601, 
          94.22445989534705
        ], 
        [
          -27.559830931809305, 
          6.580296327317367, 
          95.059994932181
        ]
      ], 
      "cuboid_centroid": [
        -32.26213200409778, 
        8.749347280870406, 
        85.25144521617362
      ], 
      "location": [
        -32.26213200409778, 
        8.749347280870406, 
        85.25144521617362
      ], 
      "pose_transform_permuted": [
        [
          0.26229936116796393, 
          -0.7625901346539081, 
          -0.5913164746728988, 
          0.0
        ], 
        [
          0.9608572401940154, 
          0.2630245570455854, 
          0.08701314795987619, 
          0.0
        ], 
        [
          -0.0891753997341488, 
          0.59099430269558, 
          -0.8017315524934887, 
          0.0
        ], 
        [
          -32.26213200409778, 
          8.749347280870406, 
          85.25144521617362, 
          1.0
        ]
      ], 
      "projected_cuboid": [
        [
          286.0444967997525, 
          367.2840572745955
        ], 
        [
          218.11113160765652, 
          350.47068576200985
        ], 
        [
          272.7324407741051, 
          271.0107262318762
        ], 
        [
          328.79505969054424, 
          285.73407736860844
        ], 
        [
          284.18707474856564, 
          392.93858369975425
        ], 
        [
          219.2001295517871, 
          377.1310343614598
        ], 
        [
          271.64750632539455, 
          296.2361335116711
        ], 
        [
          325.6883146043474, 
          310.20428552530205
        ]
      ], 
      "projected_cuboid_centroid": [
        278.08833460141665, 
        328.021073366979
      ], 
      "quaternion_xyzw": [
        0.8864490985897743, 
        0.09932887216537269, 
        0.09851454237010084, 
        0.4411763996477716
      ], 
      "visibility": 0.847192745514181
    }, 
    {
      "bounding_box": {
        "bottom_right": [
          256, 
          267
        ], 
        "top_left": [
          200, 
          165
        ]
      }, 
      "class": "008_pudding_box", 
      "cuboid": [
        [
          -33.56805028652673, 
          -4.983599113641341, 
          75.53381164999273
        ], 
        [
          -44.90534375557946, 
          -5.775676247244417, 
          75.63754782341276
        ], 
        [
          -44.44710228383737, 
          -11.421695858147107, 
          82.60772630094749
        ], 
        [
          -33.109808814784635, 
          -10.629618724544033, 
          82.50399012752744
        ], 
        [
          -33.75404073306809, 
          -2.0036788974582684, 
          77.95984738925364
        ], 
        [
          -45.09133420212081, 
          -2.795756031061345, 
          78.06358356267368
        ], 
        [
          -44.63309273037872, 
          -8.441775641964036, 
          85.03376204020842
        ], 
        [
          -33.29579926132599, 
          -7.649698508360959, 
          84.93002586678837
        ]
      ], 
      "cuboid_centroid": [
        -39.100571508452724, 
        -6.7126873778026885, 
        80.28378684510056
      ], 
      "location": [
        -39.100571508452724, 
        -6.7126873778026885, 
        80.28378684510056
      ], 
      "pose_transform_permuted": [
        [
          0.04834562283299009, 
          -0.7745887034684522, 
          -0.6306141579351616, 
          0.0
        ], 
        [
          0.9975269814963856, 
          0.06969196963562448, 
          -0.009127366441218842, 
          0.0
        ], 
        [
          -0.05101945896907332, 
          0.6286136974506676, 
          -0.776042232689596, 
          0.0
        ], 
        [
          -39.100571508452724, 
          -6.7126873778026885, 
          80.28378684510056, 
          1.0
        ]
      ], 
      "projected_cuboid": [
        [
          242.60887032606948, 
          238.09897172574054
        ], 
        [
          162.33132377710112, 
          232.56230329440845
        ], 
        [
          192.25304069640146, 
          199.5475023374444
        ], 
        [
          265.78612722701877, 
          204.5749057478984
        ], 
        [
          248.76299912139623, 
          259.57946658267105
        ], 
        [
          170.97211514102707, 
          254.18632027317736
        ], 
        [
          199.3318758510141, 
          220.34092957159302
        ], 
        [
          270.7731278053781, 
          225.25012237662898
        ]
      ], 
      "projected_cuboid_centroid": [
        219.69013545680207, 
        228.69462503149938
      ], 
      "quaternion_xyzw": [
        0.902324059980977, 
        0.03344458880084686, 
        0.010865901213084702, 
        0.4296214090176037
      ], 
      "visibility": 0.3058744091829845
    }, 
    {
      "bounding_box": {
        "bottom_right": [
          409, 
          261
        ], 
        "top_left": [
          257, 
          99
        ]
      }, 
      "class": "019_pitcher_base", 
      "cuboid": [
        [
          -56.62912072243317, 
          19.46481140592249, 
          79.30170983681171
        ], 
        [
          -37.99797168404361, 
          22.31796805482698, 
          80.01399949004102
        ], 
        [
          -36.46924646837279, 
          7.551862638676727, 
          99.17489064257971
        ], 
        [
          -55.10039550676233, 
          4.698705989772236, 
          98.4626009893504
        ], 
        [
          -54.73125870463398, 
          9.103044660848573, 
          71.16512326906542
        ], 
        [
          -36.10010966624443, 
          11.956201309753064, 
          71.87741292229472
        ], 
        [
          -34.5713844505736, 
          -2.8099041063971875, 
          91.03830407483342
        ], 
        [
          -53.202533488963155, 
          -5.66306075530168, 
          90.32601442160411
        ]
      ], 
      "cuboid_centroid": [
        -45.60025258650338, 
        8.327453649762651, 
        85.17000695582256
      ], 
      "location": [
        -45.60025258650338, 
        8.327453649762651, 
        85.17000695582256
      ], 
      "pose_transform_permuted": [
        [
          -0.1425827519245869, 
          0.7784597633849873, 
          0.6112862227187742, 
          0.0
        ], 
        [
          -0.987771569467655, 
          -0.15126640956059206, 
          -0.037763611210245636, 
          0.0
        ], 
        [
          -0.06306960195919972, 
          0.609195414282163, 
          -0.7905081735986617, 
          0.0
        ], 
        [
          -45.60025258650338, 
          8.327453649762651, 
          85.17000695582256, 
          1.0
        ]
      ], 
      "projected_cuboid": [
        [
          97.58134549256108, 
          404.1912199469773
        ], 
        [
          226.21748487169327, 
          422.04312427992073
        ], 
        [
          283.84692911216774, 
          313.89718255617834
        ], 
        [
          180.66037055460276, 
          298.7369312752315
        ], 
        [
          68.01664894007473, 
          341.5057970945915
        ], 
        [
          211.50749256974078, 
          361.9997517655942
        ], 
        [
          277.38361419393493, 
          256.82558891165905
        ], 
        [
          164.85102034322674, 
          239.84964584321662
        ]
      ], 
      "projected_cuboid_centroid": [
        193.6767562858881, 
        325.43158608119745
      ], 
      "quaternion_xyzw": [
        -0.05034346164793997, 
        0.43797543676181877, 
        0.8955798689213307, 
        -0.05983162947207207
      ], 
      "visibility": 0.22245037645448323
    }, 
    {
      "bounding_box": {
        "bottom_right": [
          278, 
          300
        ], 
        "top_left": [
          169, 
          126
        ]
      }, 
      "class": "035_power_drill", 
      "cuboid": [
        [
          -25.252965608759055, 
          -2.3066976259012195, 
          61.038256552362355
        ], 
        [
          -43.57763964579803, 
          -3.6406903463081246, 
          62.56020722471032
        ], 
        [
          -41.52670349322701, 
          -15.77122655533989, 
          76.62152624919325
        ], 
        [
          -23.20202945618804, 
          -14.437233834932986, 
          75.0995755768453
        ], 
        [
          -25.257873649781658, 
          2.0234005492993297, 
          64.7744985771921
        ], 
        [
          -43.58254768682063, 
          0.6894078288924244, 
          66.29644924954006
        ], 
        [
          -41.53161153424962, 
          -11.441128380139343, 
          80.357768274023
        ], 
        [
          -23.206937497210646, 
          -10.107135659732437, 
          78.83581760167505
        ]
      ], 
      "cuboid_centroid": [
        -33.39228857150434, 
        -6.873913003020281, 
        70.69801241319269
      ], 
      "location": [
        -33.39228857150434, 
        -6.873913003020281, 
        70.69801241319269
      ], 
      "pose_transform_permuted": [
        [
          0.0008581691333355761, 
          -0.7571160430719363, 
          -0.653280517748807, 
          0.0
        ], 
        [
          0.9939560986853156, 
          0.07235764179871386, 
          -0.08255274552883185, 
          0.0
        ], 
        [
          -0.10977200381755092, 
          0.6492611997587124, 
          -0.7526022512696904, 
          0.0
        ], 
        [
          -33.39228857150434, 
          -6.873913003020281, 
          70.69801241319269, 
          1.0
        ]
      ], 
      "projected_cuboid": [
        [
          259.1114180531687, 
          253.13184999010707
        ], 
        [
          107.00613305016515, 
          242.2500126231667
        ], 
        [
          190.14415748292868, 
          163.51185214136925
        ], 
        [
          315.4547642191428, 
          170.7605320506538
        ], 
        [
          271.90381150647767, 
          289.9461673300839
        ], 
        [
          128.07699046983095, 
          278.83245635416597
        ], 
        [
          203.6624429225621, 
          197.3538938853949
        ], 
        [
          323.2952168532291, 
          204.9123707426574
        ]
      ], 
      "projected_cuboid_centroid": [
        227.59882142926497, 
        221.43228787749047
      ], 
      "quaternion_xyzw": [
        0.9078130061021426, 
        0.0501561567173043, 
        -0.022497633280852226, 
        0.4157569577086893
      ], 
      "visibility": 0.6659097946124471
    }, 
    {
      "bounding_box": {
        "bottom_right": [
          202, 
          216
        ], 
        "top_left": [
          153, 
          142
        ]
      }, 
      "class": "061_foam_brick", 
      "cuboid": [
        [
          -47.69123365912202, 
          -18.33075065253908, 
          79.94863598459712
        ], 
        [
          -39.96274748751595, 
          -17.41555817601572, 
          79.67201460839493
        ], 
        [
          -40.46246128096675, 
          -14.447236943434842, 
          75.5311709100195
        ], 
        [
          -48.19094745257283, 
          -15.3624294199582, 
          75.80779228622168
        ], 
        [
          -48.082614268461036, 
          -14.093272771304985, 
          83.03345994485584
        ], 
        [
          -40.35412809685496, 
          -13.178080294781624, 
          82.75683856865365
        ], 
        [
          -40.853841890305766, 
          -10.209759062200748, 
          78.61599487027821
        ], 
        [
          -48.58232806191184, 
          -11.124951538724106, 
          78.8926162464804
        ]
      ], 
      "cuboid_centroid": [
        -44.272537774713896, 
        -14.270254857369913, 
        79.28231542743767
      ], 
      "location": [
        -44.272537774713896, 
        -14.270254857369913, 
        79.28231542743767
      ], 
      "pose_transform_permuted": [
        [
          0.07446358565722888, 
          -0.8062172464619239, 
          -0.5869147518323443, 
          0.0
        ], 
        [
          -0.9924347537082816, 
          -0.11752221584752875, 
          0.03552166119805822, 
          0.0
        ], 
        [
          0.09761369802979147, 
          -0.5798295269211811, 
          0.808869140014198, 
          0.0
        ], 
        [
          -44.272537774713896, 
          -14.270254857369913, 
          79.28231542743767, 
          1.0
        ]
      ], 
      "projected_cuboid": [
        [
          160.80823871949528, 
          151.00617413495507
        ], 
        [
          211.85959907244873, 
          156.70785884575216
        ], 
        [
          193.51394411082285, 
          171.27574837211733
        ], 
        [
          139.7409518877679, 
          165.20946295180983
        ], 
        [
          170.19128335839505, 
          182.76618191171002
        ], 
        [
          219.37102909220005, 
          188.3614923735318
        ], 
        [
          202.1408821617329, 
          204.02500340039418
        ], 
        [
          150.44024888843882, 
          198.08109037788694
        ]
      ], 
      "projected_cuboid_centroid": [
        181.3008723371649, 
        177.29279295460066
      ], 
      "quaternion_xyzw": [
        -0.06051956543730676, 
        0.8887039766510848, 
        -0.4543375603432861, 
        0.010954695118479173
      ], 
      "visibility": 0.81641689373297
    }
  ]
}