{
  "camera_data": {
    "location_worldframe": [
      -10.271589372288343, 
      -15.38394557787351, 
      64.4947475879892
    ], 
    "quaternion_xyzw_worldframe": [
      -0.8404589693386196, 
      -0.05433555753372673, 
      -0.1838907712337832, 
      0.5068214833811692
    ]
  }, 
  "objects": [
    {
      "bounding_box": {
        "bottom_right": [
          382, 
          383
        ], 
        "top_left": [
          145, 
          174
        ]
      }, 
      "class": "003_cracker_box", 
      "cuboid": [
        [
          -8.326510691769334, 
          5.0248220007316835, 
          48.449406017703566
        ], 
        [
          -23.505440256484018, 
          7.336331835346707, 
          42.67574727812908
        ], 
        [
          -29.27067754314947, 
          -11.797962511967476, 
          50.17203742760823
        ], 
        [
          -14.091747978434793, 
          -14.1094723465825, 
          55.94569616718271
        ], 
        [
          -10.236737964518364, 
          8.0409240891834, 
          54.67889696748636
        ], 
        [
          -25.415667529233044, 
          10.352433923798424, 
          48.90523822791187
        ], 
        [
          -31.1809048158985, 
          -8.78186042351576, 
          56.40152837739102
        ], 
        [
          -16.00197525118382, 
          -11.093370258130783, 
          62.1751871169655
        ]
      ], 
      "cuboid_centroid": [
        -19.75370775383392, 
        -1.878519211392038, 
        52.42546719754729
      ], 
      "location": [
        -19.75370775383392, 
        -1.878519211392038, 
        52.42546719754729
      ], 
      "pose_transform_permuted": [
        [
          0.26604837303889395, 
          -0.4200699387968663, 
          -0.867617144668404, 
          0.0
        ], 
        [
          0.9253413228611636, 
          -0.140914783157139, 
          0.3519750844780468, 
          0.0
        ], 
        [
          0.27011423399907913, 
          0.8964843949600981, 
          -0.3512179240644149, 
          0.0
        ], 
        [
          -19.75370775383392, 
          -1.878519211392038, 
          52.42546719754729, 
          1.0
        ]
      ], 
      "projected_cuboid": [
        [
          389.17699191339284, 
          328.5985881221573
        ], 
        [
          185.40120143579315, 
          364.9688092005613
        ], 
        [
          167.8622086601736, 
          147.87635390768796
        ], 
        [
          346.14366463749184, 
          138.78364631738987
        ], 
        [
          380.9193004863601, 
          351.71500895267866
        ], 
        [
          202.12534006538937, 
          386.1815149840396
        ], 
        [
          184.30071675160872, 
          190.24733185924745
        ], 
        [
          343.19319927614686, 
          178.13102858345673
        ]
      ], 
      "projected_cuboid_centroid": [
        278.9697237182498, 
        254.17653026279237
      ], 
      "quaternion_xyzw": [
        0.9603961243270489, 
        -0.10699465739832792, 
        0.16087722603784735, 
        0.20077336927034242
      ], 
      "visibility": 0.5196285352469396
    }, 
    {
      "bounding_box": {
        "bottom_right": [
          361, 
          399
        ], 
        "top_left": [
          208, 
          306
        ]
      }, 
      "class": "006_mustard_bottle", 
      "cuboid": [
        [
          -7.042167329019075, 
          8.499122819281057, 
          61.03171451340407
        ], 
        [
          -15.053271990416745, 
          8.358155883976139, 
          55.73941839191872
        ], 
        [
          -19.876571840475048, 
          -8.454034536994387, 
          63.4884033183362
        ], 
        [
          -11.865467179077376, 
          -8.313067601689468, 
          68.78069943982155
        ], 
        [
          -9.898174390000955, 
          11.277023288963303, 
          65.28094374155084
        ], 
        [
          -17.909279051398627, 
          11.136056353658384, 
          59.98864762006551
        ], 
        [
          -22.732578901456925, 
          -5.676134067312141, 
          67.73763254648298
        ], 
        [
          -14.721474240059257, 
          -5.535167132007222, 
          73.02992866796833
        ]
      ], 
      "cuboid_centroid": [
        -14.887373115238, 
        1.411494375984458, 
        64.38467352994353
      ], 
      "location": [
        -14.887373115238, 
        1.411494375984458, 
        64.38467352994353
      ], 
      "pose_transform_permuted": [
        [
          0.49031004605894274, 
          -0.4769009593305418, 
          -0.7294939172354072, 
          0.0
        ], 
        [
          0.8342815136342063, 
          0.014680385930452285, 
          0.5511430702071142, 
          0.0
        ], 
        [
          0.2521314466188824, 
          0.8788344128387914, 
          -0.4050676590844623, 
          0.0
        ], 
        [
          -14.887373115238, 
          1.411494375984458, 
          64.38467352994353, 
          1.0
        ]
      ], 
      "projected_cuboid": [
        [
          419.54696569368235, 
          347.55527965841765
        ], 
        [
          336.3657721048068, 
          353.258097440116
        ], 
        [
          313.23710767818704, 
          202.27038479866744
        ], 
        [
          388.8265483698951, 
          208.82773217813565
        ], 
        [
          400.0590011183561, 
          365.4153739812919
        ], 
        [
          321.0505950421734, 
          372.28988558677315
        ], 
        [
          301.12481895010643, 
          228.59655781826496
        ], 
        [
          373.19385305292906, 
          232.86457562342608
        ]
      ], 
      "projected_cuboid_centroid": [
        357.25235875006405, 
        284.97841356263785
      ], 
      "quaternion_xyzw": [
        0.9277135662083967, 
        -0.0639882473797657, 
        0.28065050307567413, 
        0.23767266388580635
      ], 
      "visibility": 0.028641072516758074
    }, 
    {
      "bounding_box": {
        "bottom_right": [
          231, 
          348
        ], 
        "top_left": [
          129, 
          209
        ]
      }, 
      "class": "008_pudding_box", 
      "cuboid": [
        [
          -11.921452016573717, 
          -6.427065254502891, 
          49.73928900414955
        ], 
        [
          -22.25206276456575, 
          -5.026487972638472, 
          45.21278533866169
        ], 
        [
          -24.729076226239805, 
          -13.057526105566636, 
          48.38102483717654
        ], 
        [
          -14.398465478247772, 
          -14.458103387431057, 
          52.907528502664405
        ], 
        [
          -13.124231392675679, 
          -4.771025718781847, 
          52.99674524756175
        ], 
        [
          -23.45484214066771, 
          -3.370448436917429, 
          48.47024158207389
        ], 
        [
          -25.931855602341763, 
          -11.401486569845593, 
          51.63848108058875
        ], 
        [
          -15.601244854349734, 
          -12.802063851710013, 
          56.164984746076605
        ]
      ], 
      "cuboid_centroid": [
        -18.92665380945774, 
        -8.914275912174242, 
        50.68888504236915
      ], 
      "location": [
        -18.92665380945774, 
        -8.914275912174242, 
        50.68888504236915
      ], 
      "pose_transform_permuted": [
        [
          0.3126457253566195, 
          -0.43046438287187166, 
          -0.8467303233446242, 
          0.0
        ], 
        [
          0.9089526512291681, 
          -0.12323167183987169, 
          0.398270499964724, 
          0.0
        ], 
        [
          0.2757844814727904, 
          0.8941556925092107, 
          -0.3527438590055219, 
          0.0
        ], 
        [
          -18.92665380945774, 
          -8.914275912174242, 
          50.68888504236915, 
          1.0
        ]
      ], 
      "projected_cuboid": [
        [
          352.70644635666986, 
          204.3736155981002
        ], 
        [
          216.9294847504161, 
          213.9952456997801
        ], 
        [
          206.72882409186167, 
          129.3492319135396
        ], 
        [
          335.24782797913815, 
          127.54565969335309
        ], 
        [
          348.4239964625127, 
          225.27450562447441
        ], 
        [
          221.37203750425616, 
          236.20138847928317
        ], 
        [
          211.5422850180451, 
          155.53256966715014
        ], 
        [
          332.21951378285, 
          151.7234077145601
        ]
      ], 
      "projected_cuboid_centroid": [
        280.8020942640099, 
        179.4956031486903
      ], 
      "quaternion_xyzw": [
        0.9552275471167855, 
        -0.10442960803345597, 
        0.18605939167770547, 
        0.20497949526303783
      ], 
      "visibility": 0.9108655319835444
    }, 
    {
      "bounding_box": {
        "bottom_right": [
          422, 
          337
        ], 
        "top_left": [
          192, 
          136
        ]
      }, 
      "class": "019_pitcher_base", 
      "cuboid": [
        [
          -34.56926245676517, 
          18.036083129504267, 
          55.42843305045435
        ], 
        [
          -17.971209789407443, 
          16.738599541064925, 
          64.29346310642816
        ], 
        [
          -24.540352268340605, 
          -4.720158604501583, 
          73.45221223755325
        ], 
        [
          -41.13840493569833, 
          -3.422675016062243, 
          64.58718218157945
        ], 
        [
          -29.376764040386906, 
          11.914729337809487, 
          44.81056512675296
        ], 
        [
          -12.778711373029175, 
          10.617245749370147, 
          53.67559518272677
        ], 
        [
          -19.34785385196233, 
          -10.841512396196363, 
          62.834344313851865
        ], 
        [
          -35.94590651932006, 
          -9.544028807757021, 
          53.969314257878054
        ]
      ], 
      "cuboid_centroid": [
        -26.958558154363754, 
        3.597285366653952, 
        59.13138868215311
      ], 
      "location": [
        -26.958558154363754, 
        3.597285366653952, 
        59.13138868215311
      ], 
      "pose_transform_permuted": [
        [
          -0.39010249777263395, 
          0.45988562969186203, 
          0.7977001562467301, 
          0.0
        ], 
        [
          -0.8799824691198921, 
          0.06878896185471302, 
          -0.4699991736271404, 
          0.0
        ], 
        [
          0.27101875282261073, 
          0.8853097475635756, 
          -0.3778564363450685, 
          0.0
        ], 
        [
          -26.958558154363754, 
          3.597285366653952, 
          59.13138868215311, 
          1.0
        ]
      ], 
      "projected_cuboid": [
        [
          146.20773100648913, 
          446.8255649265329
        ], 
        [
          331.28209904840946, 
          412.134602757976
        ], 
        [
          301.9303438570256, 
          239.0145542961372
        ], 
        [
          139.07161469367352, 
          245.0242798794366
        ], 
        [
          129.0514893534759, 
          415.0914553276766
        ], 
        [
          353.5699620508849, 
          378.77926811704634
        ], 
        [
          316.0096067461109, 
          181.2669436779804
        ], 
        [
          123.42288474344943, 
          178.97336140103485
        ]
      ], 
      "projected_cuboid_centroid": [
        236.42537820831689, 
        305.7312813748977
      ], 
      "quaternion_xyzw": [
        -0.22783075513280596, 
        0.2219079602543846, 
        0.9437945185433901, 
        0.09001104265835526
      ], 
      "visibility": 0.23546570106618386
    }, 
    {
      "bounding_box": {
        "bottom_right": [
          309, 
          487
        ], 
        "top_left": [
          93, 
          252
        ]
      }, 
      "class": "035_power_drill", 
      "cuboid": [
        [
          1.6924270758316386, 
          0.47987541041886395, 
          42.43298704874333
        ], 
        [
          -15.57292529681279, 
          2.12538519790381, 
          36.18083110230359
        ], 
        [
          -19.543301063441792, 
          -14.9461503987875, 
          42.65197699553657
        ], 
        [
          -2.2779486907973614, 
          -16.591660186272446, 
          48.90413294197632
        ], 
        [
          0.09704712136260757, 
          2.7471162427195517, 
          47.43535254649263
        ], 
        [
          -17.168305251281822, 
          4.3926260302044975, 
          41.18319660005289
        ], 
        [
          -21.13868101791082, 
          -12.678909566486812, 
          47.654342493285874
        ], 
        [
          -3.8733286452663926, 
          -14.32441935397176, 
          53.90649843972562
        ]
      ], 
      "cuboid_centroid": [
        -9.723126971039592, 
        -6.0995170780339745, 
        45.043664771014605
      ], 
      "location": [
        -9.723126971039592, 
        -6.0995170780339745, 
        45.043664771014605
      ], 
      "pose_transform_permuted": [
        [
          0.27895158711221024, 
          -0.3964262097967601, 
          -0.8746617324629397, 
          0.0
        ], 
        [
          0.9364970013684296, 
          -0.08925476575523986, 
          0.33912573398765933, 
          0.0
        ], 
        [
          0.2125059345534255, 
          0.9137177031777773, 
          -0.3463543469188048, 
          0.0
        ], 
        [
          -9.723126971039592, 
          -6.0995170780339745, 
          45.043664771014605, 
          1.0
        ]
      ], 
      "projected_cuboid": [
        [
          503.04562711927986, 
          279.3178586981382
        ], 
        [
          250.13309710691837, 
          304.615546002813
        ], 
        [
          235.19151320684605, 
          86.40013171874912
        ], 
        [
          456.5480851749747, 
          92.3476937091354
        ], 
        [
          482.6972706918531, 
          304.1725925976395
        ], 
        [
          257.41590849522265, 
          330.1707450575896
        ], 
        [
          243.05381278724377, 
          131.3915833712423
        ], 
        [
          442.95726064491333, 
          131.56905344530213
        ]
      ], 
      "projected_cuboid_centroid": [
        365.5153103853451, 
        201.06790474767482
      ], 
      "quaternion_xyzw": [
        0.9649969477942854, 
        -0.07817659449555939, 
        0.16012416477394628, 
        0.19243080468113258
      ], 
      "visibility": 0.9326416786926167
    }, 
    {
      "bounding_box": {
        "bottom_right": [
          146, 
          254
        ], 
        "top_left": [
          54, 
          142
        ]
      }, 
      "class": "061_foam_brick", 
      "cuboid": [
        [
          -26.520715213280997, 
          -17.450728663125435, 
          41.83742026022622
        ], 
        [
          -19.394150024674882, 
          -17.985891654750045, 
          44.93084301576842
        ], 
        [
          -18.127000614010754, 
          -13.513979095402537, 
          42.78525177274599
        ], 
        [
          -25.25356580261687, 
          -12.978816103777929, 
          39.69182901720379
        ], 
        [
          -28.193161608986873, 
          -14.917983203856291, 
          46.128534326892705
        ], 
        [
          -21.066596420380755, 
          -15.4531461954809, 
          49.22195708243491
        ], 
        [
          -19.799447009716626, 
          -10.981233636133393, 
          47.076365839412475
        ], 
        [
          -26.92601219832274, 
          -10.446070644508785, 
          43.982943083870275
        ]
      ], 
      "cuboid_centroid": [
        -23.160081111498812, 
        -14.215981149629414, 
        44.45689304981934
      ], 
      "location": [
        -23.160081111498812, 
        -14.215981149629414, 
        44.45689304981934
      ], 
      "pose_transform_permuted": [
        [
          0.3181975613306265, 
          -0.4818769861203924, 
          -0.8164220000776373, 
          0.0
        ], 
        [
          -0.9151405347304298, 
          0.06872165389103368, 
          -0.39723435901213855, 
          0.0
        ], 
        [
          -0.24752396582259595, 
          -0.873539870031133, 
          0.41911810007376926, 
          0.0
        ], 
        [
          -23.160081111498812, 
          -14.215981149629414, 
          44.45689304981934, 
          1.0
        ]
      ], 
      "projected_cuboid": [
        [
          140.70878582971056, 
          50.83459714084366
        ], 
        [
          249.474203389021, 
          59.797816282928764
        ], 
        [
          253.76041330253315, 
          104.83434009733523
        ], 
        [
          139.4495957546749, 
          98.89656992222535
        ], 
        [
          152.92267951550505, 
          100.810809018236
        ], 
        [
          251.43845281398097, 
          105.85179998728826
        ], 
        [
          255.42348953720023, 
          148.88214012486725
        ], 
        [
          152.3821623932721, 
          146.6216617524312
        ]
      ], 
      "projected_cuboid_centroid": [
        201.44572658760202, 
        102.74692936341864
      ], 
      "quaternion_xyzw": [
        0.08327904195545681, 
        0.9493553608685211, 
        -0.23726497035048158, 
        0.18839939969587616
      ], 
      "visibility": 0.9456945045434877
    }
  ]
}