{
  "camera_data": {
    "location_worldframe": [
      -26.39489045665001, 
      -15.74104964312374, 
      73.30208107744667
    ], 
    "quaternion_xyzw_worldframe": [
      0.9262500757210043, 
      0.002493875659911903, 
      0.04393627632560131, 
      -0.3743315141123323
    ]
  }, 
  "objects": [
    {
      "bounding_box": {
        "bottom_right": [
          315, 
          231
        ], 
        "top_left": [
          143, 
          0
        ]
      }, 
      "class": "003_cracker_box", 
      "cuboid": [
        [
          -30.21134678009153, 
          -1.166656988099895, 
          52.070630425258244
        ], 
        [
          -46.50676159827364, 
          0.07283081920741938, 
          50.65597797109723
        ], 
        [
          -48.93797735808852, 
          -15.64452423725397, 
          64.89000365270788
        ], 
        [
          -32.642562539906415, 
          -16.884012044561285, 
          66.30465610686889
        ], 
        [
          -30.305511545988622, 
          3.660607549892028, 
          57.3848610950779
        ], 
        [
          -46.60092636417073, 
          4.900095357199342, 
          55.97020864091689
        ], 
        [
          -49.03214212398561, 
          -10.817259699262047, 
          70.20423432252753
        ], 
        [
          -32.736727305803505, 
          -12.056747506569362, 
          71.61888677668854
        ]
      ], 
      "cuboid_centroid": [
        -39.62174445203857, 
        -5.991958343680971, 
        61.137432373892885
      ], 
      "location": [
        -39.62174445203857, 
        -5.991958343680971, 
        61.137432373892885
      ], 
      "pose_transform_permuted": [
        [
          0.01311487021565566, 
          -0.6723209823681711, 
          -0.7401435650241945, 
          0.0
        ], 
        [
          0.9934047483480417, 
          -0.07556193487782309, 
          0.08624036153149839, 
          0.0
        ], 
        [
          0.1139078844452413, 
          0.7363931631031193, 
          -0.6668958713293948, 
          0.0
        ], 
        [
          -39.62174445203857, 
          -5.991958343680971, 
          61.137432373892885, 
          1.0
        ]
      ], 
      "projected_cuboid": [
        [
          169.58672668709798, 
          261.33736407062116
        ], 
        [
          -12.118854973272034, 
          274.05332017965634
        ], 
        [
          76.032546869372, 
          144.7069313323457
        ], 
        [
          216.84951418521663, 
          137.48047556330624
        ], 
        [
          197.59858342911983, 
          307.3072475450072
        ], 
        [
          33.853492558983866, 
          319.9777488390978
        ], 
        [
          106.01115172338126, 
          191.11120355131172
        ], 
        [
          235.7871326589785, 
          183.50436118423508
        ]
      ], 
      "projected_cuboid_centroid": [
        133.08474755059675, 
        221.016944670948
      ], 
      "quaternion_xyzw": [
        0.9313889462082094, 
        -0.05085679299030164, 
        0.026668566379180393, 
        0.35946766899845395
      ], 
      "visibility": 0.5974413208498389
    }, 
    {
      "bounding_box": {
        "bottom_right": [
          337, 
          287
        ], 
        "top_left": [
          215, 
          192
        ]
      }, 
      "class": "006_mustard_bottle", 
      "cuboid": [
        [
          -25.384566760800414, 
          5.831747416841738, 
          62.05857119008395
        ], 
        [
          -34.59553020650689, 
          4.519398812167952, 
          59.68328986950835
        ], 
        [
          -36.153955349875844, 
          -8.956134630392038, 
          73.17187931004489
        ], 
        [
          -26.942991904169368, 
          -7.643786025718252, 
          75.5471606306205
        ], 
        [
          -26.960850768075993, 
          9.888826030054492, 
          65.92960441647132
        ], 
        [
          -36.17181421378247, 
          8.576477425380707, 
          63.55432309589572
        ], 
        [
          -37.730239357151426, 
          -4.899056017179283, 
          77.04291253643225
        ], 
        [
          -28.519275911444947, 
          -3.5867074125054974, 
          79.41819385700785
        ]
      ], 
      "cuboid_centroid": [
        -31.55740305897592, 
        0.46634569983122764, 
        69.5507418632581
      ], 
      "location": [
        -31.55740305897592, 
        0.46634569983122764, 
        69.5507418632581
      ], 
      "pose_transform_permuted": [
        [
          0.27061133523372866, 
          -0.6965061217408935, 
          -0.6645664520427215, 
          0.0
        ], 
        [
          0.9592355674170722, 
          0.136668814926201, 
          0.24736330121683164, 
          0.0
        ], 
        [
          0.08146455705840142, 
          0.704415202549083, 
          -0.7050976871051363, 
          0.0
        ], 
        [
          -31.55740305897592, 
          0.46634569983122764, 
          69.5507418632581, 
          1.0
        ]
      ], 
      "projected_cuboid": [
        [
          261.6289591306482, 
          323.40346851763815
        ], 
        [
          169.88115391457814, 
          313.6711061907185
        ], 
        [
          215.88985380418163, 
          208.0089746204293
        ], 
        [
          289.80995946385383, 
          219.32579686215652
        ], 
        [
          261.687127862016, 
          353.2795035555324
        ], 
        [
          175.52976798834197, 
          345.256518035808
        ], 
        [
          218.23780031810563, 
          239.37345724505198
        ], 
        [
          288.48463913003087, 
          249.20060490622097
        ]
      ], 
      "projected_cuboid_centroid": [
        237.596280515791, 
        276.862506944306
      ], 
      "quaternion_xyzw": [
        0.9121701077662099, 
        0.01512992406728496, 
        0.1419621822839095, 
        0.38413991998662983
      ], 
      "visibility": 0.8694774046957839
    }, 
    {
      "bounding_box": {
        "bottom_right": [
          193, 
          201
        ], 
        "top_left": [
          123, 
          65
        ]
      }, 
      "class": "008_pudding_box", 
      "cuboid": [
        [
          -32.757626365762896, 
          -11.519216627585635, 
          57.7341087713731
        ], 
        [
          -44.01868777297734, 
          -11.018136908653206, 
          56.28159864029024
        ], 
        [
          -45.08715637930908, 
          -17.605616487690966, 
          62.292788067920554
        ], 
        [
          -33.82609497209464, 
          -18.106696206623397, 
          63.74529819900341
        ], 
        [
          -33.004709723136, 
          -8.909613723926974, 
          60.54997255517338
        ], 
        [
          -44.26577113035045, 
          -8.408534004994545, 
          59.09746242409053
        ], 
        [
          -45.334239736682186, 
          -14.996013584032305, 
          65.10865185172084
        ], 
        [
          -34.073178329467744, 
          -15.497093302964734, 
          66.5611619828037
        ]
      ], 
      "cuboid_centroid": [
        -39.04593305122254, 
        -13.25761510580897, 
        61.42138031154697
      ], 
      "location": [
        -39.04593305122254, 
        -13.25761510580897, 
        61.42138031154697
      ], 
      "pose_transform_permuted": [
        [
          0.06422587302737026, 
          -0.678329882369001, 
          -0.7319445217333408, 
          0.0
        ], 
        [
          0.990819601225568, 
          -0.044088171562298495, 
          0.127801053276701, 
          0.0
        ], 
        [
          0.11896062137991241, 
          0.7334334948223162, 
          -0.6692707912105369, 
          0.0
        ], 
        [
          -39.04593305122254, 
          -13.25761510580897, 
          61.42138031154697, 
          1.0
        ]
      ], 
      "projected_cuboid": [
        [
          176.4763502731796, 
          166.87762406522617
        ], 
        [
          61.00371410188921, 
          168.87962123762134
        ], 
        [
          92.36661210121159, 
          122.55608686647332
        ], 
        [
          196.23552473969468, 
          121.79841342397711
        ], 
        [
          188.47149762345913, 
          194.81133350250832
        ], 
        [
          78.79569727578522, 
          197.4045006370357
        ], 
        [
          107.15953717408107, 
          150.45082434879987
        ], 
        [
          206.31147111890456, 
          149.1164800302721
        ]
      ], 
      "projected_cuboid_centroid": [
        139.73731714946817, 
        158.17115427938128
      ], 
      "quaternion_xyzw": [
        0.9295425780701528, 
        -0.04385188930256446, 
        0.05164554341952341, 
        0.362436510540842
      ], 
      "visibility": 0.2925186727072364
    }, 
    {
      "bounding_box": {
        "bottom_right": [
          391, 
          204
        ], 
        "top_left": [
          197, 
          6
        ]
      }, 
      "class": "019_pitcher_base", 
      "cuboid": [
        [
          -53.716442569753966, 
          14.625417068992947, 
          62.3075748136211
        ], 
        [
          -35.189825654991296, 
          15.203242065253258, 
          65.8001609430238
        ], 
        [
          -37.79089124083057, 
          -2.1941060618120014, 
          82.47593245948406
        ], 
        [
          -56.31750815559323, 
          -2.7719310580723135, 
          78.98334633008136
        ], 
        [
          -51.66687664117543, 
          5.3662189247441345, 
          52.96741097553437
        ], 
        [
          -33.14025972641276, 
          5.944043921004447, 
          56.45999710493707
        ], 
        [
          -35.74132531225202, 
          -11.453304206060814, 
          73.13576862139732
        ], 
        [
          -54.2679422270147, 
          -12.031129202321127, 
          69.64318249199462
        ]
      ], 
      "cuboid_centroid": [
        -44.728883941003, 
        1.5860564314660666, 
        67.72167171750921
      ], 
      "location": [
        -44.728883941003, 
        1.5860564314660666, 
        67.72167171750921
      ], 
      "pose_transform_permuted": [
        [
          -0.15397997726224616, 
          0.695625888310346, 
          0.7017086863908312, 
          0.0
        ], 
        [
          -0.9822295677584765, 
          -0.03063467004947679, 
          -0.1851671775816176, 
          0.0
        ], 
        [
          0.10731043714528399, 
          0.7177508490550714, 
          -0.6879812415759696, 
          0.0
        ], 
        [
          -44.728883941003, 
          1.5860564314660666, 
          67.72167171750921, 
          1.0
        ]
      ], 
      "projected_cuboid": [
        [
          17.98136801106057, 
          398.4723016429396
        ], 
        [
          194.00169304244022, 
          396.51095878660243
        ], 
        [
          235.1908642230979, 
          259.09864467215147
        ], 
        [
          98.15510484376645, 
          254.56961618513446
        ], 
        [
          -42.96296999068455, 
          327.31805637057397
        ], 
        [
          165.9463405067343, 
          329.43381373154097
        ], 
        [
          218.7927113306331, 
          189.76692042289935
        ], 
        [
          62.556100442636776, 
          181.15351674855793
        ]
      ], 
      "projected_cuboid_centroid": [
        126.41410135257303, 
        285.7769998005681
      ], 
      "quaternion_xyzw": [
        -0.091941349291891, 
        0.37509000029852435, 
        0.9221834285005857, 
        0.020786473906952912
      ], 
      "visibility": 0.2942835901787813
    }, 
    {
      "bounding_box": {
        "bottom_right": [
          221, 
          247
        ], 
        "top_left": [
          72, 
          15
        ]
      }, 
      "class": "035_power_drill", 
      "cuboid": [
        [
          -22.255729764052077, 
          -7.7922922056791855, 
          44.99661675962067
        ], 
        [
          -40.654370848350965, 
          -7.226223872443138, 
          43.96748028463505
        ], 
        [
          -41.769441144168404, 
          -21.372358939203608, 
          56.121509305383476
        ], 
        [
          -23.370800059869516, 
          -21.938427272439654, 
          57.15064578036909
        ], 
        [
          -22.383217921699067, 
          -4.060349513049951, 
          49.328548115544585
        ], 
        [
          -40.78185900599795, 
          -3.494281179813906, 
          48.299411640558965
        ], 
        [
          -41.89692930181539, 
          -17.640416246574375, 
          60.453440661307376
        ], 
        [
          -23.498288217516507, 
          -18.20648457981042, 
          61.482577136293
        ]
      ], 
      "cuboid_centroid": [
        -32.076329532933734, 
        -12.71635422612678, 
        52.72502871046403
      ], 
      "location": [
        -32.076329532933734, 
        -12.71635422612678, 
        52.72502871046403
      ], 
      "pose_transform_permuted": [
        [
          0.02229125658374834, 
          -0.6525287811248778, 
          -0.7574365740343647, 
          0.0
        ], 
        [
          0.9979681753845862, 
          -0.03070434273239146, 
          0.0558218101792087, 
          0.0
        ], 
        [
          0.059681770500689124, 
          0.7571418498842094, 
          -0.6505186026350588, 
          0.0
        ], 
        [
          -32.076329532933734, 
          -12.71635422612678, 
          52.72502871046403, 
          1.0
        ]
      ], 
      "projected_cuboid": [
        [
          215.61416817177988, 
          180.92888244298766
        ], 
        [
          -15.644475529250188, 
          185.6334207547122
        ], 
        [
          81.35654152786117, 
          70.18619905760704
        ], 
        [
          261.6874745816535, 
          68.56106675348036
        ], 
        [
          237.58240292077522, 
          229.38774118821337
        ], 
        [
          27.533228379985008, 
          234.70286751833143
        ], 
        [
          108.90263202732113, 
          117.66298146135085
        ], 
        [
          276.06674697554774, 
          115.35765439557369
        ]
      ], 
      "projected_cuboid_centroid": [
        154.4375346453036, 
        144.6591877228549
      ], 
      "quaternion_xyzw": [
        0.9370894566826532, 
        -0.02411352315099464, 
        0.020839276924393503, 
        0.3476315346596669
      ], 
      "visibility": 0.8246979417978401
    }, 
    {
      "bounding_box": {
        "bottom_right": [
          124, 
          123
        ], 
        "top_left": [
          59, 
          10
        ]
      }, 
      "class": "061_foam_brick", 
      "cuboid": [
        [
          -48.5566420235, 
          -23.65455021234289, 
          58.206068810780096
        ], 
        [
          -40.81560739258829, 
          -23.598038389248593, 
          59.05270002709542
        ], 
        [
          -40.44133422323559, 
          -20.03805021413061, 
          55.392968460811666
        ], 
        [
          -48.1823688541473, 
          -20.094562037224907, 
          54.54633724449634
        ], 
        [
          -48.981279312811346, 
          -19.877687785320262, 
          61.83656875169349
        ], 
        [
          -41.24024468189963, 
          -19.821175962225965, 
          62.68319996800881
        ], 
        [
          -40.86597151254694, 
          -16.261187787107982, 
          59.023468401725054
        ], 
        [
          -48.60700614345864, 
          -16.31769961020228, 
          58.17683718540974
        ]
      ], 
      "cuboid_centroid": [
        -44.71130676802347, 
        -19.957868999725438, 
        58.614768606252575
      ], 
      "location": [
        -44.71130676802347, 
        -19.957868999725438, 
        58.614768606252575
      ], 
      "pose_transform_permuted": [
        [
          0.08079096003067388, 
          -0.7185811257362564, 
          -0.6907343820260696, 
          0.0
        ], 
        [
          -0.994046133588361, 
          -0.007256828308789043, 
          -0.10871808837965807, 
          0.0
        ], 
        [
          -0.07311022551840785, 
          -0.6954052805224527, 
          0.7148890758335424, 
          0.0
        ], 
        [
          -44.71130676802347, 
          -19.957868999725438, 
          58.614768606252575, 
          1.0
        ]
      ], 
      "projected_cuboid": [
        [
          32.983798338992266, 
          56.549089170750804
        ], 
        [
          109.90932219225684, 
          60.1667993134968
        ], 
        [
          88.98596731390596, 
          80.36160753068651
        ], 
        [
          6.574444795919648, 
          76.81462087244891
        ], 
        [
          55.629553536386716, 
          101.84817427399177
        ], 
        [
          127.79382216937742, 
          104.64452054245115
        ], 
        [
          109.2663737260827, 
          126.35498469720504
        ], 
        [
          32.2928411038343, 
          123.69867491679345
        ]
      ], 
      "projected_cuboid_centroid": [
        71.39103157578658, 
        91.69540269232532
      ], 
      "quaternion_xyzw": [
        0.01790927075048035, 
        0.9192640801392279, 
        -0.3898417855489065, 
        0.05153825013526844
      ], 
      "visibility": 0.972291770989818
    }
  ]
}