{
  "camera_data": {
    "location_worldframe": [
      -20.409847711287938, 
      -19.450343975262367, 
      62.07257441070884
    ], 
    "quaternion_xyzw_worldframe": [
      0.8885027019637282, 
      -0.0022909015207578072, 
      0.1210818089082417, 
      -0.44260488932398706
    ]
  }, 
  "objects": [
    {
      "bounding_box": {
        "bottom_right": [
          326, 
          247
        ], 
        "top_left": [
          92, 
          4
        ]
      }, 
      "class": "003_cracker_box", 
      "cuboid": [
        [
          -20.36367930938736, 
          -1.6161541121462417, 
          43.10697228022894
        ], 
        [
          -36.19685941670544, 
          0.9778524313757628, 
          39.692348812180306
        ], 
        [
          -41.449417186607796, 
          -16.487178211942712, 
          50.78003967404061
        ], 
        [
          -25.616237079289718, 
          -19.08118475546472, 
          54.19466314208925
        ], 
        [
          -20.996851663709172, 
          2.351845439761541, 
          49.05730587261894
        ], 
        [
          -36.83003177102725, 
          4.945851983283546, 
          45.64268240457031
        ], 
        [
          -42.082589540929604, 
          -12.51917866003493, 
          56.73037326643061
        ], 
        [
          -26.249409433611525, 
          -15.113185203556935, 
          60.144996734479236
        ]
      ], 
      "cuboid_centroid": [
        -31.223134425158484, 
        -7.067666386090586, 
        49.918672773329774
      ], 
      "location": [
        -31.223134425158484, 
        -7.067666386090586, 
        49.918672773329774
      ], 
      "pose_transform_permuted": [
        [
          0.08818556677713991, 
          -0.5526461903587448, 
          -0.8287372889487722, 
          0.0
        ], 
        [
          0.9652258917956292, 
          -0.158136411152013, 
          0.20816304493183713, 
          0.0
        ], 
        [
          0.24609405441726373, 
          0.8182756648892399, 
          -0.5194830628909335, 
          0.0
        ], 
        [
          -31.223134425158484, 
          -7.067666386090586, 
          49.918672773329774, 
          1.0
        ]
      ], 
      "projected_cuboid": [
        [
          227.55802567029417, 
          253.2914747274686
        ], 
        [
          -8.808994931098036, 
          286.4252880607498
        ], 
        [
          42.64496771451185, 
          100.129229162775
        ], 
        [
          227.4116977963532, 
          85.51215374888955
        ], 
        [
          251.43050957201106, 
          298.85429404356864
        ], 
        [
          47.66407439195297, 
          331.0771755861796
        ], 
        [
          82.6837334470057, 
          155.59432550015802
        ], 
        [
          246.89778156061823, 
          139.27443272299965
        ]
      ], 
      "projected_cuboid_centroid": [
        145.23639913329845, 
        197.7772208940548
      ], 
      "quaternion_xyzw": [
        0.9502945392921135, 
        -0.10634346743442119, 
        0.07796230522636982, 
        0.2820518294381448
      ], 
      "visibility": 0.5369448495065056
    }, 
    {
      "bounding_box": {
        "bottom_right": [
          325, 
          311
        ], 
        "top_left": [
          176, 
          218
        ]
      }, 
      "class": "006_mustard_bottle", 
      "cuboid": [
        [
          -16.711321451073037, 
          3.440199970348475, 
          54.645072296881324
        ], 
        [
          -25.529362872327443, 
          3.1583587807269726, 
          50.8544550849909
        ], 
        [
          -29.700800956800162, 
          -12.046084870257848, 
          61.68887861168714
        ], 
        [
          -20.882759535545752, 
          -11.764243680636346, 
          65.47949582357757
        ], 
        [
          -18.63571077288018, 
          6.971092387510816, 
          58.85921288088137
        ], 
        [
          -27.45375219413459, 
          6.689251197889313, 
          55.06859566899095
        ], 
        [
          -31.625190278607306, 
          -8.515192453095507, 
          65.90301919568718
        ], 
        [
          -22.807148857352903, 
          -8.233351263474004, 
          69.69363640757761
        ]
      ], 
      "cuboid_centroid": [
        -24.16825586484017, 
        -2.537496241373516, 
        60.27404574628426
      ], 
      "location": [
        -24.16825586484017, 
        -2.537496241373516, 
        60.27404574628426
      ], 
      "pose_transform_permuted": [
        [
          0.33037292866013185, 
          -0.6061721791026842, 
          -0.7234700124059074, 
          0.0
        ], 
        [
          0.9183164189156594, 
          0.029351120004075665, 
          0.39475727740549515, 
          0.0
        ], 
        [
          0.21805625845685175, 
          0.7947916347584628, 
          -0.5663547699682318, 
          0.0
        ], 
        [
          -24.16825586484017, 
          -2.537496241373516, 
          60.27404574628426, 
          1.0
        ]
      ], 
      "projected_cuboid": [
        [
          317.1403854714774, 
          306.86186210661435
        ], 
        [
          211.63502294389446, 
          306.4088000453419
        ], 
        [
          222.68456469458783, 
          169.14437967945202
        ], 
        [
          310.0930504792918, 
          177.46873338218847
        ], 
        [
          311.33290467037085, 
          336.451162589632
        ], 
        [
          213.50161641762352, 
          338.06953484645743
        ], 
        [
          223.53773287478919, 
          204.3774205368711
        ], 
        [
          305.6145169364444, 
          210.28211332696063
        ]
      ], 
      "projected_cuboid_centroid": [
        265.9682985933781, 
        250.8341470560908
      ], 
      "quaternion_xyzw": [
        0.9269004890062402, 
        -0.05089681705074212, 
        0.1955793029203875, 
        0.3162494148449581
      ], 
      "visibility": 0.6153200223922374
    }, 
    {
      "bounding_box": {
        "bottom_right": [
          168, 
          210
        ], 
        "top_left": [
          69, 
          56
        ]
      }, 
      "class": "008_pudding_box", 
      "cuboid": [
        [
          -24.214466629611287, 
          -12.494731348369223, 
          46.651312402844205
        ], 
        [
          -35.1041059699683, 
          -10.981250630164896, 
          43.77077395747486
        ], 
        [
          -37.361120123954265, 
          -18.304511168028192, 
          48.45549944624062
        ], 
        [
          -26.47148078359725, 
          -19.81799188623252, 
          51.33603789160996
        ], 
        [
          -24.742256556094894, 
          -10.327118128161763, 
          49.785488063249474
        ], 
        [
          -35.63189589645191, 
          -8.813637409957433, 
          46.904949617880135
        ], 
        [
          -37.88891005043787, 
          -16.13689794782073, 
          51.58967510664589
        ], 
        [
          -26.999270710080857, 
          -17.650378666025055, 
          54.47021355201523
        ]
      ], 
      "cuboid_centroid": [
        -31.05168834002458, 
        -14.315814648094976, 
        49.12049375474505
      ], 
      "location": [
        -31.05168834002458, 
        -14.315814648094976, 
        49.12049375474505
      ], 
      "pose_transform_permuted": [
        [
          0.13719163105054455, 
          -0.5634408279602151, 
          -0.8146852550117243, 
          0.0
        ], 
        [
          0.9581395321927961, 
          -0.13316563221234923, 
          0.25344804104587154, 
          0.0
        ], 
        [
          0.2512903089808381, 
          0.8153535058948899, 
          -0.5215856149964032, 
          0.0
        ], 
        [
          -31.05168834002458, 
          -14.315814648094976, 
          49.12049375474505, 
          1.0
        ]
      ], 
      "projected_cuboid": [
        [
          202.46946917409693, 
          130.44629252370095
        ], 
        [
          50.310999372470384, 
          139.4868474740829
        ], 
        [
          66.95959144712873, 
          71.8201538176507
        ], 
        [
          204.2984997362386, 
          67.4014793337354
        ], 
        [
          214.34056899476064, 
          162.65883200267172
        ], 
        [
          73.0783166747148, 
          173.07354408647356
        ], 
        [
          86.64803214453495, 
          106.46781564180965
        ], 
        [
          215.04338133635196, 
          100.47112237840446
        ]
      ], 
      "projected_cuboid_centroid": [
        141.64770365425477, 
        117.85438090667354
      ], 
      "quaternion_xyzw": [
        0.9471243705421439, 
        -0.10147979324328879, 
        0.10311203159961183, 
        0.2864002016798326
      ], 
      "visibility": 0.5936187458551323
    }, 
    {
      "bounding_box": {
        "bottom_right": [
          394, 
          229
        ], 
        "top_left": [
          159, 
          2
        ]
      }, 
      "class": "019_pitcher_base", 
      "cuboid": [
        [
          -44.31015313607149, 
          14.08940716634213, 
          52.41157768721798
        ], 
        [
          -26.48707738190185, 
          12.81636164588508, 
          58.45185083236165
        ], 
        [
          -32.34664576174925, 
          -6.660184615920757, 
          71.6368507875742
        ], 
        [
          -50.169721515918894, 
          -5.387139095463707, 
          65.59657764243053
        ], 
        [
          -41.37373482906859, 
          6.217193939186018, 
          42.08792340567405
        ], 
        [
          -23.550659074898945, 
          4.944148418728968, 
          48.12819655081771
        ], 
        [
          -29.41022745474634, 
          -14.532397843076868, 
          61.313196506030266
        ], 
        [
          -47.233303208915984, 
          -13.259352322619819, 
          55.272923360886594
        ]
      ], 
      "cuboid_centroid": [
        -36.86019029540892, 
        -0.22149533836736957, 
        56.862387096624126
      ], 
      "location": [
        -36.86019029540892, 
        -0.22149533836736957, 
        56.862387096624126
      ], 
      "pose_transform_permuted": [
        [
          -0.22060750417447503, 
          0.5914243581135932, 
          0.7755964467256274, 
          0.0
        ], 
        [
          -0.9449297772328279, 
          0.06749332363530498, 
          -0.3202384389872079, 
          0.0
        ], 
        [
          0.24174432499794868, 
          0.8035309470139155, 
          -0.5439647952967233, 
          0.0
        ], 
        [
          -36.86019029540892, 
          -0.22149533836736957, 
          56.862387096624126, 
          1.0
        ]
      ], 
      "projected_cuboid": [
        [
          26.95694886280778, 
          416.6547991302437
        ], 
        [
          237.91278963559645, 
          390.2240951916817
        ], 
        [
          238.77704006612626, 
          223.70302273537084
        ], 
        [
          70.30318783544587, 
          229.48750333455354
        ], 
        [
          -47.04164895506324, 
          352.0680746274996
        ], 
        [
          218.45201164267527, 
          328.0737804460194
        ], 
        [
          223.64669328137768, 
          146.87961741932213
        ], 
        [
          22.052515184858695, 
          145.34917147653604
        ]
      ], 
      "projected_cuboid_centroid": [
        132.9996034717683, 
        271.2091049441675
      ], 
      "quaternion_xyzw": [
        -0.14405293396406274, 
        0.302407997707464, 
        0.9386236161226144, 
        0.08236465696193855
      ], 
      "visibility": 0.2348565460507818
    }, 
    {
      "bounding_box": {
        "bottom_right": [
          211, 
          312
        ], 
        "top_left": [
          5, 
          25
        ]
      }, 
      "class": "035_power_drill", 
      "cuboid": [
        [
          -11.793838143286631, 
          -7.652266292607779, 
          36.22517452706803
        ], 
        [
          -29.794440487150037, 
          -5.630592241679991, 
          32.79287234328615
        ], 
        [
          -33.36565510489105, 
          -21.327241938018748, 
          42.27646633466415
        ], 
        [
          -15.365052761027641, 
          -23.348915988946537, 
          45.70876851844603
        ], 
        [
          -12.370036176117335, 
          -4.614315051449802, 
          41.036424556650196
        ], 
        [
          -30.370638519980737, 
          -2.592641000522014, 
          37.60412237286832
        ], 
        [
          -33.94185313772174, 
          -18.28929069686077, 
          47.087716364246326
        ], 
        [
          -15.941250793858341, 
          -20.31096474778856, 
          50.5200185480282
        ]
      ], 
      "cuboid_centroid": [
        -22.86784564050419, 
        -12.970778494734276, 
        41.65644544565718
      ], 
      "location": [
        -22.86784564050419, 
        -12.970778494734276, 
        41.65644544565718
      ], 
      "pose_transform_permuted": [
        [
          0.10074801008926534, 
          -0.5311846359336821, 
          -0.8412452644813948, 
          0.0
        ], 
        [
          0.9763779941475728, 
          -0.10965844458743908, 
          0.1861728989670032, 
          0.0
        ], 
        [
          0.19114168140267626, 
          0.8401298539836413, 
          -0.5075892365155441, 
          0.0
        ], 
        [
          -22.86784564050419, 
          -12.970778494734276, 
          41.65644544565718, 
          1.0
        ]
      ], 
      "projected_cuboid": [
        [
          306.5171179814854, 
          160.6272196270484
        ], 
        [
          -6.996240383452485, 
          181.7146538261196
        ], 
        [
          57.180122683803866, 
          4.242391989315436
        ], 
        [
          300.82710362882443, 
          0.8566619129561882
        ], 
        [
          319.49326920777844, 
          213.31775155701604
        ], 
        [
          47.276692389835326, 
          236.5164678279445
        ], 
        [
          93.96503413367311, 
          66.14043610863514
        ], 
        [
          311.90926370411745, 
          58.871825469078175
        ]
      ], 
      "projected_cuboid_centroid": [
        186.3845415004703, 
        107.22411699927932
      ], 
      "quaternion_xyzw": [
        0.9562626616955993, 
        -0.07863951454947299, 
        0.07501100914771526, 
        0.2715712727419792
      ], 
      "visibility": 0.883742419031041
    }, 
    {
      "bounding_box": {
        "bottom_right": [
          76, 
          106
        ], 
        "top_left": [
          0, 
          0
        ]
      }, 
      "class": "061_foam_brick", 
      "cuboid": [
        [
          -40.48829580158774, 
          -23.408175241591433, 
          43.0239466482612
        ], 
        [
          -32.960744068781175, 
          -24.030372279506874, 
          44.919317565916465
        ], 
        [
          -31.88163331719504, 
          -19.996505984217375, 
          41.95778518434953
        ], 
        [
          -39.40918505000161, 
          -19.37430894630193, 
          40.06241426669427
        ], 
        [
          -41.253374483110136, 
          -20.19936228215752, 
          47.11585457043516
        ], 
        [
          -33.725822750303564, 
          -20.821559320072964, 
          49.011225488090425
        ], 
        [
          -32.64671199871743, 
          -16.78769302478346, 
          46.04969310652349
        ], 
        [
          -40.174263731524, 
          -16.16549598686802, 
          44.15432218886823
        ]
      ], 
      "cuboid_centroid": [
        -36.56750390015259, 
        -20.097934133187447, 
        44.53681987739235
      ], 
      "location": [
        -36.56750390015259, 
        -20.097934133187447, 
        44.53681987739235
      ], 
      "pose_transform_permuted": [
        [
          0.1455629138916149, 
          -0.6105047438767336, 
          -0.778521287957745, 
          0.0
        ], 
        [
          -0.9666322464832399, 
          0.0798979192523176, 
          -0.24338944627472114, 
          0.0
        ], 
        [
          -0.21079264256170677, 
          -0.7879722585238355, 
          0.5785033981219976, 
          0.0
        ], 
        [
          -36.56750390015259, 
          -20.097934133187447, 
          44.53681987739235, 
          1.0
        ]
      ], 
      "projected_cuboid": [
        [
          -24.473394490657803, 
          -16.878340770969878
        ], 
        [
          86.99841707601642, 
          -12.022073591915316
        ], 
        [
          72.97694883938262, 
          19.11372620108323
        ], 
        [
          -47.398551364991114, 
          15.371518115526221
        ], 
        [
          10.745365066327983, 
          44.643428971522646
        ], 
        [
          111.5484982585751, 
          46.71506936445581
        ], 
        [
          100.35181361060344, 
          78.8616712256061
        ], 
        [
          -7.693048085603805, 
          78.03100796573935
        ]
      ], 
      "projected_cuboid_centroid": [
        40.05930610230566, 
        32.61776360507676
      ], 
      "quaternion_xyzw": [
        0.07732525937665827, 
        0.9398305423006879, 
        -0.3162825872545228, 
        0.10346342842141196
      ], 
      "visibility": 0.6422511473739804
    }
  ]
}