{
  "camera_data": {
    "location_worldframe": [
      -26.84890148006598, 
      -14.690707919967613, 
      75.05902276465746
    ], 
    "quaternion_xyzw_worldframe": [
      0.9292106256259957, 
      0.010753023609937108, 
      0.0426732966530812, 
      -0.36692478394173017
    ]
  }, 
  "objects": [
    {
      "bounding_box": {
        "bottom_right": [
          318, 
          233
        ], 
        "top_left": [
          153, 
          6
        ]
      }, 
      "class": "003_cracker_box", 
      "cuboid": [
        [
          -30.81192465998627, 
          -0.5329538910936897, 
          53.574017492906165
        ], 
        [
          -47.11921903716853, 
          0.4282847554578466, 
          52.0819430820767
        ], 
        [
          -49.35913833383206, 
          -15.086077463954492, 
          66.56782840592558
        ], 
        [
          -33.05184395664981, 
          -16.047316110506028, 
          68.05990281675506
        ], 
        [
          -31.0010909610341, 
          4.380012950028201, 
          58.80654751800181
        ], 
        [
          -47.30838533821635, 
          5.3412515965797365, 
          57.31447310717234
        ], 
        [
          -49.548304634879884, 
          -10.173110622832601, 
          71.80035843102122
        ], 
        [
          -33.24101025769763, 
          -11.134349269384138, 
          73.2924328418507
        ]
      ], 
      "cuboid_centroid": [
        -40.18011464743308, 
        -5.353032256963146, 
        62.687187961963694
      ], 
      "location": [
        -40.18011464743308, 
        -5.353032256963146, 
        62.687187961963694
      ], 
      "pose_transform_permuted": [
        [
          0.026346282112877747, 
          -0.6842572365713689, 
          -0.7287646448741474, 
          0.0
        ], 
        [
          0.9941289526994311, 
          -0.05859924687001421, 
          0.09096017629160058, 
          0.0
        ], 
        [
          0.1049452182024535, 
          0.7268824956387246, 
          -0.6786960576800624, 
          0.0
        ], 
        [
          -40.18011464743308, 
          -5.353032256963146, 
          62.687187961963694, 
          1.0
        ]
      ], 
      "projected_cuboid": [
        [
          172.3138535087059, 
          267.98107909765525
        ], 
        [
          -4.925112051962922, 
          277.6721778739289
        ], 
        [
          82.8523724042524, 
          152.42183896043466
        ], 
        [
          220.44341375764114, 
          147.53925382628114
        ], 
        [
          198.10361580234084, 
          313.009099148254
        ], 
        [
          37.7170856027489, 
          322.9876679172114
        ], 
        [
          110.4945292282175, 
          197.7225820976309
        ], 
        [
          237.69986798710443, 
          192.2663523908822
        ]
      ], 
      "projected_cuboid_centroid": [
        136.91068911731696, 
        227.74490459827072
      ], 
      "quaternion_xyzw": [
        0.9286786437207845, 
        -0.0440261187705418, 
        0.031578861858631145, 
        0.3669065998951773
      ], 
      "visibility": 0.5857637117362897
    }, 
    {
      "bounding_box": {
        "bottom_right": [
          342, 
          286
        ], 
        "top_left": [
          223, 
          193
        ]
      }, 
      "class": "006_mustard_bottle", 
      "cuboid": [
        [
          -26.132003259031862, 
          6.705163745126145, 
          63.46049975877812
        ], 
        [
          -35.312476463506826, 
          5.209858026627589, 
          61.07532882981972
        ], 
        [
          -36.71175535308732, 
          -8.062041052777435, 
          74.7815117046997
        ], 
        [
          -27.531282148612355, 
          -6.566735334278878, 
          77.16668263365811
        ], 
        [
          -27.785683137309498, 
          10.80099667363298, 
          67.2577292576516
        ], 
        [
          -36.96615634178446, 
          9.305690955134423, 
          64.87255832869319
        ], 
        [
          -38.365435231364955, 
          -3.9662081242705995, 
          78.57874120357317
        ], 
        [
          -29.184962026889995, 
          -2.470902405772043, 
          80.96391213253158
        ]
      ], 
      "cuboid_centroid": [
        -32.24871924519841, 
        1.369477810427773, 
        71.01962048117565
      ], 
      "location": [
        -32.24871924519841, 
        1.369477810427773, 
        71.01962048117565
      ], 
      "pose_transform_permuted": [
        [
          0.28389840780236064, 
          -0.7031593371255539, 
          -0.6518960670387642, 
          0.0
        ], 
        [
          0.9560602943828459, 
          0.15572208464409362, 
          0.24839321129784772, 
          0.0
        ], 
        [
          0.07314540286126503, 
          0.6937704928773515, 
          -0.71647208825814, 
          0.0
        ], 
        [
          -32.24871924519841, 
          1.369477810427773, 
          71.01962048117565, 
          1.0
        ]
      ], 
      "projected_cuboid": [
        [
          260.15457936446944, 
          329.6364745126285
        ], 
        [
          170.67317255254892, 
          318.77985524025735
        ], 
        [
          217.59784509044624, 
          215.79045003453027
        ], 
        [
          289.7353433037842, 
          227.90207370558878
        ], 
        [
          259.4346385970495, 
          358.9329478051736
        ], 
        [
          175.16443763961382, 
          349.78895054494114
        ], 
        [
          219.03813420440852, 
          246.36759742312282
        ], 
        [
          287.74993367605856, 
          257.0103896779069
        ]
      ], 
      "projected_cuboid_centroid": [
        237.4081996911248, 
        283.5705880801409
      ], 
      "quaternion_xyzw": [
        0.9085327256487465, 
        0.02272253916991926, 
        0.14647012817290664, 
        0.39063849471409867
      ], 
      "visibility": 0.8546626331711167
    }, 
    {
      "bounding_box": {
        "bottom_right": [
          200, 
          205
        ], 
        "top_left": [
          132, 
          73
        ]
      }, 
      "class": "008_pudding_box", 
      "cuboid": [
        [
          -33.218153047391105, 
          -10.828351783524736, 
          59.40058103161754
        ], 
        [
          -44.48011798439509, 
          -10.527346675216181, 
          57.90061027685491
        ], 
        [
          -45.468566016081155, 
          -17.0297617948156, 
          64.0171843835646
        ], 
        [
          -34.20660107907716, 
          -17.33076690312415, 
          65.51715513832721
        ], 
        [
          -33.51634043788155, 
          -8.17642832618716, 
          62.1716011697197
        ], 
        [
          -44.778305374885555, 
          -7.875423217878606, 
          60.67163041495709
        ], 
        [
          -45.76675340657161, 
          -14.377838337478021, 
          66.78820452166676
        ], 
        [
          -34.504788469567615, 
          -14.678843445786576, 
          68.28817527642939
        ]
      ], 
      "cuboid_centroid": [
        -39.492453226981354, 
        -12.60309506050138, 
        63.09439277664215
      ], 
      "location": [
        -39.492453226981354, 
        -12.60309506050138, 
        63.09439277664215
      ], 
      "pose_transform_permuted": [
        [
          0.07750965376062663, 
          -0.6893305201129891, 
          -0.7202880414049538, 
          0.0
        ], 
        [
          0.9908990995067167, 
          -0.02648433842924175, 
          0.13197693994739862, 
          0.0
        ], 
        [
          0.11005133080589234, 
          0.7239626307350001, 
          -0.6810040577126244, 
          0.0
        ], 
        [
          -39.492453226981354, 
          -12.60309506050138, 
          63.09439277664215, 
          1.0
        ]
      ], 
      "projected_cuboid": [
        [
          180.8672254262107, 
          176.06573711845962
        ], 
        [
          68.47867800124156, 
          176.3196819521347
        ], 
        [
          99.64714453594254, 
          131.41360887075288
        ], 
        [
          200.8297007088032, 
          132.21146594425772
        ], 
        [
          191.69168532642058, 
          203.14761177223374
        ], 
        [
          84.70380538396365, 
          204.059497284999
        ], 
        [
          113.09317875696078, 
          158.47610395399684
        ], 
        [
          209.87456946212365, 
          158.64714929881643
        ]
      ], 
      "projected_cuboid_centroid": [
        144.99631288544853, 
        166.7560348965203
      ], 
      "quaternion_xyzw": [
        0.9267078519747568, 
        -0.03683352551297184, 
        0.05651365564174901, 
        0.3696781501595988
      ], 
      "visibility": 0.32248062015503876
    }, 
    {
      "bounding_box": {
        "bottom_right": [
          394, 
          205
        ], 
        "top_left": [
          204, 
          9
        ]
      }, 
      "class": "019_pitcher_base", 
      "cuboid": [
        [
          -54.59798551908328, 
          15.058446369310067, 
          63.46373948621271
        ], 
        [
          -36.0958270965683, 
          15.983438291834752, 
          67.01086473849685
        ], 
        [
          -38.488600678425215, 
          -1.1724973627405009, 
          83.9656023096705
        ], 
        [
          -56.9907591009402, 
          -2.097489285265185, 
          80.41847705738635
        ], 
        [
          -52.36966311631686, 
          5.678231121880752, 
          54.28668808210815
        ], 
        [
          -33.86750469380187, 
          6.603223044405437, 
          57.83381333439228
        ], 
        [
          -36.26027827565878, 
          -10.552712610169815, 
          74.78855090556593
        ], 
        [
          -54.762436698173765, 
          -11.4777045326945, 
          71.2414256532818
        ]
      ], 
      "cuboid_centroid": [
        -45.429131897371036, 
        2.2528668795701257, 
        69.12614519588932
      ], 
      "location": [
        -45.429131897371036, 
        2.2528668795701257, 
        69.12614519588932
      ], 
      "pose_transform_permuted": [
        [
          -0.16740961006748173, 
          0.7047176723492231, 
          0.6894543604745224, 
          0.0
        ], 
        [
          -0.9809328467014699, 
          -0.04904049241270457, 
          -0.1880586897956512, 
          0.0
        ], 
        [
          0.09871707213253611, 
          0.7077910548475495, 
          -0.6994903590095962, 
          0.0
        ], 
        [
          -45.429131897371036, 
          2.2528668795701257, 
          69.12614519588932, 
          1.0
        ]
      ], 
      "projected_cuboid": [
        [
          18.95757926856134, 
          399.83067808257425
        ], 
        [
          191.92707182126102, 
          400.4939793524454
        ], 
        [
          235.09393005111679, 
          265.8392525744918
        ], 
        [
          100.49585063444299, 
          259.37640000996737
        ], 
        [
          -37.176896403541235, 
          329.07022938089165
        ], 
        [
          166.68224076499916, 
          334.17873855736
        ], 
        [
          220.86902052746058, 
          198.03480195452684
        ], 
        [
          68.22426366583367, 
          187.36343157240162
        ]
      ], 
      "projected_cuboid_centroid": [
        128.1829965127544, 
        290.6677766104319
      ], 
      "quaternion_xyzw": [
        -0.09670069599582515, 
        0.38199719639587587, 
        0.9189910584471894, 
        0.013513890930497626
      ], 
      "visibility": 0.29033443720722
    }, 
    {
      "bounding_box": {
        "bottom_right": [
          229, 
          250
        ], 
        "top_left": [
          85, 
          25
        ]
      }, 
      "class": "035_power_drill", 
      "cuboid": [
        [
          -22.727717993633846, 
          -7.150453042128521, 
          46.639308500511
        ], 
        [
          -41.12894761104161, 
          -6.888840040106794, 
          45.536649806491155
        ], 
        [
          -42.06950335748169, 
          -20.846451390974774, 
          57.9212120028225
        ], 
        [
          -23.668273740073925, 
          -21.1080643929965, 
          59.02387069684234
        ], 
        [
          -22.929461841809644, 
          -3.349387172599955, 
          50.907853503093726
        ], 
        [
          -41.33069145921741, 
          -3.087774170578228, 
          49.80519480907389
        ], 
        [
          -42.27124720565749, 
          -17.045385521446207, 
          62.18975700540522
        ], 
        [
          -23.870017588249727, 
          -17.306998523467936, 
          63.292415699425064
        ]
      ], 
      "cuboid_centroid": [
        -32.49948259964567, 
        -12.097919281787364, 
        54.41453275295811
      ], 
      "location": [
        -32.49948259964567, 
        -12.097919281787364, 
        54.41453275295811
      ], 
      "pose_transform_permuted": [
        [
          0.03527483624268916, 
          -0.6646149426992999, 
          -0.746353493909002, 
          0.0
        ], 
        [
          0.9981085810619272, 
          -0.014190257263473085, 
          0.05980975876973919, 
          0.0
        ], 
        [
          0.05034124970658497, 
          0.7470515181911888, 
          -0.6628574014798873, 
          0.0
        ], 
        [
          -32.49948259964567, 
          -12.097919281787364, 
          54.41453275295811, 
          1.0
        ]
      ], 
      "projected_cuboid": [
        [
          219.54024756184816, 
          191.5212468886
        ], 
        [
          -4.114291108648132, 
          192.60529958697757
        ], 
        [
          91.0067417973257, 
          81.33922918046558
        ], 
        [
          265.9564167468417, 
          82.56126072128384
        ], 
        [
          239.38219107610573, 
          238.19777175283693
        ], 
        [
          35.33521259311062, 
          240.22230763574075
        ], 
        [
          116.07134861353487, 
          127.11073124047874
        ], 
        [
          278.7854617067138, 
          127.45293159305744
        ]
      ], 
      "projected_cuboid_centroid": [
        160.4135275693603, 
        154.71422021674317
      ], 
      "quaternion_xyzw": [
        0.9342796146178773, 
        -0.017267717811774046, 
        0.025443291688248538, 
        0.3552128087270015
      ], 
      "visibility": 0.8712357704188833
    }, 
    {
      "bounding_box": {
        "bottom_right": [
          133, 
          130
        ], 
        "top_left": [
          69, 
          22
        ]
      }, 
      "class": "061_foam_brick", 
      "cuboid": [
        [
          -48.828267696614915, 
          -23.199295397576158, 
          60.01990801569469
        ], 
        [
          -41.092273849347634, 
          -23.007892469410166, 
          60.892467053064436
        ], 
        [
          -40.75968356113773, 
          -19.50388826795859, 
          57.17513338416557
        ], 
        [
          -48.49567740840501, 
          -19.695291196124582, 
          56.30257434679583
        ], 
        [
          -49.32517312522546, 
          -19.369631098649325, 
          63.585338255321275
        ], 
        [
          -41.58917927795818, 
          -19.178228170483333, 
          64.45789729269102
        ], 
        [
          -41.25658898974827, 
          -15.67422396903176, 
          60.740563623792156
        ], 
        [
          -48.992582837015554, 
          -15.865626897197751, 
          59.86800458642241
        ]
      ], 
      "cuboid_centroid": [
        -45.0424283431816, 
        -19.436759683303958, 
        60.38023581974342
      ], 
      "location": [
        -45.0424283431816, 
        -19.436759683303958, 
        60.38023581974342
      ], 
      "pose_transform_permuted": [
        [
          0.09454060590629043, 
          -0.7286271439026677, 
          -0.6783543019714054, 
          0.0
        ], 
        [
          -0.9933988336173742, 
          -0.024578541470558934, 
          -0.11204754645604958, 
          0.0
        ], 
        [
          -0.06496792441283661, 
          -0.6844694152899904, 
          0.7261410250977882, 
          0.0
        ], 
        [
          -45.0424283431816, 
          -19.436759683303958, 
          60.38023581974342, 
          1.0
        ]
      ], 
      "projected_cuboid": [
        [
          44.107471252137366, 
          67.1442935104134
        ], 
        [
          118.69591963588164, 
          71.7745905226595
        ], 
        [
          98.2295122578029, 
          91.3577002926193
        ], 
        [
          18.399237853987085, 
          86.72518420651221
        ], 
        [
          64.4363838192532, 
          110.82450086478912
        ], 
        [
          134.62384958194733, 
          114.60738331712285
        ], 
        [
          116.33359879743233, 
          135.6623525117303
        ], 
        [
          41.52146656815386, 
          131.9514528718607
        ]
      ], 
      "projected_cuboid_centroid": [
        80.43604496425439, 
        101.6077687324444
      ], 
      "quaternion_xyzw": [
        0.011023305584543907, 
        0.9159998022487191, 
        -0.3970437999629192, 
        0.056383241528868165
      ], 
      "visibility": 0.956381837683232
    }
  ]
}