{
  "camera_data": {
    "location_worldframe": [
      -14.77757683382715, 
      -18.720402046431722, 
      60.63519150770092
    ], 
    "quaternion_xyzw_worldframe": [
      0.8604359593886176, 
      0.02152272913838767, 
      0.1540573338299494, 
      -0.4852360489190738
    ]
  }, 
  "objects": [
    {
      "bounding_box": {
        "bottom_right": [
          349, 
          317
        ], 
        "top_left": [
          100, 
          90
        ]
      }, 
      "class": "003_cracker_box", 
      "cuboid": [
        [
          -13.600436996544, 
          0.8408667340105758, 
          43.49682077313211
        ], 
        [
          -29.149305165915695, 
          3.445132046138695, 
          38.96596913986246
        ], 
        [
          -34.84932271922394, 
          -15.096305203870566, 
          47.8698139128997
        ], 
        [
          -19.30045454985224, 
          -17.700570515998688, 
          52.40066554616934
        ], 
        [
          -14.84772202313979, 
          4.209668718518833, 
          49.713560335518956
        ], 
        [
          -30.396590192511486, 
          6.813934030646952, 
          45.18270870224931
        ], 
        [
          -36.09660774581973, 
          -11.727503219362308, 
          54.08655347528655
        ], 
        [
          -20.54773957644803, 
          -14.331768531490429, 
          58.6174051085562
        ]
      ], 
      "cuboid_centroid": [
        -24.848522371181865, 
        -5.443318242675867, 
        48.791687124209325
      ], 
      "location": [
        -24.848522371181865, 
        -5.443318242675867, 
        48.791687124209325
      ], 
      "pose_transform_permuted": [
        [
          0.173716581673568, 
          -0.46919248816859116, 
          -0.8658411853785988, 
          0.0
        ], 
        [
          0.9478936033992129, 
          -0.15876180851435243, 
          0.2762107977471336, 
          0.0
        ], 
        [
          0.26705854393092626, 
          0.8687077167859272, 
          -0.4171649996225416, 
          0.0
        ], 
        [
          -24.848522371181865, 
          -5.443318242675867, 
          48.791687124209325, 
          1.0
        ]
      ], 
      "projected_cuboid": [
        [
          313.45085718474263, 
          283.5965028964345
        ], 
        [
          79.31148993365066, 
          320.43938512919465
        ], 
        [
          90.1037610518867, 
          105.09797528090103
        ], 
        [
          283.5253485144049, 
          93.13499236477892
        ], 
        [
          320.9855458714006, 
          318.44722957336324
        ], 
        [
          119.81724358813437, 
          353.71563489388757
        ], 
        [
          122.70090056295673, 
          157.64768272610084
        ], 
        [
          293.0893217621243, 
          142.8916014405797
        ]
      ], 
      "projected_cuboid_centroid": [
        207.7258009577594, 
        213.78811955492085
      ], 
      "quaternion_xyzw": [
        0.9594845628726575, 
        -0.11095028750915752, 
        0.11723153160318635, 
        0.23094626065098292
      ], 
      "visibility": 0.48331752555590685
    }, 
    {
      "bounding_box": {
        "bottom_right": [
          336, 
          358
        ], 
        "top_left": [
          178, 
          263
        ]
      }, 
      "class": "006_mustard_bottle", 
      "cuboid": [
        [
          -11.086382154605948, 
          4.84143436484026, 
          55.732386644742895
        ], 
        [
          -19.5375475386602, 
          4.7538749105729625, 
          51.17429441185234
        ], 
        [
          -24.20102819314343, 
          -11.492820042813324, 
          60.13295429273098
        ], 
        [
          -15.749862809089176, 
          -11.405260588546028, 
          64.69104652562152
        ], 
        [
          -13.459480052345388, 
          7.916245953919258, 
          60.07328475971705
        ], 
        [
          -21.91064543639964, 
          7.828686499651962, 
          55.51519252682651
        ], 
        [
          -26.574126090882867, 
          -8.418008453734325, 
          64.47385240770514
        ], 
        [
          -18.122960706828618, 
          -8.330448999467029, 
          69.03194464059568
        ]
      ], 
      "cuboid_centroid": [
        -18.830254122744407, 
        -1.7882870444470331, 
        60.10311952622401
      ], 
      "location": [
        -18.830254122744407, 
        -1.7882870444470331, 
        60.10311952622401
      ], 
      "pose_transform_permuted": [
        [
          0.40740576430612246, 
          -0.5278736990746746, 
          -0.7452313349528036, 
          0.0
        ], 
        [
          0.880109716024068, 
          0.009118497027145513, 
          0.4746826122075402, 
          0.0
        ], 
        [
          0.24377711530412458, 
          0.8492739055655991, 
          -0.4683017738375054, 
          0.0
        ], 
        [
          -18.830254122744407, 
          -1.7882870444470331, 
          60.10311952622401, 
          1.0
        ]
      ], 
      "projected_cuboid": [
        [
          374.6241262698364, 
          319.61564593559143
        ], 
        [
          276.2871535732553, 
          322.82966534436645
        ], 
        [
          265.1692832087537, 
          171.35663836505947
        ], 
        [
          350.67153984891183, 
          179.2604068593709
        ], 
        [
          361.110498414096, 
          343.56551488957876
        ], 
        [
          269.35324562151993, 
          348.4946320316249
        ], 
        [
          259.947388133102, 
          203.65383275254413
        ], 
        [
          340.41784815941054, 
          208.9280498763275
        ]
      ], 
      "projected_cuboid_centroid": [
        313.1160785386459, 
        257.41833498876497
      ], 
      "quaternion_xyzw": [
        0.9320159543353416, 
        -0.06294383083933461, 
        0.23660763863820217, 
        0.26720987668676577
      ], 
      "visibility": 0.2725714801118427
    }, 
    {
      "bounding_box": {
        "bottom_right": [
          185, 
          276
        ], 
        "top_left": [
          79, 
          126
        ]
      }, 
      "class": "008_pudding_box", 
      "cuboid": [
        [
          -17.44058471035664, 
          -10.398212463313968, 
          45.657873890220586
        ], 
        [
          -28.081852706215244, 
          -8.825608408089101, 
          41.988718332263964
        ], 
        [
          -30.529283850831558, 
          -16.604668953281116, 
          45.75265357724486
        ], 
        [
          -19.888015854972956, 
          -18.177273008505985, 
          49.42180913520148
        ], 
        [
          -18.29318687530847, 
          -8.550309575017783, 
          48.92260830712782
        ], 
        [
          -28.934454871167077, 
          -6.9777055197929165, 
          45.253452749171196
        ], 
        [
          -31.381886015783394, 
          -14.756766064984934, 
          49.01738799415209
        ], 
        [
          -20.74061801992479, 
          -16.329370120209795, 
          52.68654355210871
        ]
      ], 
      "cuboid_centroid": [
        -24.411235363070016, 
        -12.577489264149449, 
        47.33763094218634
      ], 
      "location": [
        -24.411235363070016, 
        -12.577489264149449, 
        47.33763094218634
      ], 
      "pose_transform_permuted": [
        [
          0.22162204274393354, 
          -0.4803365857272381, 
          -0.848622183046275, 
          0.0
        ], 
        [
          0.9362862461114224, 
          -0.13836767836869865, 
          0.32283557608877606, 
          0.0
        ], 
        [
          0.2724908603048947, 
          0.8661011383245864, 
          -0.41906713301940474, 
          0.0
        ], 
        [
          -24.411235363070016, 
          -12.577489264149449, 
          47.33763094218634, 
          1.0
        ]
      ], 
      "projected_cuboid": [
        [
          276.1797312359842, 
          151.82730512286344
        ], 
        [
          121.94308252000151, 
          161.18809858189084
        ], 
        [
          122.76432254528713, 
          79.7328436605647
        ], 
        [
          265.1934307081383, 
          77.1323333151476
        ], 
        [
          280.51585096210124, 
          180.07712629378503
        ], 
        [
          137.7579195957922, 
          191.05310001740918
        ], 
        [
          137.31007622467746, 
          112.72979171680807
        ], 
        [
          269.90054610537624, 
          107.99247466250874
        ]
      ], 
      "projected_cuboid_centroid": [
        204.2810364257525, 
        131.58486854453363
      ], 
      "quaternion_xyzw": [
        0.9553807575362668, 
        -0.10751172645896549, 
        0.14247136927813878, 
        0.23535216500121448
      ], 
      "visibility": 0.8663440567066522
    }, 
    {
      "bounding_box": {
        "bottom_right": [
          403, 
          285
        ], 
        "top_left": [
          161, 
          61
        ]
      }, 
      "class": "019_pitcher_base", 
      "cuboid": [
        [
          -38.67484614027264, 
          15.124265255443792, 
          52.09533967604244
        ], 
        [
          -21.404434660387224, 
          13.62211802929869, 
          59.5279714394487
        ], 
        [
          -27.832992081744777, 
          -7.133203952956105, 
          70.27063770991269
        ], 
        [
          -45.1034035616302, 
          -5.631056726811004, 
          62.838005946506435
        ], 
        [
          -34.653310370204395, 
          8.331586394251456, 
          41.3781154444083
        ], 
        [
          -17.38289889031897, 
          6.829439168106354, 
          48.81074720781455
        ], 
        [
          -23.811456311676526, 
          -13.925882814148437, 
          59.55341347827855
        ], 
        [
          -41.08186779156195, 
          -12.423735588003339, 
          52.12078171487229
        ]
      ], 
      "cuboid_centroid": [
        -31.243151225974586, 
        0.5991912206476755, 
        55.82437657716049
      ], 
      "location": [
        -31.243151225974586, 
        0.5991912206476755, 
        55.82437657716049
      ], 
      "pose_transform_permuted": [
        [
          -0.3021303085692326, 
          0.5103210011504916, 
          0.8051646060714577, 
          0.0
        ], 
        [
          -0.9156290585024058, 
          0.07963965722583724, 
          -0.3940574103662233, 
          0.0
        ], 
        [
          0.2652187283762202, 
          0.8562885484828056, 
          -0.44320305488084144, 
          0.0
        ], 
        [
          -31.243151225974586, 
          0.5991912206476755, 
          55.82437657716049, 
          1.0
        ]
      ], 
      "projected_cuboid": [
        [
          82.36863947487278, 
          428.11932901346177
        ], 
        [
          288.23360476764736, 
          395.32903554383836
        ], 
        [
          268.5979824574801, 
          219.14902787984894
        ], 
        [
          95.60475199668858, 
          225.49455634356343
        ], 
        [
          31.2308980946205, 
          380.6717616730821
        ], 
        [
          290.08396832994515, 
          347.9068595044799
        ], 
        [
          266.58094040853547, 
          148.57586929003014
        ], 
        [
          57.7287087833222, 
          146.16216902110116
        ]
      ], 
      "projected_cuboid_centroid": [
        180.62742889569236, 
        279.0109263513427
      ], 
      "quaternion_xyzw": [
        -0.184048338549711, 
        0.2520793077879884, 
        0.9456587932569376, 
        0.0911688201022096
      ], 
      "visibility": 0.2383449219195258
    }, 
    {
      "bounding_box": {
        "bottom_right": [
          250, 
          410
        ], 
        "top_left": [
          25, 
          131
        ]
      }, 
      "class": "035_power_drill", 
      "cuboid": [
        [
          -4.312404081911242, 
          -4.345066835172609, 
          36.858179269509804
        ], 
        [
          -22.002797712244348, 
          -2.350317888376442, 
          32.06646779718443
        ], 
        [
          -25.939631784440063, 
          -18.946404783457417, 
          39.69196304587221
        ], 
        [
          -8.249238154106955, 
          -20.941153730253586, 
          44.48367451819759
        ], 
        [
          -5.38023567331212, 
          -1.7920396633858526, 
          41.86328333599739
        ], 
        [
          -23.070629303645227, 
          0.2027092834103142, 
          37.07157186367201
        ], 
        [
          -27.00746337584094, 
          -16.39337761167066, 
          44.69706711235979
        ], 
        [
          -9.317069745507833, 
          -18.388126558466826, 
          49.488778584685164
        ]
      ], 
      "cuboid_centroid": [
        -15.65993372887609, 
        -10.369222223421636, 
        40.7776231909348
      ], 
      "location": [
        -15.65993372887609, 
        -10.369222223421636, 
        40.7776231909348
      ], 
      "pose_transform_permuted": [
        [
          0.18670995354769215, 
          -0.4463958441470676, 
          -0.8751405701804497, 
          0.0
        ], 
        [
          0.9595518371280514, 
          -0.10819798906144894, 
          0.25990917117714807, 
          0.0
        ], 
        [
          0.2107106865615451, 
          0.8882703207115832, 
          -0.4081384457045831, 
          0.0
        ], 
        [
          -15.65993372887609, 
          -10.369222223421636, 
          40.7776231909348, 
          1.0
        ]
      ], 
      "projected_cuboid": [
        [
          418.6787212250357, 
          210.41557475667366
        ], 
        [
          112.60373387445107, 
          234.19677716098502
        ], 
        [
          130.15563009971817, 
          18.713875751867846
        ], 
        [
          381.87186650452537, 
          22.220781847172574
        ], 
        [
          412.4840678806475, 
          250.45675087103706
        ], 
        [
          146.93215783214197, 
          276.2027572054507
        ], 
        [
          156.66205759224755, 
          77.68289149059521
        ], 
        [
          380.35422165581195, 
          75.12549477285238
        ]
      ], 
      "projected_cuboid_centroid": [
        275.0781937480582, 
        137.6702651027946
      ], 
      "quaternion_xyzw": [
        0.96474902539729, 
        -0.08264032075380053, 
        0.1157345363839366, 
        0.22143953177349615
      ], 
      "visibility": 0.8637931560792454
    }, 
    {
      "bounding_box": {
        "bottom_right": [
          91, 
          166
        ], 
        "top_left": [
          0, 
          26
        ]
      }, 
      "class": "061_foam_brick", 
      "cuboid": [
        [
          -33.04038724701155, 
          -21.225353569377912, 
          39.61489461583907
        ], 
        [
          -25.687948846218084, 
          -21.88127980531779, 
          42.09582296932021
        ], 
        [
          -24.47076049058982, 
          -17.563101829369153, 
          39.63025552459556
        ], 
        [
          -31.823198891383292, 
          -16.907175593429276, 
          37.149327171114415
        ], 
        [
          -34.23959955343051, 
          -18.43720923917764, 
          43.90601072696989
        ], 
        [
          -26.887161152637034, 
          -19.093135475117517, 
          46.386939080451036
        ], 
        [
          -25.66997279700877, 
          -14.774957499168881, 
          43.92137163572638
        ], 
        [
          -33.02241119780224, 
          -14.119031263229004, 
          41.44044328224524
        ]
      ], 
      "cuboid_centroid": [
        -29.355180022010163, 
        -18.000155534273397, 
        41.768133125782725
      ], 
      "location": [
        -29.355180022010163, 
        -18.000155534273397, 
        41.768133125782725
      ], 
      "pose_transform_permuted": [
        [
          0.22816063486395588, 
          -0.5304688561531414, 
          -0.8164223890548656, 
          0.0
        ], 
        [
          -0.944145493881424, 
          0.08422917217700243, 
          -0.3185823801433134, 
          0.0
        ], 
        [
          -0.23776461276203076, 
          -0.8435094778400267, 
          0.4816219987834515, 
          0.0
        ], 
        [
          -29.355180022010163, 
          -18.000155534273397, 
          41.768133125782725, 
          1.0
        ]
      ], 
      "projected_cuboid": [
        [
          33.08063180480257, 
          -12.461962123240319
        ], 
        [
          153.43969843764066, 
          -3.9313473543202933
        ], 
        [
          149.54030320977387, 
          36.93312509419598
        ], 
        [
          20.932701815103588, 
          30.56537647678763
        ], 
        [
          62.227959491413785, 
          49.332583079370146
        ], 
        [
          169.89407476107618, 
          53.76907778947328
        ], 
        [
          167.29933214623628, 
          93.88016059911806
        ], 
        [
          53.072103681424174, 
          91.58105242955183
        ]
      ], 
      "projected_cuboid_centroid": [
        103.64961558494413, 
        43.450183609430596
      ], 
      "quaternion_xyzw": [
        0.08480480135790479, 
        0.9492203854711924, 
        -0.2665584490250364, 
        0.1439979122276926
      ], 
      "visibility": 0.8280962936110261
    }
  ]
}