{
  "camera_data": {
    "location_worldframe": [
      -17.888310294508628, 
      -19.504618938635307, 
      60.68040098634425
    ], 
    "quaternion_xyzw_worldframe": [
      0.8760398973359427, 
      0.0055482945244518045, 
      0.13682377635704804, 
      -0.4623894383305266
    ]
  }, 
  "objects": [
    {
      "bounding_box": {
        "bottom_right": [
          334, 
          277
        ], 
        "top_left": [
          90, 
          36
        ]
      }, 
      "class": "003_cracker_box", 
      "cuboid": [
        [
          -17.222632352931477, 
          -0.8479435902030603, 
          42.53546725700617
        ], 
        [
          -32.92921382263466, 
          1.8332035249373186, 
          38.63766475178513
        ], 
        [
          -38.5009218580577, 
          -16.12603419210423, 
          48.73595160338476
        ], 
        [
          -22.794340388354524, 
          -18.80718130724461, 
          52.6337541086058
        ], 
        [
          -18.102954661664672, 
          2.850135921542614, 
          48.6265786574401
        ], 
        [
          -33.80953613136785, 
          5.531283036682994, 
          44.72877615221906
        ], 
        [
          -39.38124416679089, 
          -12.427954680358555, 
          54.8270630038187
        ], 
        [
          -23.67466269708772, 
          -15.109101795498933, 
          58.724865509039724
        ]
      ], 
      "cuboid_centroid": [
        -28.30193825986119, 
        -6.637949135280808, 
        48.681265130412434
      ], 
      "location": [
        -28.30193825986119, 
        -6.637949135280808, 
        48.681265130412434
      ], 
      "pose_transform_permuted": [
        [
          0.12260756682175213, 
          -0.515052869103114, 
          -0.8483442264710122, 
          0.0
        ], 
        [
          0.9575081571356494, 
          -0.16344869430560705, 
          0.2376187142219332, 
          0.0
        ], 
        [
          0.2610469566509867, 
          0.8414303692869913, 
          -0.47312727681334854, 
          0.0
        ], 
        [
          -28.30193825986119, 
          -6.637949135280808, 
          48.681265130412434, 
          1.0
        ]
      ], 
      "projected_cuboid": [
        [
          263.8561444334962, 
          262.65482399678984
        ], 
        [
          23.284009982179082, 
          298.59043111442475
        ], 
        [
          56.76879043263509, 
          96.81866261241598
        ], 
        [
          248.70514872336466, 
          82.71988991929628
        ], 
        [
          281.3954941150376, 
          304.54584808767163
        ], 
        [
          75.112618701176, 
          339.238299180675
        ], 
        [
          95.33132860074574, 
          152.39602795471617
        ], 
        [
          264.7999487947626, 
          136.07072996182396
        ]
      ], 
      "projected_cuboid_centroid": [
        168.9559742076729, 
        200.56557938564887
      ], 
      "quaternion_xyzw": [
        0.9548930244919653, 
        -0.11113696510204361, 
        0.09431063789457923, 
        0.2587148823404085
      ], 
      "visibility": 0.5131227343345417
    }, 
    {
      "bounding_box": {
        "bottom_right": [
          327, 
          331
        ], 
        "top_left": [
          173, 
          238
        ]
      }, 
      "class": "006_mustard_bottle", 
      "cuboid": [
        [
          -14.038434401049745, 
          3.7066162027506997, 
          54.41618351604261
        ], 
        [
          -22.70476725963519, 
          3.5586663358777977, 
          50.28352657028723
        ], 
        [
          -27.19911657518842, 
          -12.12681149819848, 
          60.26988451154285
        ], 
        [
          -18.532783716602978, 
          -11.978861631325577, 
          64.40254145729823
        ], 
        [
          -16.14078990663522, 
          7.039893617043493, 
          58.70556801648974
        ], 
        [
          -24.80712276522066, 
          6.89194375017059, 
          54.572911070734364
        ], 
        [
          -29.301472080773895, 
          -8.793534083905687, 
          64.55926901198998
        ], 
        [
          -20.635139222188453, 
          -8.645584217032784, 
          68.69192595774535
        ]
      ], 
      "cuboid_centroid": [
        -21.66995324091182, 
        -2.5434589405774934, 
        59.487726264016295
      ], 
      "location": [
        -21.66995324091182, 
        -2.5434589405774934, 
        59.487726264016295
      ], 
      "pose_transform_permuted": [
        [
          0.3609255869351736, 
          -0.5722462751780645, 
          -0.736387644383381, 
          0.0
        ], 
        [
          0.9025173931078188, 
          0.015407592846898289, 
          0.430377511936561, 
          0.0
        ], 
        [
          0.2349360043471741, 
          0.8199370431357826, 
          -0.5220232936901714, 
          0.0
        ], 
        [
          -21.66995324091182, 
          -2.5434589405774934, 
          59.487726264016295, 
          1.0
        ]
      ], 
      "projected_cuboid": [
        [
          342.8632513364094, 
          309.61416848576175
        ], 
        [
          238.77784582317324, 
          311.0306378158533
        ], 
        [
          238.9102557865494, 
          165.9781184311105
        ], 
        [
          326.8475202895383, 
          174.0891872632298
        ], 
        [
          333.7416556499642, 
          337.2415128886918
        ], 
        [
          237.1465212500181, 
          340.63879198371563
        ], 
        [
          237.52247538763766, 
          200.64377104801707
        ], 
        [
          320.0520953401652, 
          206.16279226297567
        ]
      ], 
      "projected_cuboid_centroid": [
        285.7025232374248, 
        250.48391049519643
      ], 
      "quaternion_xyzw": [
        0.9298981235365223, 
        -0.05901947910846968, 
        0.2127391912197615, 
        0.2941907132543153
      ], 
      "visibility": 0.4689382360873865
    }, 
    {
      "bounding_box": {
        "bottom_right": [
          171, 
          235
        ], 
        "top_left": [
          67, 
          80
        ]
      }, 
      "class": "008_pudding_box", 
      "cuboid": [
        [
          -21.144383923581618, 
          -11.887689263036714, 
          45.447176141128985
        ], 
        [
          -31.92528458633368, 
          -10.290457286116004, 
          42.223296258991255
        ], 
        [
          -34.31741593685965, 
          -17.822734232063517, 
          46.491014889968326
        ], 
        [
          -23.536515274107586, 
          -19.419966208984228, 
          49.71489477210606
        ], 
        [
          -21.80264304808767, 
          -9.863082309234619, 
          48.651521309305046
        ], 
        [
          -32.583543710839734, 
          -8.265850332313907, 
          45.42764142716732
        ], 
        [
          -34.9756750613657, 
          -15.798127278261424, 
          49.69536005814439
        ], 
        [
          -24.19477439861364, 
          -17.395359255182132, 
          52.91923994028211
        ]
      ], 
      "cuboid_centroid": [
        -28.06002949247366, 
        -13.842908270649069, 
        47.57126809963669
      ], 
      "location": [
        -28.06002949247366, 
        -13.842908270649069, 
        47.57126809963669
      ], 
      "pose_transform_permuted": [
        [
          0.1711052796072903, 
          -0.5262683433140725, 
          -0.8329248400019613, 
          0.0
        ], 
        [
          0.9485720137070779, 
          -0.14053459911189423, 
          0.2836573981536419, 
          0.0
        ], 
        [
          0.26633391958788666, 
          0.8386248698235518, 
          -0.4751571147781894, 
          0.0
        ], 
        [
          -28.06002949247366, 
          -13.842908270649069, 
          47.57126809963669, 
          1.0
        ]
      ], 
      "projected_cuboid": [
        [
          231.4013513733136, 
          133.78529673944553
        ], 
        [
          74.9905075358779, 
          143.30847192025718
        ], 
        [
          84.64571151632167, 
          68.83384504473591
        ], 
        [
          227.0035297282389, 
          64.95765925705939
        ], 
        [
          240.6040516301031, 
          165.16710400727823
        ], 
        [
          95.87910464406242, 
          176.24562378710112
        ], 
        [
          103.11788058906063, 
          103.7445395922665
        ], 
        [
          235.73036531216616, 
          97.97627733605917
        ]
      ], 
      "projected_cuboid_centroid": [
        164.3956405230222, 
        118.09424726267386
      ], 
      "quaternion_xyzw": [
        0.9513308735046645, 
        -0.1069208752788853, 
        0.11950696924341499, 
        0.2631643432329309
      ], 
      "visibility": 0.7294924554183814
    }, 
    {
      "bounding_box": {
        "bottom_right": [
          397, 
          253
        ], 
        "top_left": [
          156, 
          24
        ]
      }, 
      "class": "019_pitcher_base", 
      "cuboid": [
        [
          -41.59161911322913, 
          14.336934306224169, 
          51.60442121472997
        ], 
        [
          -24.00346965032468, 
          12.866891878579489, 
          58.25750678726153
        ], 
        [
          -30.250023837749406, 
          -7.19712547967542, 
          70.33767184973225
        ], 
        [
          -47.83817330065386, 
          -5.727083052030742, 
          63.68458627720067
        ], 
        [
          -38.22225151231143, 
          6.941147319366131, 
          41.06298734133015
        ], 
        [
          -20.634102049406984, 
          5.471104891721453, 
          47.716072913861716
        ], 
        [
          -26.88065623683171, 
          -14.592912466533459, 
          59.79623797633242
        ], 
        [
          -44.468805699736166, 
          -13.12287003888878, 
          53.143152403800855
        ]
      ], 
      "cuboid_centroid": [
        -34.23613767503042, 
        -0.1279890801546446, 
        55.700329595531194
      ], 
      "location": [
        -34.23613767503042, 
        -0.1279890801546446, 
        55.700329595531194
      ], 
      "pose_transform_permuted": [
        [
          -0.25313415847875476, 
          0.5556313637896129, 
          0.791957811897915, 
          0.0
        ], 
        [
          -0.932474640356724, 
          0.07793755033286669, 
          -0.3527280450733901, 
          0.0
        ], 
        [
          0.2577099417075883, 
          0.8277678522705079, 
          -0.4983833551519774, 
          0.0
        ], 
        [
          -34.23613767503042, 
          -0.1279890801546446, 
          55.700329595531194, 
          1.0
        ]
      ], 
      "projected_cuboid": [
        [
          48.17536459743873, 
          421.45538956745094
        ], 
        [
          260.0255842768709, 
          391.0767729540839
        ], 
        [
          250.32165251904092, 
          218.71595212168262
        ], 
        [
          77.64299192008995, 
          225.32570908006204
        ], 
        [
          -18.96445540180501, 
          363.43706123301376
        ], 
        [
          249.04906284649945, 
          334.4367375296226
        ], 
        [
          239.85193280026675, 
          143.13309928208022
        ], 
        [
          31.610146233550495, 
          141.5916109291079
        ]
      ], 
      "projected_cuboid_centroid": [
        151.06109049862417, 
        272.0610679819901
      ], 
      "quaternion_xyzw": [
        -0.16072933239398338, 
        0.2796198229822949, 
        0.9423640889440166, 
        0.0890440053845247
      ], 
      "visibility": 0.22971792772841068
    }, 
    {
      "bounding_box": {
        "bottom_right": [
          223, 
          354
        ], 
        "top_left": [
          5, 
          63
        ]
      }, 
      "class": "035_power_drill", 
      "cuboid": [
        [
          -8.364718633292599, 
          -6.539960007459335, 
          35.72572531647765
        ], 
        [
          -26.23328208980984, 
          -4.438246769112332, 
          31.702444260540492
        ], 
        [
          -30.07389452405696, 
          -20.553284769553652, 
          40.34143649940018
        ], 
        [
          -12.205331067539719, 
          -22.654998007900655, 
          44.364717555337336
        ], 
        [
          -9.139758678463245, 
          -3.720342150763885, 
          40.64083943869615
        ], 
        [
          -27.008322134980485, 
          -1.618628912416882, 
          36.61755838275899
        ], 
        [
          -30.848934569227605, 
          -17.733666912858205, 
          45.25655062161868
        ], 
        [
          -12.980371112710365, 
          -19.835380151205207, 
          49.27983167755583
        ]
      ], 
      "cuboid_centroid": [
        -19.606826601260103, 
        -12.13681346015877, 
        40.49113796904816
      ], 
      "location": [
        -19.606826601260103, 
        -12.13681346015877, 
        40.49113796904816
      ], 
      "pose_transform_permuted": [
        [
          0.13551546142362395, 
          -0.49300912548879117, 
          -0.8594058621520081, 
          0.0
        ], 
        [
          0.9692160191473043, 
          -0.1139998827111592, 
          0.2182284243742002, 
          0.0
        ], 
        [
          0.20556062765065075, 
          0.8625231998016434, 
          -0.4623837206414754, 
          0.0
        ], 
        [
          -19.606826601260103, 
          -12.13681346015877, 
          40.49113796904816, 
          1.0
        ]
      ], 
      "projected_cuboid": [
        [
          355.6865477535789, 
          175.6569247479297
        ], 
        [
          36.60566522626948, 
          198.62340167999113
        ], 
        [
          80.70261033349088, 
          1.5691620704614808
        ], 
        [
          333.6509480533887, 
          0.9450296816011774
        ], 
        [
          360.65878591989986, 
          224.4654173426168
        ], 
        [
          84.95391571043885, 
          249.71187776363698
        ], 
        [
          115.03252160213631, 
          64.3065844464084
        ], 
        [
          339.9493344252668, 
          58.622722903919225
        ]
      ], 
      "projected_cuboid_centroid": [
        221.1982169348152, 
        113.42932921279824
      ], 
      "quaternion_xyzw": [
        0.9606176504079232, 
        -0.08316537548162622, 
        0.09206157248089496, 
        0.24864024873074164
      ], 
      "visibility": 0.8330858330858331
    }, 
    {
      "bounding_box": {
        "bottom_right": [
          76, 
          126
        ], 
        "top_left": [
          0, 
          0
        ]
      }, 
      "class": "061_foam_brick", 
      "cuboid": [
        [
          -37.20801686857752, 
          -22.692952695901084, 
          40.72439043458315
        ], 
        [
          -29.754360345973623, 
          -23.369217702234703, 
          42.87596317186539
        ], 
        [
          -28.586262755308788, 
          -19.203977623406978, 
          40.138527427607436
        ], 
        [
          -36.03991927791269, 
          -18.527712617073355, 
          37.986954690325184
        ], 
        [
          -38.14548745622369, 
          -19.671519629870524, 
          44.921726204556364
        ], 
        [
          -30.69183093361979, 
          -20.347784636204146, 
          47.07329894183861
        ], 
        [
          -29.523733342954955, 
          -16.182544557376417, 
          44.33586319758064
        ], 
        [
          -36.977389865558855, 
          -15.506279551042798, 
          42.1842904602984
        ]
      ], 
      "cuboid_centroid": [
        -33.36587510576624, 
        -19.43774862663875, 
        42.530126816081896
      ], 
      "location": [
        -33.36587510576624, 
        -19.43774862663875, 
        42.530126816081896
      ], 
      "pose_transform_permuted": [
        [
          0.17836198252697888, 
          -0.5748540795107917, 
          -0.798579858535667, 
          0.0
        ], 
        [
          -0.9571431728005904, 
          0.08684092590706716, 
          -0.27628897978171774, 
          0.0
        ], 
        [
          -0.22817526147736722, 
          -0.8136347097176985, 
          0.5347285378510591, 
          0.0
        ], 
        [
          -33.36587510576624, 
          -19.43774862663875, 
          42.530126816081896, 
          1.0
        ]
      ], 
      "projected_cuboid": [
        [
          -9.7333703146992, 
          -23.896450973089472
        ], 
        [
          108.4083828498535, 
          -17.395245516545067
        ], 
        [
          98.60684749875138, 
          18.123780458372373
        ], 
        [
          -28.603655110321313, 
          13.165871541991928
        ], 
        [
          24.95231543452773, 
          39.74238160657555
        ], 
        [
          130.974472243155, 
          42.75516957140203
        ], 
        [
          123.49416280761804, 
          78.62543756421307
        ], 
        [
          10.210457487999758, 
          77.24667440993608
        ]
      ], 
      "projected_cuboid_centroid": [
        59.70867141968713, 
        29.54092113496534
      ], 
      "quaternion_xyzw": [
        0.08336962279118537, 
        0.9446371976920499, 
        -0.29365311361674035, 
        0.12032422696764057
      ], 
      "visibility": 0.680772025844647
    }
  ]
}