{
  "camera_data": {
    "location_worldframe": [
      -9.065211693454886, 
      -13.585636186932252, 
      66.9212294763304
    ], 
    "quaternion_xyzw_worldframe": [
      -0.8349339537395426, 
      -0.06223044918844357, 
      -0.1879637266043759, 
      0.5134995794737771
    ]
  }, 
  "objects": [
    {
      "bounding_box": {
        "bottom_right": [
          396, 
          401
        ], 
        "top_left": [
          167, 
          200
        ]
      }, 
      "class": "003_cracker_box", 
      "cuboid": [
        [
          -7.114012334860048, 
          7.074980964872236, 
          51.20230333949245
        ], 
        [
          -22.225536224028563, 
          9.28621598921859, 
          45.216453266081864
        ], 
        [
          -27.874451843786275, 
          -10.022718017803458, 
          52.34445207217886
        ], 
        [
          -12.762927954617757, 
          -12.233953042149812, 
          58.33030214558944
        ], 
        [
          -9.161057633135531, 
          9.977395165104287, 
          57.44233498140279
        ], 
        [
          -24.272581522304044, 
          12.188630189450642, 
          51.456484907992206
        ], 
        [
          -29.921497142061753, 
          -7.120303817571407, 
          58.584483714089195
        ], 
        [
          -14.809973252893238, 
          -9.33153884191776, 
          64.57033378749978
        ]
      ], 
      "cuboid_centroid": [
        -18.5177547384609, 
        -0.022661426349585012, 
        54.893393526790824
      ], 
      "location": [
        -18.5177547384609, 
        -0.022661426349585012, 
        54.893393526790824
      ], 
      "pose_transform_permuted": [
        [
          0.28510380880456737, 
          -0.4042359706996871, 
          -0.869085207673914, 
          0.0
        ], 
        [
          0.9212321228867969, 
          -0.13480180758873256, 
          0.3649107403630313, 
          0.0
        ], 
        [
          0.26466430429246407, 
          0.9046666527861474, 
          -0.33396265265758973, 
          0.0
        ], 
        [
          -18.5177547384609, 
          -0.022661426349585012, 
          54.893393526790824, 
          1.0
        ]
      ], 
      "projected_cuboid": [
        [
          406.8805113241068, 
          346.97904111183936
        ], 
        [
          217.26643732870045, 
          382.8157133783545
        ], 
        [
          195.22713637582547, 
          171.16851813615918
        ], 
        [
          363.9319248546304, 
          161.4303243672898
        ], 
        [
          395.8330213540183, 
          365.9210075291993
        ], 
        [
          227.9279545873763, 
          399.6153220732418
        ], 
        [
          206.93894287697015, 
          208.46737045967996
        ], 
        [
          358.254502120111, 
          196.2125612246298
        ]
      ], 
      "projected_cuboid_centroid": [
        300.1875852004563, 
        273.0663697302426
      ], 
      "quaternion_xyzw": [
        0.9611170562614705, 
        -0.10390672740608468, 
        0.1690778831082265, 
        0.19201579520102988
      ], 
      "visibility": 0.5417595420897658
    }, 
    {
      "bounding_box": {
        "bottom_right": [
          372, 
          410
        ], 
        "top_left": [
          224, 
          321
        ]
      }, 
      "class": "006_mustard_bottle", 
      "cuboid": [
        [
          -6.074864187504381, 
          10.382277784987426, 
          63.85209084088424
        ], 
        [
          -13.99756496217868, 
          10.221087280418773, 
          58.428909314656494
        ], 
        [
          -18.73735751335721, 
          -6.758454308450529, 
          65.85792469948653
        ], 
        [
          -10.814656738682913, 
          -6.5972638038818765, 
          71.28110622571427
        ], 
        [
          -9.032760132461826, 
          13.063728945066892, 
          68.09356789965621
        ], 
        [
          -16.95546090713612, 
          12.90253844049824, 
          62.670386373428464
        ], 
        [
          -21.695253458314657, 
          -4.077003148371064, 
          70.09940175825851
        ], 
        [
          -13.772552683640358, 
          -3.9158126438024117, 
          75.52258328448625
        ]
      ], 
      "cuboid_centroid": [
        -13.885058822909519, 
        3.152637318308181, 
        66.97574629957137
      ], 
      "location": [
        -13.885058822909519, 
        3.152637318308181, 
        66.97574629957137
      ], 
      "pose_transform_permuted": [
        [
          0.5078019998000437, 
          -0.4603428541074285, 
          -0.728163049894374, 
          0.0
        ], 
        [
          0.8250750768762255, 
          0.016786481243091678, 
          0.5647735591591903, 
          0.0
        ], 
        [
          0.24776621602482413, 
          0.887582467773665, 
          -0.388341686015745, 
          0.0
        ], 
        [
          -13.885058822909519, 
          3.152637318308181, 
          66.97574629957137, 
          1.0
        ]
      ], 
      "projected_cuboid": [
        [
          430.4344003492963, 
          360.00369927932604
        ], 
        [
          352.7672336315227, 
          366.58121131844825
        ], 
        [
          328.5968537786454, 
          218.55635856701824
        ], 
        [
          400.00836254506123, 
          223.92633345802253
        ], 
        [
          410.26150055417025, 
          375.6037272629661
        ], 
        [
          336.10511813319124, 
          383.0860273596233
        ], 
        [
          315.163028655874, 
          242.26850408757915
        ], 
        [
          383.5286113703944, 
          245.63415274585245
        ]
      ], 
      "projected_cuboid_centroid": [
        370.1106664455319, 
        298.39059897941894
      ], 
      "quaternion_xyzw": [
        0.9274724516857986, 
        -0.06226053786338816, 
        0.28911251137693955, 
        0.2287627353730512
      ], 
      "visibility": 0.023634971003392055
    }, 
    {
      "bounding_box": {
        "bottom_right": [
          252, 
          368
        ], 
        "top_left": [
          154, 
          236
        ]
      }, 
      "class": "008_pudding_box", 
      "cuboid": [
        [
          -10.587954628628657, 
          -4.436988176625142, 
          52.27015886504234
        ], 
        [
          -20.860970731166038, 
          -3.095998948842845, 
          47.59690960669352
        ], 
        [
          -23.289510647045578, 
          -11.201332449860713, 
          50.609661407965525
        ], 
        [
          -13.0164945445082, 
          -12.54232167764301, 
          55.282910666314336
        ], 
        [
          -11.863206499458354, 
          -2.8428620789813177, 
          55.53093499963801
        ], 
        [
          -22.13622260199573, 
          -1.5018728511990203, 
          50.8576857412892
        ], 
        [
          -24.564762517875273, 
          -9.607206352216888, 
          53.8704375425612
        ], 
        [
          -14.291746415337894, 
          -10.948195579999185, 
          58.54368680091001
        ]
      ], 
      "cuboid_centroid": [
        -17.576358573251966, 
        -7.022097264421015, 
        53.07029820380177
      ], 
      "location": [
        -17.576358573251966, 
        -7.022097264421015, 
        53.07029820380177
      ], 
      "pose_transform_permuted": [
        [
          0.3314839396898157, 
          -0.4143708480627637, 
          -0.8475932827599473, 
          0.0
        ], 
        [
          0.9038851090518786, 
          -0.11798873692916861, 
          0.41118210789778703, 
          0.0
        ], 
        [
          0.27038755816214666, 
          0.9024275529094369, 
          -0.33543224781607794, 
          0.0
        ], 
        [
          -17.576358573251966, 
          -7.022097264421015, 
          53.07029820380177, 
          1.0
        ]
      ], 
      "projected_cuboid": [
        [
          372.66644510677276, 
          228.01534048990453
        ], 
        [
          245.90362746915554, 
          238.59611621793977
        ], 
        [
          234.12928389035255, 
          155.24800962682951
        ], 
        [
          354.9792351315548, 
          152.28954834219675
        ], 
        [
          366.7132553980899, 
          245.9836658258475
        ], 
        [
          247.5308934083581, 
          257.5371346945444
        ], 
        [
          236.37824424453643, 
          178.17479356400008
        ], 
        [
          350.31755129352285, 
          173.55098283852658
        ]
      ], 
      "projected_cuboid_centroid": [
        303.49493806018916, 
        202.7193447904995
      ], 
      "quaternion_xyzw": [
        0.9557596382879513, 
        -0.10158838047058888, 
        0.19426067439872688, 
        0.1961275266922657
      ], 
      "visibility": 0.8959243734950504
    }, 
    {
      "bounding_box": {
        "bottom_right": [
          431, 
          351
        ], 
        "top_left": [
          209, 
          162
        ]
      }, 
      "class": "019_pitcher_base", 
      "cuboid": [
        [
          -33.62359066973854, 
          19.666020900231935, 
          57.938873942555155
        ], 
        [
          -17.155386252173766, 
          18.441081960992662, 
          67.05289291117735
        ], 
        [
          -23.606202507510197, 
          -3.2255735142711086, 
          75.79689827836667
        ], 
        [
          -40.074406925074975, 
          -2.0006345750318344, 
          66.68287930974448
        ], 
        [
          -28.18623503729294, 
          13.761920820687656, 
          47.320545577440846
        ], 
        [
          -11.718030619728165, 
          12.53698188144838, 
          56.43456454606304
        ], 
        [
          -18.1688468750646, 
          -9.129673593815387, 
          65.17856991325236
        ], 
        [
          -34.63705129262937, 
          -7.904734654576114, 
          56.06455094463016
        ]
      ], 
      "cuboid_centroid": [
        -25.896218772401568, 
        5.268173653208273, 
        61.55872192790376
      ], 
      "location": [
        -25.896218772401568, 
        5.268173653208273, 
        61.55872192790376
      ], 
      "pose_transform_permuted": [
        [
          -0.4084981531827985, 
          0.44356377285836485, 
          0.797734748331475, 
          0.0
        ], 
        [
          -0.8730982769948472, 
          0.06494284684327817, 
          -0.48319987147567184, 
          0.0
        ], 
        [
          0.2661370463216122, 
          0.8938868297611979, 
          -0.36074562804652743, 
          0.0
        ], 
        [
          -25.896218772401568, 
          5.268173653208273, 
          61.55872192790376, 
          1.0
        ]
      ], 
      "projected_cuboid": [
        [
          169.51718245093684, 
          454.30962930947123
        ], 
        [
          344.01091826369986, 
          419.9616435237062
        ], 
        [
          314.115726271574, 
          250.59086624297927
        ], 
        [
          158.41705192847562, 
          257.2857652391905
        ], 
        [
          161.2807494904286, 
          428.3883396652774
        ], 
        [
          369.9361521160487, 
          391.7638932161128
        ], 
        [
          331.6927047113646, 
          198.583553211709
        ], 
        [
          149.36289339989452, 
          198.09196815030353
        ]
      ], 
      "projected_cuboid_centroid": [
        255.3731609770123, 
        318.9278393082044
      ], 
      "quaternion_xyzw": [
        -0.23614301634606705, 
        0.21300041354013918, 
        0.9440232856089302, 
        0.08767789370559102
      ], 
      "visibility": 0.2595721136112136
    }, 
    {
      "bounding_box": {
        "bottom_right": [
          333, 
          502
        ], 
        "top_left": [
          125, 
          284
        ]
      }, 
      "class": "035_power_drill", 
      "cuboid": [
        [
          3.055446998068091, 
          2.738769019666133, 
          45.28518982528357
        ], 
        [
          -14.126182256503366, 
          4.265827481991607, 
          38.77755910420054
        ], 
        [
          -17.989542692637045, 
          -12.944187701387639, 
          44.93927672652083
        ], 
        [
          -0.8079134380655841, 
          -14.471246163713111, 
          51.44690744760385
        ], 
        [
          1.352116955550202, 
          4.914019273387884, 
          50.2928072092083
        ], 
        [
          -15.829512299021259, 
          6.441077735713358, 
          43.78517648812527
        ], 
        [
          -19.692872735154932, 
          -10.768937447665888, 
          49.94689411044556
        ], 
        [
          -2.5112434805834734, 
          -12.295995909991362, 
          56.45452483152859
        ]
      ], 
      "cuboid_centroid": [
        -8.318712868543422, 
        -4.015084213999877, 
        47.61604196786456
      ], 
      "location": [
        -8.318712868543422, 
        -4.015084213999877, 
        47.61604196786456
      ], 
      "pose_transform_permuted": [
        [
          0.2978266195493289, 
          -0.38034169160905, 
          -0.8755800227923788, 
          0.0
        ], 
        [
          0.9319557416635434, 
          -0.0828297992427857, 
          0.352983045162946, 
          0.0
        ], 
        [
          0.20677816616193115, 
          0.9211295290893274, 
          -0.3297928555757869, 
          0.0
        ], 
        [
          -8.318712868543422, 
          -4.015084213999877, 
          47.61604196786456, 
          1.0
        ]
      ], 
      "projected_cuboid": [
        [
          517.8806633790064, 
          305.5407729223891
        ], 
        [
          285.696329026196, 
          331.95576284064873
        ], 
        [
          266.32594188266245, 
          119.6706079475837
        ], 
        [
          473.1521149216454, 
          123.27170997921364
        ], 
        [
          496.05479948881333, 
          325.3962303212647
        ], 
        [
          287.1809946000314, 
          351.74123814954396
        ], 
        [
          269.5695035586158, 
          158.29870274016065
        ], 
        [
          457.6759327980975, 
          157.12763959445655
        ]
      ], 
      "projected_cuboid_centroid": [
        387.6475455742845, 
        228.3159156677913
      ], 
      "quaternion_xyzw": [
        0.9654876091314234, 
        -0.07499007824275841, 
        0.16851838867661886, 
        0.18387976719444682
      ], 
      "visibility": 0.9179539235590078
    }, 
    {
      "bounding_box": {
        "bottom_right": [
          173, 
          281
        ], 
        "top_left": [
          88, 
          178
        ]
      }, 
      "class": "061_foam_brick", 
      "cuboid": [
        [
          -24.921582664730703, 
          -15.52078329078313, 
          43.97588089447785
        ], 
        [
          -17.839583980806836, 
          -16.014483133500928, 
          47.17668552234321
        ], 
        [
          -16.593280188984643, 
          -11.49704337070075, 
          45.115934155124826
        ], 
        [
          -23.67527887290851, 
          -11.00334352798295, 
          41.91512952725946
        ], 
        [
          -26.693803378510445, 
          -13.070717156658612, 
          48.27494429493699
        ], 
        [
          -19.611804694586578, 
          -13.56441699937641, 
          51.475748922802346
        ], 
        [
          -18.365500902764385, 
          -9.046977236576232, 
          49.41499755558396
        ], 
        [
          -25.447499586688256, 
          -8.553277393858433, 
          46.21419292771859
        ]
      ], 
      "cuboid_centroid": [
        -21.643541783747544, 
        -12.28388026367968, 
        46.6954392250309
      ], 
      "location": [
        -21.643541783747544, 
        -12.28388026367968, 
        46.6954392250309
      ], 
      "pose_transform_permuted": [
        [
          0.33718049840774034, 
          -0.46614652103581267, 
          -0.8179344303914078, 
          0.0
        ], 
        [
          -0.9094176354308934, 
          0.06339726447509919, 
          -0.41102354096129, 
          0.0
        ], 
        [
          -0.24345199908973975, 
          -0.8824331180227106, 
          0.4025455456913245, 
          0.0
        ], 
        [
          -21.643541783747544, 
          -12.28388026367968, 
          46.6954392250309, 
          1.0
        ]
      ], 
      "projected_cuboid": [
        [
          176.84068555607885, 
          85.05750181971598
        ], 
        [
          278.2447934659195, 
          92.24716705286409
        ], 
        [
          283.8117590889639, 
          137.3789369755455
        ], 
        [
          177.84724812554234, 
          133.28223285298895
        ], 
        [
          184.23852905952475, 
          128.88721183931892
        ], 
        [
          276.71373840428083, 
          132.75105532306677
        ], 
        [
          281.73253316193706, 
          175.64553084908846
        ], 
        [
          185.4813359323046, 
          174.5802738349558
        ]
      ], 
      "projected_cuboid_centroid": [
        232.341077875611, 
        132.9894552111304
      ], 
      "quaternion_xyzw": [
        0.08075220885183854, 
        0.9499717342959488, 
        -0.22860997737236613, 
        0.19690165832237777
      ], 
      "visibility": 0.9543929414688704
    }
  ]
}