{
  "camera_data": {
    "location_worldframe": [
      -26.960484689324215, 
      -9.314264708378285, 
      85.33423812608537
    ], 
    "quaternion_xyzw_worldframe": [
      0.9457890022780034, 
      0.018849999498764897, 
      -0.011553943781302261, 
      -0.32403003655721807
    ]
  }, 
  "objects": [
    {
      "bounding_box": {
        "bottom_right": [
          332, 
          261
        ], 
        "top_left": [
          199, 
          63
        ]
      }, 
      "class": "003_cracker_box", 
      "cuboid": [
        [
          -33.67296661636042, 
          2.5188964261463136, 
          63.138025696119456
        ], 
        [
          -50.07644526973554, 
          2.5777731695214396, 
          63.161205094573816
        ], 
        [
          -50.104606497312545, 
          -11.56241579118062, 
          79.1489444672086
        ], 
        [
          -33.70112784393743, 
          -11.621292534555746, 
          79.12576506875423
        ], 
        [
          -33.64694105445911, 
          7.8971028291814624, 
          67.8947699704548
        ], 
        [
          -50.05041970783422, 
          7.955979572556589, 
          67.91794936890916
        ], 
        [
          -50.07858093541123, 
          -6.1842093881454705, 
          83.90568874154394
        ], 
        [
          -33.67510228203612, 
          -6.243086131520596, 
          83.88250934308958
        ]
      ], 
      "cuboid_centroid": [
        -41.875773775885826, 
        -1.8326564809995782, 
        73.5218572188317
      ], 
      "location": [
        -41.875773775885826, 
        -1.8326564809995782, 
        73.5218572188317
      ], 
      "pose_transform_permuted": [
        [
          -0.0036247301564809042, 
          -0.7490538344872926, 
          -0.6624992183928793, 
          0.0
        ], 
        [
          0.9999925602082007, 
          -0.003589257290391834, 
          -0.00141306770924976, 
          0.0
        ], 
        [
          0.0013194163634916434, 
          0.6624994115257663, 
          -0.7490612717718573, 
          0.0
        ], 
        [
          -41.875773775885826, 
          -1.8326564809995782, 
          73.5218572188317, 
          1.0
        ]
      ], 
      "projected_cuboid": [
        [
          194.7951043520233, 
          294.56336406575497
        ], 
        [
          55.238668132010055, 
          295.0526982410508
        ], 
        [
          141.169857045068, 
          195.3769358798093
        ], 
        [
          252.55342068868563, 
          194.957274623871
        ], 
        [
          215.0947417919253, 
          335.31899778579856
        ], 
        [
          85.30544005867799, 
          335.7601513455099
        ], 
        [
          160.63600799442852, 
          233.97859566433922
        ], 
        [
          265.7086980233522, 
          233.59339909659556
        ]
      ], 
      "projected_cuboid_centroid": [
        175.30333268647684, 
        259.9926465113998
      ], 
      "quaternion_xyzw": [
        0.9117279185873995, 
        -0.0013459809538049498, 
        -0.0013813874081908283, 
        0.4107900711706512
      ], 
      "visibility": 0.5887088450820518
    }, 
    {
      "bounding_box": {
        "bottom_right": [
          363, 
          305
        ], 
        "top_left": [
          261, 
          217
        ]
      }, 
      "class": "006_mustard_bottle", 
      "cuboid": [
        [
          -28.503182322110256, 
          10.880557835056576, 
          71.82079811186341
        ], 
        [
          -37.768707509198386, 
          8.740578254190828, 
          70.48790718942499
        ], 
        [
          -37.15713361542235, 
          -3.2058265827385455, 
          85.41674252340309
        ], 
        [
          -27.891608428334223, 
          -1.0658470018727952, 
          86.7496334458415
        ], 
        [
          -30.021144131059742, 
          15.240899176739637, 
          75.37223045892515
        ], 
        [
          -39.28666931814787, 
          13.100919595873883, 
          74.03933953648674
        ], 
        [
          -38.67509542437184, 
          1.1545147589445124, 
          88.96817487046484
        ], 
        [
          -29.40957023728371, 
          3.2944943398102624, 
          90.30106579290324
        ]
      ], 
      "cuboid_centroid": [
        -33.58913887324105, 
        6.017536297000545, 
        80.39448649116412
      ], 
      "location": [
        -33.58913887324105, 
        6.017536297000545, 
        80.39448649116412
      ], 
      "pose_transform_permuted": [
        [
          0.2605987690401089, 
          -0.7485692851677779, 
          -0.6096984077708869, 
          0.0
        ], 
        [
          0.9649176617237092, 
          0.22285882900442466, 
          0.13880810490961815, 
          0.0
        ], 
        [
          -0.03196919439918895, 
          0.6244820821980225, 
          -0.7803845844345523, 
          0.0
        ], 
        [
          -33.58913887324105, 
          6.017536297000545, 
          80.39448649116412, 
          1.0
        ]
      ], 
      "projected_cuboid": [
        [
          268.1771928338926, 
          354.08227851642386
        ], 
        [
          193.45329085005707, 
          339.4187546561726
        ], 
        [
          247.6643660524988, 
          253.2702034044447
        ], 
        [
          308.6960110079111, 
          266.73392148977143
        ], 
        [
          267.4029157711435, 
          381.1282450212954
        ], 
        [
          196.2493435253982, 
          367.65497808059297
        ], 
        [
          247.8272437036323, 
          280.20727487304515
        ], 
        [
          306.4561832831269, 
          292.74387586155353
        ]
      ], 
      "projected_cuboid_centroid": [
        256.91710578162287, 
        313.20556837397703
      ], 
      "quaternion_xyzw": [
        0.8943011449859352, 
        0.07123663679520989, 
        0.1116533497102949, 
        0.4274158313937908
      ], 
      "visibility": 0.8643576181538987
    }, 
    {
      "bounding_box": {
        "bottom_right": [
          238, 
          239
        ], 
        "top_left": [
          179, 
          127
        ]
      }, 
      "class": "008_pudding_box", 
      "cuboid": [
        [
          -34.95709688396491, 
          -7.270285363855046, 
          70.08475248239439
        ], 
        [
          -46.3089991047533, 
          -7.635469994888757, 
          69.66842720380237
        ], 
        [
          -46.36597786574535, 
          -13.559881137286384, 
          76.41890990790887
        ], 
        [
          -35.01407564495696, 
          -13.194696506252674, 
          76.83523518650091
        ], 
        [
          -35.14295277330135, 
          -4.38141492426371, 
          72.61853454106615
        ], 
        [
          -46.49485499408975, 
          -4.746599555297421, 
          72.20220926247411
        ], 
        [
          -46.551833755081795, 
          -10.671010697695047, 
          78.95269196658063
        ], 
        [
          -35.199931534293405, 
          -10.305826066661337, 
          79.36901724517266
        ]
      ], 
      "cuboid_centroid": [
        -40.754465319523355, 
        -8.970648030775047, 
        74.5187222244875
      ], 
      "location": [
        -40.754465319523355, 
        -8.970648030775047, 
        74.5187222244875
      ], 
      "pose_transform_permuted": [
        [
          0.04831064656405126, 
          -0.7509215837857578, 
          -0.6586213110806337, 
          0.0
        ], 
        [
          0.9988123521240476, 
          0.032131259870647584, 
          0.03663093838120953, 
          0.0
        ], 
        [
          0.006343872691161818, 
          0.659609114047176, 
          -0.7515818549427119, 
          0.0
        ], 
        [
          -40.754465319523355, 
          -8.970648030775047, 
          74.5187222244875, 
          1.0
        ]
      ], 
      "projected_cuboid": [
        [
          213.36941320923611, 
          217.96229950659063
        ], 
        [
          124.14227328986209, 
          214.8361632790248
        ], 
        [
          155.31716563145366, 
          178.65354511746082
        ], 
        [
          236.53619366038717, 
          181.70108211989375
        ], 
        [
          221.3520007956373, 
          241.10887981364698
        ], 
        [
          135.3021248633131, 
          238.2259141837748
        ], 
        [
          164.522368616248, 
          201.2046515307683
        ], 
        [
          243.10026938903718, 
          204.0366083126836
        ]
      ], 
      "projected_cuboid_centroid": [
        187.49265667005395, 
        209.08492359873642
      ], 
      "quaternion_xyzw": [
        0.910637520813284, 
        0.007079487334448735, 
        0.023319263429152373, 
        0.412486693219766
      ], 
      "visibility": 0.27571157495256166
    }, 
    {
      "bounding_box": {
        "bottom_right": [
          404, 
          236
        ], 
        "top_left": [
          241, 
          63
        ]
      }, 
      "class": "019_pitcher_base", 
      "cuboid": [
        [
          -57.263461253088366, 
          17.870797779028013, 
          73.83769594595414
        ], 
        [
          -38.59146275765154, 
          19.986039172200158, 
          75.46551655615221
        ], 
        [
          -38.45217460637584, 
          4.443360645927825, 
          94.06445100802854
        ], 
        [
          -57.12417310181266, 
          2.328119252755678, 
          92.43663039783047
        ], 
        [
          -55.38146181715017, 
          7.766633191145482, 
          65.37979624233607
        ], 
        [
          -36.70946332171335, 
          9.881874584317629, 
          67.00761685253414
        ], 
        [
          -36.57017517043764, 
          -5.660803941954705, 
          85.60655130441047
        ], 
        [
          -55.242173665874475, 
          -7.776045335126852, 
          83.9787306942124
        ]
      ], 
      "cuboid_centroid": [
        -46.91681821176301, 
        6.104996918536654, 
        79.7221236251823
      ], 
      "location": [
        -46.91681821176301, 
        6.104996918536654, 
        79.7221236251823
      ], 
      "pose_transform_permuted": [
        [
          -0.14139102641811824, 
          0.7591066048678838, 
          0.6354258654917748, 
          0.0
        ], 
        [
          -0.9899372937724922, 
          -0.11214420036206219, 
          -0.08630250961086837, 
          0.0
        ], 
        [
          -0.005746518843634113, 
          0.6412339758532986, 
          -0.7673238988409986, 
          0.0
        ], 
        [
          -46.91681821176301, 
          6.104996918536654, 
          79.7221236251823, 
          1.0
        ]
      ], 
      "projected_cuboid": [
        [
          64.54411797139963, 
          402.3648671511753
        ], 
        [
          206.59596907947915, 
          414.52914211346797
        ], 
        [
          261.7669878216043, 
          298.47917156585964
        ], 
        [
          149.2685894644922, 
          286.71878431179823
        ], 
        [
          26.071675441275996, 
          336.64093512259234
        ], 
        [
          186.98834526157043, 
          351.9372568371156
        ], 
        [
          251.87020786490405, 
          238.0203398606693
        ], 
        [
          127.84972118243314, 
          223.90359038783004
        ]
      ], 
      "projected_cuboid_centroid": [
        165.12059408559963, 
        314.12732675875066
      ], 
      "quaternion_xyzw": [
        -0.06299018988762467, 
        0.4222787741617955, 
        0.9036864964020384, 
        -0.032613832251303286
      ], 
      "visibility": 0.2245807435205817
    }, 
    {
      "bounding_box": {
        "bottom_right": [
          261, 
          275
        ], 
        "top_left": [
          143, 
          84
        ]
      }, 
      "class": "035_power_drill", 
      "cuboid": [
        [
          -25.91380125651107, 
          -4.352428194531548, 
          56.08011970265201
        ], 
        [
          -44.3243045888482, 
          -5.048692127965601, 
          56.756974617601784
        ], 
        [
          -43.341374154427896, 
          -17.782448929879624, 
          70.39377138222498
        ], 
        [
          -24.930870822090768, 
          -17.08618499644557, 
          69.71691646727523
        ], 
        [
          -25.928344226742368, 
          -0.17284161305871487, 
          59.983979750583394
        ], 
        [
          -44.3388475590795, 
          -0.8691055464927683, 
          60.66083466553316
        ], 
        [
          -43.35591712465919, 
          -13.602862348406791, 
          74.29763143015637
        ], 
        [
          -24.945413792322064, 
          -12.90659841497274, 
          73.6207765152066
        ]
      ], 
      "cuboid_centroid": [
        -34.63485919058513, 
        -8.97764527146917, 
        65.18887556640419
      ], 
      "location": [
        -34.63485919058513, 
        -8.97764527146917, 
        65.18887556640419
      ], 
      "pose_transform_permuted": [
        [
          0.0025428328944342928, 
          -0.7307991473183424, 
          -0.682588466267173, 
          0.0
        ], 
        [
          0.9986116004058391, 
          0.037766335244631244, 
          -0.03671356277768552, 
          0.0
        ], 
        [
          -0.052609264927293585, 
          0.6815473014697231, 
          -0.7298805984910117, 
          0.0
        ], 
        [
          -34.63485919058513, 
          -8.97764527146917, 
          65.18887556640419, 
          1.0
        ]
      ], 
      "projected_cuboid": [
        [
          233.10419934813217, 
          231.89512864069997
        ], 
        [
          61.63077801080731, 
          225.84626479233154
        ], 
        [
          150.49630484028586, 
          138.5625693003043
        ], 
        [
          289.2918734533448, 
          142.58085674886473
        ], 
        [
          249.14616095783927, 
          271.74979738145527
        ], 
        [
          88.52900564308037, 
          265.6455120980474
        ], 
        [
          167.7882471894434, 
          175.64314426966476
        ], 
        [
          299.38293632168234, 
          179.78926706622227
        ]
      ], 
      "projected_cuboid_centroid": [
        195.88296721434045, 
        199.83912855095474
      ], 
      "quaternion_xyzw": [
        0.9168897654765724, 
        0.024641893599104105, 
        -0.00931702238640713, 
        0.39827027217664923
      ], 
      "visibility": 0.6897380850150279
    }, 
    {
      "bounding_box": {
        "bottom_right": [
          180, 
          181
        ], 
        "top_left": [
          128, 
          97
        ]
      }, 
      "class": "061_foam_brick", 
      "cuboid": [
        [
          -49.73624331256352, 
          -20.233070997775002, 
          73.34673425121694
        ], 
        [
          -41.97506415786578, 
          -19.601425586929285, 
          73.44010107190924
        ], 
        [
          -42.182299491166596, 
          -16.458542734026558, 
          69.4044385192306
        ], 
        [
          -49.94347864586434, 
          -17.090188144872275, 
          69.3110716985383
        ], 
        [
          -50.111009356648815, 
          -16.106146691351007, 
          76.57993431034544
        ], 
        [
          -42.34983020195108, 
          -15.474501280505294, 
          76.67330113103775
        ], 
        [
          -42.557065535251894, 
          -12.331618427602567, 
          72.6376385783591
        ], 
        [
          -50.31824468994963, 
          -12.963263838448283, 
          72.5442717576668
        ]
      ], 
      "cuboid_centroid": [
        -46.146654423907705, 
        -16.282344712688783, 
        72.99218641478802
      ], 
      "location": [
        -46.146654423907705, 
        -16.282344712688783, 
        72.99218641478802
      ], 
      "pose_transform_permuted": [
        [
          0.07130251923388908, 
          -0.7851834614681096, 
          -0.6151446029901086, 
          0.0
        ], 
        [
          -0.9966329436127627, 
          -0.08111120908085456, 
          -0.011989473182821841, 
          0.0
        ], 
        [
          0.040481186453222795, 
          -0.6139282560677587, 
          0.788323138024592, 
          0.0
        ], 
        [
          -46.146654423907705, 
          -16.282344712688783, 
          72.99218641478802, 
          1.0
        ]
      ], 
      "projected_cuboid": [
        [
          116.94058767774969, 
          126.16760895254656
        ], 
        [
          174.23530324044958, 
          130.9416341618527
        ], 
        [
          154.75741244608503, 
          146.81533040753632
        ], 
        [
          94.1004530009992, 
          141.78471880047542
        ], 
        [
          129.70465795947212, 
          161.11977370720396
        ], 
        [
          184.56779674569094, 
          165.64992326732542
        ], 
        [
          166.5309546532334, 
          182.7454118056457
        ], 
        [
          108.59254676694428, 
          177.98525092801387
        ]
      ], 
      "projected_cuboid_centroid": [
        141.61533253923258, 
        154.31910157839602
      ], 
      "quaternion_xyzw": [
        -0.03385041842277322, 
        0.8980125002847441, 
        -0.43805253239619996, 
        0.023187871101543824
      ], 
      "visibility": 0.7772816075914039
    }
  ]
}