{
  "camera_data": {
    "location_worldframe": [
      -25.549271744269475, 
      -7.389606871087164, 
      88.47235719463545
    ], 
    "quaternion_xyzw_worldframe": [
      0.9494720524351552, 
      0.020804538686995177, 
      -0.03151351538185393, 
      -0.3115743962073972
    ]
  }, 
  "objects": [
    {
      "bounding_box": {
        "bottom_right": [
          340, 
          278
        ], 
        "top_left": [
          212, 
          90
        ]
      }, 
      "class": "003_cracker_box", 
      "cuboid": [
        [
          -33.253139968672585, 
          3.7301219670290613, 
          66.22925191012578
        ], 
        [
          -49.64390725620972, 
          3.5222238512277, 
          66.84377756980557
        ], 
        [
          -48.857282458564605, 
          -10.180555611906493, 
          83.18907057907379
        ], 
        [
          -32.46651517102747, 
          -9.972657496105132, 
          82.57454491939401
        ], 
        [
          -33.15013927705153, 
          9.234274074829173, 
          70.83860088440272
        ], 
        [
          -49.540906564588674, 
          9.026375959027812, 
          71.45312654408251
        ], 
        [
          -48.75428176694355, 
          -4.676403504106381, 
          87.79841955335073
        ], 
        [
          -32.36351447940641, 
          -4.4685053883050205, 
          87.18389389367094
        ]
      ], 
      "cuboid_centroid": [
        -41.00371086780807, 
        -0.47314076853866016, 
        77.01383573173825
      ], 
      "location": [
        -41.00371086780807, 
        -0.47314076853866016, 
        77.01383573173825
      ], 
      "pose_transform_permuted": [
        [
          -0.014345500568749586, 
          -0.766595019414327, 
          -0.6419706245791774, 
          0.0
        ], 
        [
          0.9992176470610163, 
          0.012673931760193352, 
          -0.037462851674475606, 
          0.0
        ], 
        [
          -0.03685512739467606, 
          0.6420058003343, 
          -0.7658134576526037, 
          0.0
        ], 
        [
          -41.00371086780807, 
          -0.47314076853866016, 
          77.01383573173825, 
          1.0
        ]
      ], 
      "projected_cuboid": [
        [
          211.5903630099302, 
          303.3238256641204
        ], 
        [
          82.2075073806611, 
          301.3889436871948
        ], 
        [
          165.76605509187786, 
          208.01967494764608
        ], 
        [
          270.15995297398183, 
          208.87669419576014
        ], 
        [
          229.94116586809807, 
          342.8082272721727
        ], 
        [
          108.74680697718725, 
          340.6585802817093
        ], 
        [
          182.97781623706427, 
          244.8803595987526
        ], 
        [
          281.97380383741813, 
          245.9518856201251
        ]
      ], 
      "projected_cuboid_centroid": [
        195.28071966996944, 
        270.0100457114324
      ], 
      "quaternion_xyzw": [
        0.9059793143298712, 
        0.013667270977236589, 
        -0.014296229346457667, 
        0.4228596759409492
      ], 
      "visibility": 0.5616280410469272
    }, 
    {
      "bounding_box": {
        "bottom_right": [
          370, 
          318
        ], 
        "top_left": [
          272, 
          233
        ]
      }, 
      "class": "006_mustard_bottle", 
      "cuboid": [
        [
          -27.92165944602073, 
          12.405871981642836, 
          74.49616524184695
        ], 
        [
          -37.19055664627507, 
          10.08003171118913, 
          73.55591020322248
        ], 
        [
          -35.840370764795864, 
          -1.4481656886145418, 
          88.76243506530078
        ], 
        [
          -26.571473564541527, 
          0.8776745818391649, 
          89.70269010392526
        ], 
        [
          -29.38687974278839, 
          16.835018766120466, 
          77.98403631582141
        ], 
        [
          -38.65577694304273, 
          14.509178495666758, 
          77.04378127719693
        ], 
        [
          -37.305591061563526, 
          2.980981095863088, 
          92.25030613927524
        ], 
        [
          -28.036693861309185, 
          5.306821366316795, 
          93.19056117789972
        ]
      ], 
      "cuboid_centroid": [
        -32.61362525379213, 
        7.693426538752962, 
        83.3732356905611
      ], 
      "location": [
        -32.61362525379213, 
        7.693426538752962, 
        83.3732356905611
      ], 
      "pose_transform_permuted": [
        [
          0.2515442769765649, 
          -0.7603815808328012, 
          -0.5987864141834899, 
          0.0
        ], 
        [
          0.9652688253106557, 
          0.2422144789414065, 
          0.09791875527550034, 
          0.0
        ], 
        [
          -0.07057913256162757, 
          0.602620856608242, 
          -0.7949004272407949, 
          0.0
        ], 
        [
          -32.61362525379213, 
          7.693426538752962, 
          83.3732356905611, 
          1.0
        ]
      ], 
      "projected_cuboid": [
        [
          280.039529604167, 
          362.100431322723
        ], 
        [
          209.69854847486465, 
          346.37214450456406
        ], 
        [
          264.45947290078726, 
          264.5853895637914
        ], 
        [
          322.302154233528, 
          278.5046762736546
        ], 
        [
          278.9503830806506, 
          388.4183728439535
        ], 
        [
          211.7805365171649, 
          373.7233143076642
        ], 
        [
          264.12782291265216, 
          290.52025418272933
        ], 
        [
          319.80895508265473, 
          303.6569072900278
        ]
      ], 
      "projected_cuboid_centroid": [
        271.236585821713, 
        322.49963377675743
      ], 
      "quaternion_xyzw": [
        0.8897578457229792, 
        0.08788728669452511, 
        0.09819048911226697, 
        0.4369958679065764
      ], 
      "visibility": 0.8557213930348259
    }, 
    {
      "bounding_box": {
        "bottom_right": [
          249, 
          257
        ], 
        "top_left": [
          193, 
          152
        ]
      }, 
      "class": "008_pudding_box", 
      "cuboid": [
        [
          -34.11933993002257, 
          -5.887918537388655, 
          73.47333987879055
        ], 
        [
          -45.47087569057603, 
          -6.449158188266589, 
          73.47740360081731
        ], 
        [
          -45.18457817023205, 
          -12.18965412260357, 
          80.37926210845971
        ], 
        [
          -33.83304240967858, 
          -11.62841447172564, 
          80.37519838643297
        ], 
        [
          -34.26444184186067, 
          -2.935232321367134, 
          75.93520012951358
        ], 
        [
          -45.615977602414134, 
          -3.4964719722450672, 
          75.93926385154033
        ], 
        [
          -45.32968008207015, 
          -9.23696790658205, 
          82.84112235918273
        ], 
        [
          -33.97814432151669, 
          -8.675728255704117, 
          82.83705863715598
        ]
      ], 
      "cuboid_centroid": [
        -39.72451000604636, 
        -7.562443221985353, 
        78.15723111898664
      ], 
      "location": [
        -39.72451000604636, 
        -7.562443221985353, 
        78.15723111898664
      ], 
      "pose_transform_permuted": [
        [
          0.03771721845138414, 
          -0.7675096049205001, 
          -0.6399262400959885, 
          0.0
        ], 
        [
          0.9987801086284562, 
          0.04938142391432056, 
          -0.00035755203638773036, 
          0.0
        ], 
        [
          -0.031875649614616794, 
          0.6391324549273318, 
          -0.7684356581745526, 
          0.0
        ], 
        [
          -39.72451000604636, 
          -7.562443221985353, 
          78.15723111898664, 
          1.0
        ]
      ], 
      "projected_cuboid": [
        [
          231.87174891260878, 
          230.54801179920253
        ], 
        [
          148.80631156736666, 
          226.47674084357268
        ], 
        [
          179.29720140341405, 
          192.40770076475033
        ], 
        [
          255.2313096765229, 
          196.12764713571335
        ], 
        [
          238.9403844251208, 
          252.67137037178856
        ], 
        [
          158.56745110308162, 
          248.7309012761223
        ], 
        [
          187.33897367817107, 
          213.82022785173532
        ], 
        [
          261.0167671281856, 
          217.4306704124863
        ]
      ], 
      "projected_cuboid_centroid": [
        208.27095708968912, 
        221.6828794438838
      ], 
      "quaternion_xyzw": [
        0.9052401343913913, 
        0.022440750923943487, 
        0.01031761214390753, 
        0.42418171840328744
      ], 
      "visibility": 0.27855626326963906
    }, 
    {
      "bounding_box": {
        "bottom_right": [
          408, 
          253
        ], 
        "top_left": [
          252, 
          88
        ]
      }, 
      "class": "019_pitcher_base", 
      "cuboid": [
        [
          -56.70800464257885, 
          18.978245879793203, 
          77.36646877178815
        ], 
        [
          -38.0290793326789, 
          21.440631033710368, 
          78.26200354214409
        ], 
        [
          -36.95772417072055, 
          6.409154198367925, 
          97.2467743327234
        ], 
        [
          -55.636649480620505, 
          3.946769044450762, 
          96.35123956236748
        ], 
        [
          -54.9550656563773, 
          8.681836014593708, 
          69.11520946845567
        ], 
        [
          -36.27614034647734, 
          11.144221168510871, 
          70.0107442388116
        ], 
        [
          -35.204785184519, 
          -3.8872556668315683, 
          88.99551502939093
        ], 
        [
          -53.883710494418956, 
          -6.349640820748732, 
          88.099980259035
        ]
      ], 
      "cuboid_centroid": [
        -45.95639491354893, 
        7.545495106480817, 
        83.18099190058955
      ], 
      "location": [
        -45.95639491354893, 
        7.545495106480817, 
        83.18099190058955
      ], 
      "pose_transform_permuted": [
        [
          -0.13169496110067533, 
          0.7735496257130686, 
          0.6199013665265214, 
          0.0
        ], 
        [
          -0.9903045341600581, 
          -0.13054879455405033, 
          -0.04747875634533534, 
          0.0
        ], 
        [
          -0.04420018910461673, 
          0.6201436668577278, 
          -0.783242092675928, 
          0.0
        ], 
        [
          -45.95639491354893, 
          7.545495106480817, 
          83.18099190058955, 
          1.0
        ]
      ], 
      "projected_cuboid": [
        [
          87.4272833481715, 
          404.111562602717
        ], 
        [
          220.2867324008946, 
          419.39458388224256
        ], 
        [
          277.2248996775632, 
          308.4355438894182
        ], 
        [
          171.07290460128343, 
          295.13253841920624
        ], 
        [
          54.00874034793128, 
          340.2789293822974
        ], 
        [
          202.95408085214018, 
          358.17967049955
        ], 
        [
          268.868745416774, 
          249.99154866394417
        ], 
        [
          152.68983704232852, 
          234.84852941603705
        ]
      ], 
      "projected_cuboid_centroid": [
        184.48958084865689, 
        321.6649019929823
      ], 
      "quaternion_xyzw": [
        -0.04984476445300162, 
        0.433087606885565, 
        0.8986586626111589, 
        -0.048613837191229324
      ], 
      "visibility": 0.22029173419773096
    }, 
    {
      "bounding_box": {
        "bottom_right": [
          271, 
          291
        ], 
        "top_left": [
          159, 
          111
        ]
      }, 
      "class": "035_power_drill", 
      "cuboid": [
        [
          -25.633443059847615, 
          -3.201507265960008, 
          59.07898079991774
        ], 
        [
          -43.99328849599535, 
          -4.179239285117455, 
          60.439004568227894
        ], 
        [
          -42.30455732742117, 
          -16.523192745240404, 
          74.36207680618759
        ], 
        [
          -23.944711891273435, 
          -15.545460726082958, 
          73.00205303787743
        ], 
        [
          -25.58072523262858, 
          1.0809656751732775, 
          62.86935348647512
        ], 
        [
          -43.94057066877632, 
          0.10323365601583034, 
          64.22937725478528
        ], 
        [
          -42.25183950020214, 
          -12.240719804107119, 
          78.15244949274498
        ], 
        [
          -23.8919940640544, 
          -11.262987784949672, 
          76.79242572443482
        ]
      ], 
      "cuboid_centroid": [
        -33.94264128002488, 
        -7.721113535033563, 
        68.61571514633135
      ], 
      "location": [
        -33.94264128002488, 
        -7.721113535033563, 
        68.61571514633135
      ], 
      "pose_transform_permuted": [
        [
          -0.009217692331324327, 
          -0.7487887887445649, 
          -0.6627452436644486, 
          0.0
        ], 
        [
          0.995863844851648, 
          0.05303356017995973, 
          -0.07376960245713077, 
          0.0
        ], 
        [
          -0.09038575094166584, 
          0.6606839050789852, 
          -0.7452028854927649, 
          0.0
        ], 
        [
          -33.94264128002488, 
          -7.721113535033563, 
          68.61571514633135, 
          1.0
        ]
      ], 
      "projected_cuboid": [
        [
          248.269697097435, 
          244.3857936306871
        ], 
        [
          90.16097996342637, 
          236.40852899643943
        ], 
        [
          175.66332305408105, 
          154.78336208822446
        ], 
        [
          305.21018768544036, 
          159.71851777334194
        ], 
        [
          262.7878589340587, 
          282.4563501607469
        ], 
        [
          113.70220791919438, 
          274.1437240970222
        ], 
        [
          190.86377644018668, 
          189.754727705326
        ], 
        [
          314.2855849218482, 
          195.06564713100155
        ]
      ], 
      "projected_cuboid_centroid": [
        215.57738087525254, 
        213.27373998990473
      ], 
      "quaternion_xyzw": [
        0.9109463477059285, 
        0.03935997753402381, 
        -0.022775022644704927, 
        0.4100108853830159
      ], 
      "visibility": 0.6608476384443798
    }, 
    {
      "bounding_box": {
        "bottom_right": [
          194, 
          204
        ], 
        "top_left": [
          145, 
          126
        ]
      }, 
      "class": "061_foam_brick", 
      "cuboid": [
        [
          -48.54678095418006, 
          -18.99724739486824, 
          77.6077941216191
        ], 
        [
          -40.799269922770506, 
          -18.23692828435027, 
          77.4038754419162
        ], 
        [
          -41.20464303448943, 
          -15.207736769172131, 
          73.29694194425653
        ], 
        [
          -48.95215406589899, 
          -15.968055879690096, 
          73.50086062395944
        ], 
        [
          -48.87702708172321, 
          -14.791346759488366, 
          80.74257860889331
        ], 
        [
          -41.129516050313654, 
          -14.031027648970401, 
          80.5386599291904
        ], 
        [
          -41.534889162032584, 
          -11.00183613379226, 
          76.43172643153075
        ], 
        [
          -49.282400193442136, 
          -11.762155244310227, 
          76.63564511123366
        ]
      ], 
      "cuboid_centroid": [
        -45.040835058106325, 
        -14.99954176433025, 
        77.01976027657493
      ], 
      "location": [
        -45.040835058106325, 
        -14.99954176433025, 
        77.01976027657493
      ], 
      "pose_transform_permuted": [
        [
          0.0628322155453972, 
          -0.8002093991251421, 
          -0.5964201792708194, 
          0.0
        ], 
        [
          -0.9948777848057252, 
          -0.09763452925086746, 
          0.026185721262074357, 
          0.0
        ], 
        [
          0.07918526371560752, 
          -0.5917198798838357, 
          0.8022451481689052, 
          0.0
        ], 
        [
          -45.040835058106325, 
          -14.99954176433025, 
          77.01976027657493, 
          1.0
        ]
      ], 
      "projected_cuboid": [
        [
          145.20415554830595, 
          142.73774224897286
        ], 
        [
          198.14382863843255, 
          147.6324807988564
        ], 
        [
          179.28739827533371, 
          162.63275598764346
        ], 
        [
          123.44198317657784, 
          157.4229027326006
        ], 
        [
          156.06490359157297, 
          175.5869719752373
        ], 
        [
          206.9715188097821, 
          180.37436606560286
        ], 
        [
          189.36281090843755, 
          196.51874880624817
        ], 
        [
          135.77494548965436, 
          191.43183808317212
        ]
      ], 
      "projected_cuboid_centroid": [
        167.11491100865726, 
        169.42294073334307
      ], 
      "quaternion_xyzw": [
        -0.04955429996796085, 
        0.8920507053918488, 
        -0.4490928984216601, 
        0.010270294631745521
      ], 
      "visibility": 0.7998084291187739
    }
  ]
}