{
  "camera_data": {
    "location_worldframe": [
      -7.847131096145453, 
      -8.283345912926624, 
      73.24039011609004
    ], 
    "quaternion_xyzw_worldframe": [
      -0.8281082468353352, 
      -0.08533910075670328, 
      -0.20032462285185423, 
      0.5165513463217987
    ]
  }, 
  "objects": [
    {
      "bounding_box": {
        "bottom_right": [
          430, 
          422
        ], 
        "top_left": [
          220, 
          242
        ]
      }, 
      "class": "003_cracker_box", 
      "cuboid": [
        [
          -5.746690045388836, 
          12.511275818655271, 
          57.718629430511925
        ], 
        [
          -20.619676252715927, 
          14.335607492857877, 
          51.04448447356684
        ], 
        [
          -26.05097071857052, 
          -5.162375027886658, 
          57.81820318578935
        ], 
        [
          -11.17798451124343, 
          -6.986706702089264, 
          64.49234814273443
        ], 
        [
          -8.161973444071064, 
          15.32071221329334, 
          63.86890347184339
        ], 
        [
          -23.034959651398154, 
          17.145043887495948, 
          57.19475851489831
        ], 
        [
          -28.46625411725275, 
          -2.35293863324859, 
          63.968477227120815
        ], 
        [
          -13.593267909925657, 
          -4.177270307451196, 
          70.6426221840659
        ]
      ], 
      "cuboid_centroid": [
        -17.106472081320792, 
        5.079168592703341, 
        60.84355332881637
      ], 
      "location": [
        -17.106472081320792, 
        5.079168592703341, 
        60.84355332881637
      ], 
      "pose_transform_permuted": [
        [
          0.33639045354143116, 
          -0.39128641529343067, 
          -0.8565841487985912, 
          0.0
        ], 
        [
          0.9066903350007466, 
          -0.11121531841536628, 
          0.40687072807711605, 
          0.0
        ], 
        [
          0.25446826753531365, 
          0.9135239975811176, 
          -0.3173638395611422, 
          0.0
        ], 
        [
          -17.106472081320792, 
          5.079168592703341, 
          60.84355332881637, 
          1.0
        ]
      ], 
      "projected_cuboid": [
        [
          428.05520301506135, 
          388.8906067263032
        ], 
        [
          264.36458918956833, 
          423.06687745288735
        ], 
        [
          239.29838269928499, 
          225.66839099062176
        ], 
        [
          388.39038590876606, 
          215.50995496959357
        ], 
        [
          412.87480531206813, 
          401.21790062148415
        ], 
        [
          265.0147672553467, 
          433.15761527864106
        ], 
        [
          242.28971256753135, 
          253.66955934591147
        ], 
        [
          378.11888354772645, 
          241.75005207129618
        ]
      ], 
      "projected_cuboid_centroid": [
        330.4020015242, 
        317.8076076513354
      ], 
      "quaternion_xyzw": [
        0.9587489871416365, 
        -0.09535436043612147, 
        0.19381016084159497, 
        0.18478513780945555
      ], 
      "visibility": 0.5739592559787422
    }, 
    {
      "bounding_box": {
        "bottom_right": [
          403, 
          421
        ], 
        "top_left": [
          264, 
          340
        ]
      }, 
      "class": "006_mustard_bottle", 
      "cuboid": [
        [
          -5.389551511878963, 
          15.775180678176671, 
          70.4172267185386
        ], 
        [
          -13.04403708427565, 
          15.42447887842181, 
          64.63000573780656
        ], 
        [
          -17.646747846382894, 
          -1.7214877356195202, 
          71.75682958121347
        ], 
        [
          -9.992262273986208, 
          -1.3707859358646601, 
          77.54405056194553
        ], 
        [
          -8.615275556585177, 
          18.34965784958905, 
          74.52772888572655
        ], 
        [
          -16.269761128981862, 
          17.998956049834188, 
          68.7405079049945
        ], 
        [
          -20.872471891089106, 
          0.8529894357928586, 
          75.86733174840141
        ], 
        [
          -13.217986318692422, 
          1.2036912355477187, 
          81.65455272913347
        ]
      ], 
      "cuboid_centroid": [
        -13.131011701484036, 
        8.314085056984764, 
        73.14227923347
      ], 
      "location": [
        -13.131011701484036, 
        8.314085056984764, 
        73.14227923347
      ], 
      "pose_transform_permuted": [
        [
          0.5537818608857341, 
          -0.44197790605564224, 
          -0.7056777045314501, 
          0.0
        ], 
        [
          0.7971429758247796, 
          0.036522307559352145, 
          0.6026848585321589, 
          0.0
        ], 
        [
          0.24060045174350317, 
          0.8962821098557762, 
          -0.3725450337520293, 
          0.0
        ], 
        [
          -13.131011701484036, 
          8.314085056984764, 
          73.14227923347, 
          1.0
        ]
      ], 
      "projected_cuboid": [
        [
          440.43800888421123, 
          392.76316572996535
        ], 
        [
          373.0621291643588, 
          400.5676135772555
        ], 
        [
          349.3478312428622, 
          260.4918935280353
        ], 
        [
          412.301242171129, 
          263.8587742957067
        ], 
        [
          419.4324859746951, 
          404.596481568757
        ], 
        [
          354.317065210517, 
          412.93048345940986
        ], 
        [
          333.6484845484381, 
          279.28274161563024
        ], 
        [
          394.54549399183276, 
          281.14834221099943
        ]
      ], 
      "projected_cuboid_centroid": [
        385.053924911554, 
        333.9089908706464
      ], 
      "quaternion_xyzw": [
        0.9218327926218515, 
        -0.05534575950691599, 
        0.31363245283580715, 
        0.22089769053751812
      ], 
      "visibility": 0.030338239091143818
    }, 
    {
      "bounding_box": {
        "bottom_right": [
          302, 
          395
        ], 
        "top_left": [
          211, 
          277
        ]
      }, 
      "class": "008_pudding_box", 
      "cuboid": [
        [
          -8.942862468910635, 
          0.9014967429200903, 
          58.57380779729209
        ], 
        [
          -19.021107975308375, 
          1.9829164864921125, 
          53.43261441115453
        ], 
        [
          -21.35916737058147, 
          -6.203483851938203, 
          56.29394949550478
        ], 
        [
          -11.280921864183728, 
          -7.284903595510225, 
          61.435142881642335
        ], 
        [
          -10.412404770954023, 
          2.4412947704201224, 
          61.77843473442605
        ], 
        [
          -20.49065027735176, 
          3.5227145139921445, 
          56.63724134828849
        ], 
        [
          -22.828709672624857, 
          -4.66368582443817, 
          59.49857643263874
        ], 
        [
          -12.750464166227115, 
          -5.745105568010192, 
          64.63976981877629
        ]
      ], 
      "cuboid_centroid": [
        -15.885786070767747, 
        -1.8810945407590403, 
        59.03619211496542
      ], 
      "location": [
        -15.885786070767747, 
        -1.8810945407590403, 
        59.03619211496542
      ], 
      "pose_transform_permuted": [
        [
          0.3819870277902436, 
          -0.4002490238655623, 
          -0.8329980819131336, 
          0.0
        ], 
        [
          0.8867479567516604, 
          -0.0951501674963811, 
          0.45235480000249845, 
          0.0
        ], 
        [
          0.26031368337505795, 
          0.9114533317622175, 
          -0.3185738893902206, 
          0.0
        ], 
        [
          -15.885786070767747, 
          -1.8810945407590403, 
          59.03619211496542, 
          1.0
        ]
      ], 
      "projected_cuboid": [
        [
          399.4929711655076, 
          281.4947437519762
        ], 
        [
          290.1621643891686, 
          293.0783487639224
        ], 
        [
          277.557527274716, 
          214.51575618740253
        ], 
        [
          382.851081354503, 
          210.04615850540034
        ], 
        [
          390.9599940660811, 
          294.36169656962824
        ], 
        [
          287.04072845470864, 
          306.4578682141357
        ], 
        [
          275.26509661634765, 
          231.48326924698978
        ], 
        [
          375.5208739329339, 
          225.88573015994135
        ]
      ], 
      "projected_cuboid_centroid": [
        336.8925440026777, 
        256.2931561178239
      ], 
      "quaternion_xyzw": [
        0.9527853077198204, 
        -0.0932696610640768, 
        0.21892178149489577, 
        0.18861093559892578
      ], 
      "visibility": 0.860254691689008
    }, 
    {
      "bounding_box": {
        "bottom_right": [
          457, 
          368
        ], 
        "top_left": [
          252, 
          200
        ]
      }, 
      "class": "019_pitcher_base", 
      "cuboid": [
        [
          -32.88280763158351, 
          24.32346983203559, 
          63.26643935272811
        ], 
        [
          -16.8281245320178, 
          23.505161259839863, 
          73.13280117242434
        ], 
        [
          -23.069219670766454, 
          1.619060912639729, 
          81.47318262453426
        ], 
        [
          -39.12390277033217, 
          2.437369484835461, 
          71.60682080483804
        ], 
        [
          -26.79469840168573, 
          18.632248446161125, 
          52.88775656375376
        ], 
        [
          -10.740015302120016, 
          17.813939873965392, 
          62.754118383449985
        ], 
        [
          -16.981110440868672, 
          -4.072160473234741, 
          71.09449983555992
        ], 
        [
          -33.03579354043439, 
          -3.253851901039008, 
          61.228138015863685
        ]
      ], 
      "cuboid_centroid": [
        -24.931959036226093, 
        10.125654679400427, 
        67.18046959414401
      ], 
      "location": [
        -24.931959036226093, 
        10.125654679400427, 
        67.18046959414401
      ], 
      "pose_transform_permuted": [
        [
          -0.4573880292008424, 
          0.42757060281497544, 
          0.779730633484278, 
          0.0
        ], 
        [
          -0.8511745298096028, 
          0.04338443866243062, 
          -0.5230869915481867, 
          0.0
        ], 
        [
          0.25748472135827616, 
          0.9029403212475282, 
          -0.3440935839745649, 
          0.0
        ], 
        [
          -24.931959036226093, 
          10.125654679400427, 
          67.18046959414401, 
          1.0
        ]
      ], 
      "projected_cuboid": [
        [
          202.09357671962033, 
          478.32704484121905
        ], 
        [
          357.8556054143643, 
          444.6974863452607
        ], 
        [
          329.32860654097084, 
          283.88483380396394
        ], 
        [
          187.778311185531, 
          291.4397929797174
        ], 
        [
          209.14791252241574, 
          461.17393613320485
        ], 
        [
          389.5617743846516, 
          424.6793586114295
        ], 
        [
          353.150702662837, 
          242.7389860440167
        ], 
        [
          191.44516113254062, 
          244.94429214810376
        ]
      ], 
      "projected_cuboid_centroid": [
        282.022541792427, 
        353.67016681846144
      ], 
      "quaternion_xyzw": [
        -0.260785091393892, 
        0.20524593816124806, 
        0.9399262583497454, 
        0.08002467144309575
      ], 
      "visibility": 0.29701151485281596
    }, 
    {
      "bounding_box": {
        "bottom_right": [
          383, 
          516
        ], 
        "top_left": [
          195, 
          330
        ]
      }, 
      "class": "035_power_drill", 
      "cuboid": [
        [
          4.804163848043623, 
          8.492350906953597, 
          52.26334249865282
        ], 
        [
          -12.092478617164726, 
          9.578230631382336, 
          44.968557538293695
        ], 
        [
          -15.754693583407487, 
          -7.766690364724008, 
          50.86930644912665
        ], 
        [
          1.1419488818008625, 
          -8.852570089152751, 
          58.16409140948578
        ], 
        [
          2.8097229631932357, 
          10.591360834501584, 
          57.19544566512632
        ], 
        [
          -14.08691950201511, 
          11.677240558930324, 
          49.9006607047672
        ], 
        [
          -17.74913446825787, 
          -5.667680437176021, 
          55.80140961560015
        ], 
        [
          -0.8524920030495243, 
          -6.753560161604763, 
          63.096194575959274
        ]
      ], 
      "cuboid_centroid": [
        -6.472485310107125, 
        1.4123352348887876, 
        54.032376057126484
      ], 
      "location": [
        -6.472485310107125, 
        1.4123352348887876, 
        54.032376057126484
      ], 
      "pose_transform_permuted": [
        [
          0.3487272412267833, 
          -0.3670110991514045, 
          -0.8623763901727317, 
          0.0
        ], 
        [
          0.9164976572927296, 
          -0.0588996438546789, 
          0.395679398459766, 
          0.0
        ], 
        [
          0.19601228187973668, 
          0.9283500763360689, 
          -0.3158250592805501, 
          0.0
        ], 
        [
          -6.472485310107125, 
          1.4123352348887876, 
          54.032376057126484, 
          1.0
        ]
      ], 
      "projected_cuboid": [
        [
          531.0295456763386, 
          359.9464573303811
        ], 
        [
          336.98714068593176, 
          386.8827538150408
        ], 
        [
          315.04659077978835, 
          191.85967457262484
        ], 
        [
          492.1551128098129, 
          192.11533981551122
        ], 
        [
          508.0146954116774, 
          372.0458024610488
        ], 
        [
          329.7866857691935, 
          398.08851413809475
        ], 
        [
          310.5468047746751, 
          219.1179248742687
        ], 
        [
          474.331345276357, 
          216.20217791004913
        ]
      ], 
      "projected_cuboid_centroid": [
        417.17884507771805, 
        287.226810346516
      ], 
      "quaternion_xyzw": [
        0.962707656015253, 
        -0.06619660811401525, 
        0.19331066784275036, 
        0.17732178459509831
      ], 
      "visibility": 0.9270670147954744
    }, 
    {
      "bounding_box": {
        "bottom_right": [
          235, 
          326
        ], 
        "top_left": [
          163, 
          236
        ]
      }, 
      "class": "061_foam_brick", 
      "cuboid": [
        [
          -22.55960595612872, 
          -10.529327435214908, 
          49.57274847889499
        ], 
        [
          -15.622969949490905, 
          -10.84414163691139, 
          53.09802408363702
        ], 
        [
          -14.409202667611664, 
          -6.282355665348489, 
          51.11708766753923
        ], 
        [
          -21.345838674249478, 
          -5.96754146365201, 
          47.59181206279719
        ], 
        [
          -24.597602951842696, 
          -8.153555910385114, 
          53.79504813055044
        ], 
        [
          -17.66096694520488, 
          -8.468370112081594, 
          57.320323735292476
        ], 
        [
          -16.44719966332564, 
          -3.906584140518695, 
          55.339387319194685
        ], 
        [
          -23.383835669963453, 
          -3.5917699388222153, 
          51.81411171445265
        ]
      ], 
      "cuboid_centroid": [
        -19.50340280972718, 
        -7.217955787866802, 
        52.45606789904483
      ], 
      "location": [
        -19.50340280972718, 
        -7.217955787866802, 
        52.45606789904483
      ], 
      "pose_transform_permuted": [
        [
          0.387746761690159, 
          -0.45201132151115764, 
          -0.8033294554692564, 
          0.0
        ], 
        [
          -0.890751240793251, 
          0.040426099987390884, 
          -0.4526896922452437, 
          0.0
        ], 
        [
          -0.23709634291586823, 
          -0.8910956714436147, 
          0.38695455613078733, 
          0.0
        ], 
        [
          -19.50340280972718, 
          -7.217955787866802, 
          52.45606789904483, 
          1.0
        ]
      ], 
      "projected_cuboid": [
        [
          236.87099052118703, 
          160.00864455956767
        ], 
        [
          323.3713867837885, 
          164.36736071531396
        ], 
        [
          330.00880236514195, 
          207.740876879459
        ], 
        [
          240.39961365856348, 
          206.4135489523145
        ], 
        [
          235.70629937237715, 
          192.45287037440303
        ], 
        [
          315.9065788146101, 
          194.4951543323999
        ], 
        [
          321.7703597477261, 
          235.6378048390324
        ], 
        [
          238.9028492041496, 
          236.31666272474916
        ]
      ], 
      "projected_cuboid_centroid": [
        281.6539800299023, 
        199.90175474641566
      ], 
      "quaternion_xyzw": [
        0.07328462190731225, 
        0.9467280982027155, 
        -0.2215435137170461, 
        0.22193184493280102
      ], 
      "visibility": 0.9796387520525451
    }
  ]
}