{
  "camera_data": {
    "location_worldframe": [
      -25.965952726599145, 
      -8.266697182699783, 
      87.0284385781895
    ], 
    "quaternion_xyzw_worldframe": [
      0.9476969886415727, 
      0.0222371875448973, 
      -0.020380791600753737, 
      -0.317747278514938
    ]
  }, 
  "objects": [
    {
      "bounding_box": {
        "bottom_right": [
          336, 
          272
        ], 
        "top_left": [
          206, 
          80
        ]
      }, 
      "class": "003_cracker_box", 
      "cuboid": [
        [
          -33.13657668512894, 
          3.184472888930846, 
          64.77522722824628
        ], 
        [
          -49.53757268817997, 
          3.0450799201845546, 
          65.03216184118197
        ], 
        [
          -49.16587765141632, 
          -10.877911138697641, 
          81.20515506817392
        ], 
        [
          -32.76488164836528, 
          -10.73851816995135, 
          80.94822045523823
        ], 
        [
          -33.10944720399054, 
          8.626146515169605, 
          69.45922655272247
        ], 
        [
          -49.510443207041575, 
          8.486753546423314, 
          69.71616116565816
        ], 
        [
          -49.13874817027792, 
          -5.436237512458881, 
          85.88915439265011
        ], 
        [
          -32.737752167226894, 
          -5.29684454371259, 
          85.63221977971442
        ]
      ], 
      "cuboid_centroid": [
        -41.13766242770343, 
        -1.1258823117640175, 
        75.3321908104482
      ], 
      "location": [
        -41.13766242770343, 
        -1.1258823117640175, 
        75.3321908104482
      ], 
      "pose_transform_permuted": [
        [
          -0.003778479357522263, 
          -0.757893280827265, 
          -0.652367609535168, 
          0.0
        ], 
        [
          0.9998412123199792, 
          0.008497705556067853, 
          -0.015663305742944555, 
          0.0
        ], 
        [
          -0.017414742038266373, 
          0.6523232050733494, 
          -0.7577408283064693, 
          0.0
        ], 
        [
          -41.13766242770343, 
          -1.1258823117640175, 
          75.3321908104482, 
          1.0
        ]
      ], 
      "projected_cuboid": [
        [
          206.49716782764733, 
          299.5055390782593
        ], 
        [
          71.96092340634665, 
          298.2588087437344
        ], 
        [
          156.00641067440094, 
          201.8452233334607
        ], 
        [
          263.9298455372549, 
          202.5368414215078
        ], 
        [
          225.25863516935914, 
          339.5195367084152
        ], 
        [
          99.69229381187533, 
          338.20910095933317
        ], 
        [
          173.93248869711476, 
          239.53079845104338
        ], 
        [
          276.0064025810299, 
          240.29765912903457
        ]
      ], 
      "projected_cuboid_centroid": [
        187.93304057010383, 
        265.31577437095405
      ], 
      "quaternion_xyzw": [
        0.9089185919168582, 
        0.007127274055338205, 
        -0.005347504516181474, 
        0.416878398850151
      ], 
      "visibility": 0.5671609126224216
    }, 
    {
      "bounding_box": {
        "bottom_right": [
          367, 
          313
        ], 
        "top_left": [
          267, 
          227
        ]
      }, 
      "class": "006_mustard_bottle", 
      "cuboid": [
        [
          -27.94774051468395, 
          11.724248978704207, 
          73.27128908456743
        ], 
        [
          -37.2041731431975, 
          9.454522704130143, 
          72.0995956765022
        ], 
        [
          -36.23476390028608, 
          -2.2815628623474598, 
          87.17557912304608
        ], 
        [
          -26.978331271772532, 
          -0.011836587773395024, 
          88.3472725311113
        ], 
        [
          -29.4688349991015, 
          16.11330772617351, 
          76.78581483719947
        ], 
        [
          -38.725267627615054, 
          13.843581451599446, 
          75.61412142913424
        ], 
        [
          -37.755858384703636, 
          2.1074958851218426, 
          90.69010487567812
        ], 
        [
          -28.49942575619008, 
          4.377222159695908, 
          91.86179828374334
        ]
      ], 
      "cuboid_centroid": [
        -32.85179944969379, 
        6.915872431913026, 
        81.98069698012277
      ], 
      "location": [
        -32.85179944969379, 
        6.915872431913026, 
        81.98069698012277
      ], 
      "pose_transform_permuted": [
        [
          0.2611365766225976, 
          -0.7534993964220918, 
          -0.6033624031223243, 
          0.0
        ], 
        [
          0.9639707569145682, 
          0.236370731868158, 
          0.12202089366104073, 
          0.0
        ], 
        [
          -0.050674551112143036, 
          0.613487928079615, 
          -0.7880765521002152, 
          0.0
        ], 
        [
          -32.85179944969379, 
          6.915872431913026, 
          81.98069698012277, 
          1.0
        ]
      ], 
      "projected_cuboid": [
        [
          276.4786739403101, 
          358.6238052308281
        ], 
        [
          204.10500493686277, 
          343.22149476361506
        ], 
        [
          258.07400890289284, 
          259.3284757928443
        ], 
        [
          317.3817469615907, 
          273.2150849090696
        ], 
        [
          275.21416955867096, 
          385.2022945342724
        ], 
        [
          206.18481650173163, 
          370.9277318460262
        ], 
        [
          257.716612358791, 
          285.680049142646
        ], 
        [
          314.75986379247934, 
          298.69925949648587
        ]
      ], 
      "projected_cuboid_centroid": [
        266.10102776755036, 
        318.2772533390634
      ], 
      "quaternion_xyzw": [
        0.8917428284147436, 
        0.08047311226785617, 
        0.10741815299058238, 
        0.4321806409317515
      ], 
      "visibility": 0.852894033837934
    }, 
    {
      "bounding_box": {
        "bottom_right": [
          244, 
          250
        ], 
        "top_left": [
          187, 
          143
        ]
      }, 
      "class": "008_pudding_box", 
      "cuboid": [
        [
          -34.20195031458911, 
          -6.525123185274892, 
          71.86904415426399
        ], 
        [
          -45.553255457614355, 
          -7.033278206542174, 
          71.62000478595475
        ], 
        [
          -45.44193323103559, 
          -12.866538499263697, 
          78.44873764213227
        ], 
        [
          -34.09062808801035, 
          -12.358383477996412, 
          78.6977770104415
        ], 
        [
          -34.38747126174286, 
          -3.604868408544014, 
          74.36661504742001
        ], 
        [
          -45.7387764047681, 
          -4.113023429811296, 
          74.11757567911079
        ], 
        [
          -45.62745417818934, 
          -9.946283722532817, 
          80.9463085352883
        ], 
        [
          -34.2761490351641, 
          -9.438128701265535, 
          81.19534790359754
        ]
      ], 
      "cuboid_centroid": [
        -39.914702246389226, 
        -8.235703453903854, 
        76.40767634477615
      ], 
      "location": [
        -39.914702246389226, 
        -8.235703453903854, 
        76.40767634477615
      ], 
      "pose_transform_permuted": [
        [
          0.04822358301462409, 
          -0.7590795045522651, 
          -0.6492087235906793, 
          0.0
        ], 
        [
          0.9987598174357271, 
          0.04471070153389407, 
          0.02191206305291421, 
          0.0
        ], 
        [
          -0.012394338185256528, 
          0.6494606064985978, 
          -0.7602940310967674, 
          0.0
        ], 
        [
          -39.914702246389226, 
          -8.235703453903854, 
          76.40767634477615, 
          1.0
        ]
      ], 
      "projected_cuboid": [
        [
          225.67912229489215, 
          224.8654685451763
        ], 
        [
          139.55713551454542, 
          220.91311225143076
        ], 
        [
          170.09382090313227, 
          185.81569835383291
        ], 
        [
          248.64623074960153, 
          189.5361682056825
        ], 
        [
          232.93246742456964, 
          247.43425311132782
        ], 
        [
          149.73694085214518, 
          243.69091344755915
        ], 
        [
          178.47264593148415, 
          207.75485426431254
        ], 
        [
          254.58308250200355, 
          211.2935914046089
        ]
      ], 
      "projected_cuboid_centroid": [
        200.6738467559936, 
        215.8019743449512
      ], 
      "quaternion_xyzw": [
        0.9079412353678242, 
        0.01572377084955731, 
        0.019311725069719135, 
        0.4183567934970773
      ], 
      "visibility": 0.29824914469712216
    }, 
    {
      "bounding_box": {
        "bottom_right": [
          406, 
          247
        ], 
        "top_left": [
          246, 
          77
        ]
      }, 
      "class": "019_pitcher_base", 
      "cuboid": [
        [
          -56.76047109537552, 
          18.392323364965357, 
          75.60621764130666
        ], 
        [
          -38.094745421010074, 
          20.7551716689461, 
          76.93858652629288
        ], 
        [
          -37.501413616340024, 
          5.467094524668413, 
          95.73851403427828
        ], 
        [
          -56.16713929070547, 
          3.104246220687669, 
          94.40614514929209
        ], 
        [
          -54.87413926931222, 
          8.198742808265848, 
          67.25727765060053
        ], 
        [
          -36.20841359494678, 
          10.561591112246592, 
          68.58964653558672
        ], 
        [
          -35.615081790276726, 
          -4.726486032031095, 
          87.38957404357215
        ], 
        [
          -54.280807464642166, 
          -7.089334336011841, 
          86.05720515858593
        ]
      ], 
      "cuboid_centroid": [
        -46.18777644282612, 
        6.832918666467131, 
        81.4978958424394
      ], 
      "location": [
        -46.18777644282612, 
        6.832918666467131, 
        81.4978958424394
      ], 
      "pose_transform_permuted": [
        [
          -0.14171651062121365, 
          0.7658242559828538, 
          0.6272399301760386, 
          0.0
        ], 
        [
          -0.9896047262909109, 
          -0.12527162832672986, 
          -0.07063848300074854, 
          0.0
        ], 
        [
          -0.02447869660725957, 
          0.6307300555567931, 
          -0.7756161360039737, 
          0.0
        ], 
        [
          -46.18777644282612, 
          6.832918666467131, 
          81.4978958424394, 
          1.0
        ]
      ], 
      "projected_cuboid": [
        [
          77.87711136532036, 
          403.0243629456245
        ], 
        [
          215.33297093055586, 
          417.15634379525983
        ], 
        [
          270.9513215250257, 
          303.7414557589293
        ], 
        [
          161.65320901043876, 
          290.8230584892866
        ], 
        [
          42.84399077550133, 
          338.29883478813963
        ], 
        [
          197.7119208648106, 
          355.40831078697056
        ], 
        [
          262.434661131087, 
          244.4418206561141
        ], 
        [
          142.40100690221698, 
          229.35203155544428
        ]
      ], 
      "projected_cuboid_centroid": [
        176.82694003167578, 
        318.00093578733464
      ], 
      "quaternion_xyzw": [
        -0.05891866622363945, 
        0.42767824956726186, 
        0.9010514291681334, 
        -0.04154877293525897
      ], 
      "visibility": 0.22244897959183674
    }, 
    {
      "bounding_box": {
        "bottom_right": [
          266, 
          286
        ], 
        "top_left": [
          152, 
          102
        ]
      }, 
      "class": "035_power_drill", 
      "cuboid": [
        [
          -25.394092896605557, 
          -3.6867871186496295, 
          57.69897767764027
        ], 
        [
          -43.783233578395475, 
          -4.596690836192364, 
          58.648255930330286
        ], 
        [
          -42.45110406512764, 
          -17.132897457389813, 
          72.43759583619111
        ], 
        [
          -24.06196338333772, 
          -16.222993739847077, 
          71.48831758350109
        ], 
        [
          -25.40482893955937, 
          0.5444882434499032, 
          61.54676565403877
        ], 
        [
          -43.79396962134929, 
          -0.36541547409283115, 
          62.496043906728794
        ], 
        [
          -42.46184010808145, 
          -12.90162209529028, 
          76.2853838125896
        ], 
        [
          -24.072699426291532, 
          -11.991718377747546, 
          75.3361055598996
        ]
      ], 
      "cuboid_centroid": [
        -33.9279665023435, 
        -8.294204606969954, 
        66.99218074511494
      ], 
      "location": [
        -33.9279665023435, 
        -8.294204606969954, 
        66.99218074511494
      ], 
      "pose_transform_permuted": [
        [
          0.0018771930867511, 
          -0.7398369112386693, 
          -0.6727842855746984, 
          0.0
        ], 
        [
          0.9974528601874556, 
          0.04935445768039328, 
          -0.051490187858372546, 
          0.0
        ], 
        [
          -0.07129940433913437, 
          0.6709738474084675, 
          -0.7380451463055716, 
          0.0
        ], 
        [
          -33.9279665023435, 
          -8.294204606969954, 
          66.99218074511494, 
          1.0
        ]
      ], 
      "projected_cuboid": [
        [
          244.91992203709336, 
          239.209057781627
        ], 
        [
          80.13504385197851, 
          231.48639913950728
        ], 
        [
          166.4475114699123, 
          147.14610461928962
        ], 
        [
          300.59325556663146, 
          152.25920720088607
        ], 
        [
          259.62272589014333, 
          278.00467775616505
        ], 
        [
          104.76007929375389, 
          270.1682089457874
        ], 
        [
          182.26777953102948, 
          183.0898662966517
        ], 
        [
          309.76138066026033, 
          188.39472947613507
        ]
      ], 
      "projected_cuboid_centroid": [
        209.2482758494548, 
        207.25701491582046
      ], 
      "quaternion_xyzw": [
        0.9139489856073233, 
        0.0330034454656549, 
        -0.013571051435286996, 
        0.4042572618432804
      ], 
      "visibility": 0.7156853767969966
    }, 
    {
      "bounding_box": {
        "bottom_right": [
          188, 
          195
        ], 
        "top_left": [
          137, 
          114
        ]
      }, 
      "class": "061_foam_brick", 
      "cuboid": [
        [
          -48.773048176234646, 
          -19.62079538624506, 
          75.51400475866774
        ], 
        [
          -41.01967583567089, 
          -18.89406668298257, 
          75.48796824587086
        ], 
        [
          -41.32256508974869, 
          -15.808529431168921, 
          71.4142783562296
        ], 
        [
          -49.07593743031245, 
          -16.535258134431412, 
          71.4403148690265
        ], 
        [
          -49.152769093612775, 
          -15.455561942371753, 
          78.69711311749657
        ], 
        [
          -41.39939675304902, 
          -14.728833239109262, 
          78.67107660469968
        ], 
        [
          -41.70228600712682, 
          -11.643295987295614, 
          74.59738671505842
        ], 
        [
          -49.45565834769058, 
          -12.370024690558107, 
          74.6234232278553
        ]
      ], 
      "cuboid_centroid": [
        -45.237667091680734, 
        -15.632045686770338, 
        75.05569573686309
      ], 
      "location": [
        -45.237667091680734, 
        -15.632045686770338, 
        75.05569573686309
      ], 
      "pose_transform_permuted": [
        [
          0.07224522723489368, 
          -0.7924721100874913, 
          -0.6056142186864981, 
          0.0
        ], 
        [
          -0.9956304505642836, 
          -0.09332109880519712, 
          0.0033434154621288514, 
          0.0
        ], 
        [
          0.059166147846047346, 
          -0.6027264116091724, 
          0.795751368015029, 
          0.0
        ], 
        [
          -45.237667091680734, 
          -15.632045686770338, 
          75.05569573686309, 
          1.0
        ]
      ], 
      "projected_cuboid": [
        [
          134.26559816060308, 
          134.71417050707709
        ], 
        [
          189.37956477208255, 
          139.8006858393323
        ], 
        [
          170.42976276632388, 
          155.22893772502474
        ], 
        [
          112.17997820371284, 
          149.84675482748938
        ], 
        [
          145.7195565914063, 
          168.5463063991802
        ], 
        [
          198.60734918528635, 
          173.43821325150776
        ], 
        [
          180.970065077836, 
          190.0450460723189
        ], 
        [
          125.20128360268579, 
          184.88029599436655
        ]
      ], 
      "projected_cuboid_centroid": [
        157.47523698774887, 
        162.2106761439964
      ], 
      "quaternion_xyzw": [
        -0.04259505990441286, 
        0.894981994352394, 
        -0.4436467683497235, 
        0.01924670334363038
      ], 
      "visibility": 0.8201438848920863
    }
  ]
}