{
  "camera_data": {
    "location_worldframe": [
      -20.962630299679358, 
      -19.346551012711156, 
      62.69183765744384
    ], 
    "quaternion_xyzw_worldframe": [
      0.8918493290342141, 
      -0.000919072076301371, 
      0.11669411213036884, 
      -0.4370242364871318
    ]
  }, 
  "objects": [
    {
      "bounding_box": {
        "bottom_right": [
          323, 
          241
        ], 
        "top_left": [
          94, 
          0
        ]
      }, 
      "class": "003_cracker_box", 
      "cuboid": [
        [
          -21.146334164055713, 
          -1.7644107143943906, 
          43.49316523016225
        ], 
        [
          -37.0171584369225, 
          0.706068331642755, 
          40.16273194453255
        ], 
        [
          -42.09969322979049, 
          -16.636705880001173, 
          51.51832835641776
        ], 
        [
          -26.228868956923705, 
          -19.107184926038318, 
          54.84876164204745
        ], 
        [
          -21.755517277329627, 
          2.2786632773878073, 
          49.39527046189261
        ], 
        [
          -37.626341550196415, 
          4.749142323424953, 
          46.06483717626292
        ], 
        [
          -42.708876343064404, 
          -12.593631888218976, 
          57.42043358814812
        ], 
        [
          -26.83805207019762, 
          -15.064110934256119, 
          60.750866873777824
        ]
      ], 
      "cuboid_centroid": [
        -31.92760525356006, 
        -7.179021301306683, 
        50.45679940915518
      ], 
      "location": [
        -31.92760525356006, 
        -7.179021301306683, 
        50.45679940915518
      ], 
      "pose_transform_permuted": [
        [
          0.08484444677415504, 
          -0.5631022407305157, 
          -0.8220202469135782, 
          0.0
        ], 
        [
          0.9675207638943719, 
          -0.15060590002835084, 
          0.20303062406913275, 
          0.0
        ], 
        [
          0.23812809847819022, 
          0.8125476782078224, 
          -0.532035035833392, 
          0.0
        ], 
        [
          -31.92760525356006, 
          -7.179021301306683, 
          50.45679940915518, 
          1.0
        ]
      ], 
      "projected_cuboid": [
        [
          220.13673246376348, 
          251.65107452956067
        ], 
        [
          -14.048891378230225, 
          282.6623958997192
        ], 
        [
          42.14763618327153, 
          101.06276193265609
        ], 
        [
          224.43644174667807, 
          87.4986442303969
        ], 
        [
          244.74576184738498, 
          297.88921224397234
        ], 
        [
          42.34461866376627, 
          328.2701384803987
        ], 
        [
          81.61233362548003, 
          156.31719293242662
        ], 
        [
          244.0278054061943, 
          141.04175238860435
        ]
      ], 
      "projected_cuboid_centroid": [
        141.3155315852497, 
        197.40553298659717
      ], 
      "quaternion_xyzw": [
        0.948958467085859, 
        -0.10241069867375176, 
        0.07583974452731283, 
        0.28851032857290027
      ], 
      "visibility": 0.5416163490300527
    }, 
    {
      "bounding_box": {
        "bottom_right": [
          325, 
          306
        ], 
        "top_left": [
          178, 
          213
        ]
      }, 
      "class": "006_mustard_bottle", 
      "cuboid": [
        [
          -17.434352064348968, 
          3.4618756134596564, 
          54.93610634466945
        ], 
        [
          -26.278617971747863, 
          3.0864594073960148, 
          51.21534149834389
        ], 
        [
          -30.29332609596272, 
          -11.993947327704934, 
          62.27988789508678
        ], 
        [
          -21.449060188563827, 
          -11.618531121641293, 
          66.00065274141234
        ], 
        [
          -19.34531693639385, 
          7.038583874360005, 
          59.117592642553696
        ], 
        [
          -28.189582843792742, 
          6.663167668296363, 
          55.396827796228145
        ], 
        [
          -32.204290968007605, 
          -8.417239066804585, 
          66.46137419297104
        ], 
        [
          -23.36002506060871, 
          -8.041822860740943, 
          70.18213903929659
        ]
      ], 
      "cuboid_centroid": [
        -24.819321516178285, 
        -2.477681726672465, 
        60.69874026882024
      ], 
      "location": [
        -24.819321516178285, 
        -2.477681726672465, 
        60.69874026882024
      ], 
      "pose_transform_permuted": [
        [
          0.3280682625858856, 
          -0.6140376948292765, 
          -0.7178640302820579, 
          0.0
        ], 
        [
          0.9210474535132132, 
          0.03909608148633813, 
          0.3874828078114078, 
          0.0
        ], 
        [
          0.20986341272119682, 
          0.788307773499958, 
          -0.5783841303498493, 
          0.0
        ], 
        [
          -24.819321516178285, 
          -2.477681726672465, 
          60.69874026882024, 
          1.0
        ]
      ], 
      "projected_cuboid": [
        [
          310.9339508333814, 
          306.8944177896082
        ], 
        [
          205.67007593504718, 
          305.42669748189144
        ], 
        [
          220.02529520304316, 
          170.57911178690472
        ], 
        [
          306.8331492541334, 
          179.40276687492977
        ], 
        [
          305.6221199062607, 
          336.78395812649666
        ], 
        [
          207.94704374406922, 
          337.4345757811236
        ], 
        [
          221.02001795358007, 
          205.74236687347667
        ], 
        [
          302.60308138522095, 
          212.17609485821967
        ]
      ], 
      "projected_cuboid_centroid": [
        261.7088473813102, 
        251.51679152792448
      ], 
      "quaternion_xyzw": [
        0.9256375177810195, 
        -0.04612154540911165, 
        0.19325898546999398, 
        0.32205420649912014
      ], 
      "visibility": 0.6494122108456579
    }, 
    {
      "bounding_box": {
        "bottom_right": [
          167, 
          207
        ], 
        "top_left": [
          71, 
          53
        ]
      }, 
      "class": "008_pudding_box", 
      "cuboid": [
        [
          -24.916015356340974, 
          -12.614122605741883, 
          47.20905149393534
        ], 
        [
          -35.834113139739365, 
          -11.192594072755965, 
          44.390050251520506
        ], 
        [
          -38.01957377503912, 
          -18.46438046514633, 
          49.187528253222226
        ], 
        [
          -27.10147599164073, 
          -19.885908998132248, 
          52.00652949563707
        ], 
        [
          -25.431546927030734, 
          -10.407926949648129, 
          50.31824661097893
        ], 
        [
          -36.349644710429125, 
          -8.986398416662208, 
          47.499245368564104
        ], 
        [
          -38.53510534572887, 
          -16.258184809052572, 
          52.29672337026583
        ], 
        [
          -27.617007562330485, 
          -17.679713342038493, 
          55.11572461268066
        ]
      ], 
      "cuboid_centroid": [
        -31.725560351034925, 
        -14.436153707397228, 
        49.752887432100586
      ], 
      "location": [
        -31.725560351034925, 
        -14.436153707397228, 
        49.752887432100586
      ], 
      "pose_transform_permuted": [
        [
          0.13400524241186698, 
          -0.5734697941142487, 
          -0.8081919111331283, 
          0.0
        ], 
        [
          0.9606434864974671, 
          -0.1250750957881758, 
          0.24803360765570673, 
          0.0
        ], 
        [
          0.2433237192332415, 
          0.8096225033233845, 
          -0.534139197686173, 
          0.0
        ], 
        [
          -31.725560351034925, 
          -14.436153707397228, 
          49.752887432100586, 
          1.0
        ]
      ], 
      "projected_cuboid": [
        [
          197.77572335405165, 
          130.78508122100445
        ], 
        [
          47.48409674395816, 
          138.81429540312072
        ], 
        [
          65.93156453322199, 
          73.08506328057597
        ], 
        [
          201.35920743557577, 
          69.35936189957552
        ], 
        [
          209.8035990118231, 
          162.97364680746205
        ], 
        [
          70.06356294011762, 
          172.38762431246204
        ], 
        [
          85.34293035021622, 
          107.4863159657422
        ], 
        [
          212.13798003668887, 
          102.21127014413366
        ]
      ], 
      "projected_cuboid_centroid": [
        138.68501548817758, 
        118.5400724957715
      ], 
      "quaternion_xyzw": [
        0.9458406183065383, 
        -0.09737338614221537, 
        0.10097865398072761, 
        0.2927578310665908
      ], 
      "visibility": 0.5706703063390961
    }, 
    {
      "bounding_box": {
        "bottom_right": [
          393, 
          223
        ], 
        "top_left": [
          160, 
          0
        ]
      }, 
      "class": "019_pitcher_base", 
      "cuboid": [
        [
          -45.102210793014095, 
          13.94428220574847, 
          52.76825820267679
        ], 
        [
          -27.228829414952383, 
          12.839137415553203, 
          58.69181009415462
        ], 
        [
          -32.892733712939126, 
          -6.490239219111666, 
          72.17550419940058
        ], 
        [
          -50.76611509100084, 
          -5.385094428916399, 
          66.25195230792275
        ], 
        [
          -42.20251783437947, 
          5.950983175183119, 
          42.527599891515266
        ], 
        [
          -24.329136456317755, 
          4.845838384987853, 
          48.451151782993094
        ], 
        [
          -29.993040754304506, 
          -14.483538249677014, 
          61.93484588823905
        ], 
        [
          -47.86642213236622, 
          -13.378393459481746, 
          56.011293996761225
        ]
      ], 
      "cuboid_centroid": [
        -37.5476257736593, 
        -0.269628021964273, 
        57.35155204545792
      ], 
      "location": [
        -37.5476257736593, 
        -0.269628021964273, 
        57.35155204545792
      ], 
      "pose_transform_permuted": [
        [
          -0.2178483988303406, 
          0.6005213034695623, 
          0.7693611178424994, 
          0.0
        ], 
        [
          -0.9475968411354638, 
          0.058591695104304675, 
          -0.31405020359248365, 
          0.0
        ], 
        [
          0.23367194178992512, 
          0.7974592673496327, 
          -0.5562878216699633, 
          0.0
        ], 
        [
          -37.5476257736593, 
          -0.269628021964273, 
          57.35155204545792, 
          1.0
        ]
      ], 
      "projected_cuboid": [
        [
          21.95813244335673, 
          414.2189664316384
        ], 
        [
          232.11277676866732, 
          389.95295879475157
        ], 
        [
          236.52044878305253, 
          225.3288310916454
        ], 
        [
          69.53087225054557, 
          229.93722952907888
        ], 
        [
          -52.05626688714669, 
          347.915152682082
        ], 
        [
          211.56563146326422, 
          326.6264568995982
        ], 
        [
          221.17536510322404, 
          148.56911160566582
        ], 
        [
          22.031905563557178, 
          145.90224252625535
        ]
      ], 
      "projected_cuboid_centroid": [
        129.527048741303, 
        270.7792317419935
      ], 
      "quaternion_xyzw": [
        -0.1418639977048901, 
        0.3085354357508413, 
        0.9373389496771691, 
        0.07795036069793344
      ], 
      "visibility": 0.2434805819142475
    }, 
    {
      "bounding_box": {
        "bottom_right": [
          209, 
          303
        ], 
        "top_left": [
          8, 
          19
        ]
      }, 
      "class": "035_power_drill", 
      "cuboid": [
        [
          -12.597229059951779, 
          -7.848559467390848, 
          36.627726378282816
        ], 
        [
          -30.63263858299252, 
          -5.9612745950411785, 
          33.30331543231052
        ], 
        [
          -34.05465705279108, 
          -21.548708231771712, 
          43.01921182645339
        ], 
        [
          -16.019247529750338, 
          -23.435993104121376, 
          46.34362277242569
        ], 
        [
          -13.15316158074877, 
          -4.750195932957009, 
          41.40269875565388
        ], 
        [
          -31.18857110378952, 
          -2.8629110606073414, 
          38.078287809681584
        ], 
        [
          -34.61058957358808, 
          -18.450344697337872, 
          47.79418420382446
        ], 
        [
          -16.57518005054733, 
          -20.337629569687543, 
          51.118595149796754
        ]
      ], 
      "cuboid_centroid": [
        -23.60390931676993, 
        -13.14945208236436, 
        42.21095529105364
      ], 
      "location": [
        -23.60390931676993, 
        -13.14945208236436, 
        42.21095529105364
      ], 
      "pose_transform_permuted": [
        [
          0.09720459290540952, 
          -0.5417477027712609, 
          -0.8349021305886529, 
          0.0
        ], 
        [
          0.978265984512445, 
          -0.10236898648438968, 
          0.1803207264482025, 
          0.0
        ], 
        [
          0.18315627429920708, 
          0.8342842962381098, 
          -0.5200227294895529, 
          0.0
        ], 
        [
          -23.60390931676993, 
          -13.14945208236436, 
          42.21095529105364, 
          1.0
        ]
      ], 
      "projected_cuboid": [
        [
          296.6460174638147, 
          159.00725074386722
        ], 
        [
          -13.042296008466698, 
          177.82263473558578
        ], 
        [
          55.89496008165893, 
          6.14198548690933
        ], 
        [
          295.71227203975826, 
          3.5865593054343075
        ], 
        [
          310.75562080600497, 
          212.0979538773629
        ], 
        [
          41.133690303573644, 
          233.18897526720633
        ], 
        [
          92.17040518952632, 
          67.40520937909884
        ], 
        [
          307.2273432896805, 
          61.104335144860656
        ]
      ], 
      "projected_cuboid_centroid": [
        180.88525096561602, 
        107.14814440232004
      ], 
      "quaternion_xyzw": [
        0.9549152333243, 
        -0.0747514676746782, 
        0.07265705626756962, 
        0.2779750482575622
      ], 
      "visibility": 0.8968814121768888
    }, 
    {
      "bounding_box": {
        "bottom_right": [
          77, 
          105
        ], 
        "top_left": [
          0, 
          0
        ]
      }, 
      "class": "061_foam_brick", 
      "cuboid": [
        [
          -41.16104887991444, 
          -23.654733091817658, 
          43.847114835841644
        ], 
        [
          -33.61666634965485, 
          -24.21467192818416, 
          45.694371151626164
        ], 
        [
          -32.57977965217466, 
          -20.2150030506352, 
          42.671996886898874
        ], 
        [
          -40.12416218243424, 
          -19.655064214268698, 
          40.824740571114354
        ], 
        [
          -41.91202746038694, 
          -20.395960125283086, 
          47.90198429925919
        ], 
        [
          -34.36764493012735, 
          -20.955898961649588, 
          49.7492406150437
        ], 
        [
          -33.33075823264715, 
          -16.956230084100625, 
          46.72686635031641
        ], 
        [
          -40.87514076290674, 
          -16.396291247734126, 
          44.8796100345319
        ]
      ], 
      "cuboid_centroid": [
        -37.245903556280794, 
        -20.305481587959143, 
        45.28699059307903
      ], 
      "location": [
        -37.245903556280794, 
        -20.305481587959143, 
        45.28699059307903
      ], 
      "pose_transform_permuted": [
        [
          0.14288024628557905, 
          -0.6200100723968633, 
          -0.7714743970786125, 
          0.0
        ], 
        [
          -0.9687935324005734, 
          0.07190318373120785, 
          -0.23721092670476973, 
          0.0
        ], 
        [
          -0.20254462915661742, 
          -0.7812921619315996, 
          0.59038820356106, 
          0.0
        ], 
        [
          -37.245903556280794, 
          -20.305481587959143, 
          45.28699059307903, 
          1.0
        ]
      ], 
      "projected_cuboid": [
        [
          -23.22362679003513, 
          -14.429824652319063
        ], 
        [
          85.972113402199, 
          -9.333802640226088
        ], 
        [
          71.01789577294167, 
          20.637077274378868
        ], 
        [
          -46.93857781121928, 
          16.51991785567899
        ], 
        [
          11.07835024887106, 
          46.20690628109476
        ], 
        [
          110.1002865817407, 
          48.63604762150778
        ], 
        [
          98.00441962991982, 
          79.75570086495615
        ], 
        [
          -8.183922970519948, 
          78.44386428026074
        ]
      ], 
      "projected_cuboid_centroid": [
        39.317587019840815, 
        34.16022742825147
      ], 
      "quaternion_xyzw": [
        0.0731243850340634, 
        0.9382910118149359, 
        -0.3225007648790779, 
        0.10127219812516867
      ], 
      "visibility": 0.6628883590847454
    }
  ]
}